username: 51295, Experiment time (minutes): 18
Operating system: Mac OS 10.6.6
Manufacturer: Adobe Macintosh
Player type: PlugIn
Version: MAC 10,2,152,33

username	blkNum	trlNum	Rect1Height	Rect1Width	Rect2Height	Rect2Width	Rect3Height	Rect3Width	Effect	StimPosition	rawResp	response	RT
51295	0	1	50	80	80	50	32	125	Com1	2	50	3	2891
51295	0	2	85	60	80	50	65	60	Fill	4	50	1	1590
51295	0	3	50	85	85	50	80	50	Att2	5	49	2	1827
51295	1	1	54.000	  82.000	  80.000	  55.350	  54.000	  75.000	AttF1	6	51	1	1507
51295	1	2	58.000	  82.000	  77.000	  50.000	  60.000	  69.000	Fill	4	50	1	971
51295	1	3	49.000	  80.000	  81.000	  48.395	  73.000	  48.395	AttF2	3	49	2	1422
51295	1	4	50.000	  82.000	  81.000	  50.617	  43.000	  82.000	AttR1	1	49	1	1361
51295	1	5	49.000	  80.000	  81.000	  48.395	  81.000	  40.395	AttR2	5	51	1	813
51295	1	6	47.000	  80.000	  87.000	  59.000	  69.000	  58.000	Fill	2	51	2	880
51295	1	7	53.000	  84.000	  82.000	  54.293	  75.000	  54.293	AttF2	5	50	3	2168
51295	1	8	54.000	  82.000	  80.000	  55.350	  73.000	  55.350	AttF2	4	50	1	1162
51295	1	9	50.000	  82.000	  81.000	  50.617	  81.000	  42.617	AttR2	4	50	1	1528
51295	1	10	47.000	  81.000	  83.000	  45.867	  40.000	  81.000	AttR1	3	49	2	926
51295	1	11	47.000	  81.000	  83.000	  45.867	  78.000	  45.259	AttRF2	5	49	2	1778
51295	1	12	55.000	  82.000	  83.000	  54.337	  50.409	  77.000	AttRF1	5	51	1	1381
51295	1	13	50.000	  81.000	  82.000	  49.390	  82.000	  42.390	AttR2	6	50	2	1488
51295	1	14	51.000	  78.000	  79.000	  50.354	  75.000	  49.038	AttRF2	2	49	1	1376
51295	1	15	55.000	  82.000	  83.000	  54.337	  79.000	  52.988	AttRF2	2	51	2	1338
51295	1	16	50.000	  82.000	  81.000	  50.617	  74.000	  50.617	AttF2	5	49	2	1184
51295	1	17	61.000	  85.000	  78.000	  48.000	  57.000	  67.000	Fill	2	49	1	906
51295	1	18	48.000	  80.000	  81.000	  47.407	  39.000	  80.000	AttR1	3	50	1	1377
51295	1	19	50.000	  78.000	  86.000	  59.000	  68.000	  60.000	Fill	5	49	2	994
51295	1	20	52.000	  82.000	  84.000	  58.000	  70.000	  59.000	Fill	2	49	1	1957
51295	1	21	49.000	  80.000	  81.000	  48.395	  40.000	  80.000	AttR1	3	49	2	1626
51295	1	22	50.000	  80.000	  85.000	  60.000	  69.000	  60.000	Fill	2	51	2	1038
51295	1	23	51.000	  80.000	  82.000	  49.756	  73.000	  49.756	AttF2	1	49	1	1493
51295	1	24	53.000	  84.000	  82.000	  54.293	  53.000	  75.000	AttF1	4	51	2	1590
51295	1	25	50.000	  81.000	  82.000	  49.390	  77.000	  47.531	AttRF2	2	49	1	1673
51295	1	26	53.000	  84.000	  82.000	  54.293	  82.000	  46.293	AttR2	6	51	1	1136
51295	1	27	54.000	  82.000	  80.000	  55.350	  47.000	  82.000	AttR1	2	51	2	1664
51295	1	28	48.000	  80.000	  81.000	  47.407	  72.000	  47.407	AttF2	2	51	2	1485
51295	1	29	49.000	  80.000	  81.000	  48.395	  76.000	  46.550	AttRF2	3	49	2	1046
51295	1	30	59.000	  87.000	  80.000	  47.000	  58.000	  69.000	Fill	3	50	1	1326
51295	1	31	55.000	  82.000	  83.000	  54.337	  55.000	  74.000	AttF1	2	49	1	1275
51295	1	32	51.000	  80.000	  82.000	  49.756	  82.000	  40.756	AttR2	5	51	1	754
51295	1	33	54.000	  82.000	  80.000	  55.350	  53.966	  78.000	AttRF1	2	50	3	1200
51295	1	34	51.000	  80.000	  82.000	  49.756	  46.115	  76.000	AttRF1	6	51	1	1146
51295	1	35	52.000	  82.000	  85.000	  58.000	  68.000	  60.000	Fill	5	49	2	791
51295	1	36	50.000	  82.000	  81.000	  50.617	  48.743	  78.000	AttRF1	3	51	3	1145
51295	1	37	60.000	  86.000	  78.000	  48.000	  59.000	  66.000	Fill	6	51	1	912
51295	1	38	51.000	  80.000	  82.000	  49.756	  51.000	  73.000	AttF1	6	50	2	1093
51295	1	39	51.000	  78.000	  79.000	  50.354	  42.000	  78.000	AttR1	2	49	1	949
51295	1	40	50.000	  81.000	  82.000	  49.390	  45.776	  76.000	AttRF1	5	51	1	1234
51295	1	41	64.000	  84.000	  81.000	  50.000	  59.000	  68.000	Fill	5	51	1	722
51295	1	42	47.000	  81.000	  83.000	  45.867	  47.000	  73.000	AttF1	2	49	1	928
51295	1	43	51.000	  78.000	  79.000	  50.354	  51.000	  71.000	AttF1	4	50	1	1533
51295	1	44	51.000	  80.000	  82.000	  49.756	  77.000	  49.087	AttRF2	3	49	2	1674
51295	1	45	51.000	  78.000	  79.000	  50.354	  70.000	  50.354	AttF2	3	51	3	1082
51295	1	46	51.000	  79.000	  86.000	  62.000	  68.000	  59.000	Fill	2	51	2	746
51295	1	47	50.000	  82.000	  81.000	  50.617	  76.000	  46.341	AttRF2	1	49	1	967
51295	1	48	50.000	  81.000	  82.000	  49.390	  73.000	  49.390	AttF2	3	50	1	1746
51295	1	49	48.000	  79.000	  84.000	  64.000	  68.000	  59.000	Fill	2	51	2	720
51295	1	50	49.000	  80.000	  81.000	  48.395	  45.408	  76.000	AttRF1	3	50	1	910
51295	1	51	48.000	  80.000	  81.000	  47.407	  81.000	  39.407	AttR2	3	49	2	770
51295	1	52	48.000	  80.000	  81.000	  47.407	  44.481	  76.000	AttRF1	2	49	1	1437
51295	1	53	53.000	  84.000	  82.000	  54.293	  77.000	  48.583	AttRF2	2	49	1	901
51295	1	54	53.000	  84.000	  82.000	  54.293	  52.968	  80.000	AttRF1	1	49	1	898
51295	1	55	55.000	  82.000	  83.000	  54.337	  83.000	  45.337	AttR2	1	49	1	891
51295	1	56	51.000	  78.000	  79.000	  50.354	  79.000	  42.354	AttR2	1	50	2	1107
51295	1	57	48.000	  80.000	  81.000	  47.407	  48.000	  72.000	AttF1	1	51	3	945
51295	1	58	50.000	  81.000	  82.000	  49.390	  50.000	  74.000	AttF1	1	51	3	1757
51295	1	59	47.000	  81.000	  83.000	  45.867	  75.000	  45.867	AttF2	1	49	1	850
51295	1	60	50.000	  81.000	  85.000	  60.000	  68.000	  59.000	Fill	5	49	2	955
51295	1	61	51.000	  80.000	  82.000	  49.756	  44.000	  80.000	AttR1	5	51	1	760
51295	1	62	47.000	  84.000	  86.000	  60.000	  68.000	  59.000	Fill	1	50	2	782
51295	1	63	50.000	  81.000	  82.000	  49.390	  43.000	  81.000	AttR1	2	51	2	969
51295	1	64	48.000	  80.000	  81.000	  47.407	  77.000	  46.200	AttRF2	6	51	1	705
51295	1	65	47.000	  81.000	  83.000	  45.867	  41.999	  76.000	AttRF1	3	50	1	760
51295	1	66	60.000	  84.000	  79.000	  50.000	  56.000	  69.000	Fill	5	51	1	629
51295	1	67	57.000	  86.000	  82.000	  49.000	  59.000	  70.000	Fill	3	50	1	633
51295	1	68	50.000	  82.000	  81.000	  50.617	  50.000	  74.000	AttF1	4	50	1	906
51295	1	69	53.000	  84.000	  82.000	  54.293	  46.000	  84.000	AttR1	4	51	2	688
51295	1	70	51.000	  78.000	  79.000	  50.354	  46.530	  73.000	AttRF1	2	49	1	768
51295	1	71	49.000	  81.000	  85.000	  59.000	  68.000	  58.000	Fill	2	51	2	753
51295	1	72	60.000	  84.000	  80.000	  49.000	  60.000	  69.000	Fill	4	50	1	808
51295	1	73	47.000	  81.000	  83.000	  45.867	  83.000	  36.867	AttR2	6	51	1	866
51295	1	74	59.000	  85.000	  80.000	  49.000	  60.000	  69.000	Fill	4	50	1	602
51295	1	75	58.000	  86.000	  79.000	  50.000	  57.000	  66.000	Fill	3	50	1	573
51295	1	76	55.000	  82.000	  83.000	  54.337	  46.000	  82.000	AttR1	5	51	1	776
51295	1	77	55.000	  82.000	  83.000	  54.337	  76.000	  54.337	AttF2	1	51	3	898
51295	1	78	54.000	  82.000	  80.000	  55.350	  75.000	  49.390	AttRF2	2	51	2	730
51295	1	79	54.000	  82.000	  80.000	  55.350	  80.000	  46.350	AttR2	3	49	2	804
51295	1	80	49.000	  80.000	  81.000	  48.395	  49.000	  71.000	AttF1	6	51	1	714
51295	2	1	49.000	  82.000	  80.000	  50.225	  71.000	  50.225	AttF2	2	49	1	1090
51295	2	2	49.000	  83.000	  85.000	  60.000	  70.000	  59.000	Fill	3	49	2	552
51295	2	3	57.000	  86.000	  81.000	  50.000	  60.000	  68.000	Fill	5	51	1	622
51295	2	4	52.000	  82.000	  81.000	  52.642	  77.000	  48.829	AttRF2	1	50	2	616
51295	2	5	49.000	  78.000	  77.000	  49.636	  72.000	  45.231	AttRF2	2	49	1	2474
51295	2	6	50.000	  80.000	  78.000	  51.282	  74.000	  46.250	AttRF2	4	51	2	737
51295	2	7	61.000	  86.000	  81.000	  47.000	  60.000	  67.000	Fill	4	50	1	585
51295	2	8	50.000	  80.000	  81.000	  49.383	  76.000	  47.500	AttRF2	4	50	1	1066
51295	2	9	49.000	  80.000	  79.000	  49.620	  41.000	  80.000	AttR1	3	50	1	1786
51295	2	10	49.000	  82.000	  80.000	  50.225	  48.342	  77.000	AttRF1	6	51	1	766
51295	2	11	61.000	  85.000	  80.000	  49.000	  59.000	  67.000	Fill	5	51	1	490
51295	2	12	52.000	  80.000	  79.000	  52.658	  52.000	  72.000	AttF1	1	49	1	723
51295	2	13	49.000	  78.000	  79.000	  48.380	  49.000	  69.000	AttF1	3	50	1	553
51295	2	14	49.000	  78.000	  79.000	  48.380	  42.000	  78.000	AttR1	5	51	1	709
51295	2	15	52.000	  80.000	  79.000	  52.658	  74.000	  48.100	AttRF2	4	50	1	626
51295	2	16	50.000	  80.000	  78.000	  51.282	  49.967	  76.000	AttRF1	5	50	3	942
51295	2	17	49.000	  82.000	  80.000	  50.225	  80.000	  42.225	AttR2	4	51	2	723
51295	2	18	50.000	  80.000	  78.000	  51.282	  50.000	  73.000	AttF1	4	50	1	687
51295	2	19	52.000	  82.000	  81.000	  52.642	  50.042	  77.000	AttRF1	4	50	1	1632
51295	2	20	49.000	  78.000	  79.000	  48.380	  70.000	  48.380	AttF2	1	49	1	858
51295	2	21	50.000	  80.000	  87.000	  59.000	  66.000	  58.000	Fill	4	51	2	633
51295	2	22	50.000	  80.000	  81.000	  49.383	  45.725	  75.000	AttRF1	5	51	1	722
51295	2	23	49.000	  78.000	  77.000	  49.636	  47.058	  73.000	AttRF1	4	51	2	712
51295	2	24	52.000	  80.000	  79.000	  52.658	  70.000	  52.658	AttF2	1	50	2	829
51295	2	25	50.000	  80.000	  78.000	  51.282	  71.000	  51.282	AttF2	6	51	1	1320
51295	2	26	52.000	  80.000	  79.000	  52.658	  79.000	  43.658	AttR2	5	51	1	845
51295	2	27	51.000	  79.000	  85.000	  59.000	  68.000	  60.000	Fill	4	49	3	741
51295	2	28	49.000	  80.000	  79.000	  49.620	  47.108	  75.000	AttRF1	5	49	2	762
51295	2	29	50.000	  80.000	  80.000	  50.000	  50.000	  71.000	AttF1	5	51	1	752
51295	2	30	60.000	  86.000	  78.000	  51.000	  62.000	  67.000	Fill	3	50	1	701
51295	2	31	61.000	  82.000	  80.000	  53.000	  58.000	  67.000	Fill	4	50	1	562
51295	2	32	49.000	  78.000	  79.000	  48.380	  79.000	  41.380	AttR2	6	51	1	832
51295	2	33	50.000	  80.000	  80.000	  50.000	  80.000	  41.000	AttR2	4	50	1	535
51295	2	34	50.000	  80.000	  80.000	  50.000	  46.875	  75.000	AttRF1	4	50	1	633
51295	2	35	52.000	  80.000	  79.000	  52.658	  44.000	  80.000	AttR1	5	51	1	714
51295	2	36	49.000	  78.000	  85.000	  60.000	  69.000	  59.000	Fill	5	49	2	656
51295	2	37	61.000	  83.000	  79.000	  50.000	  60.000	  66.000	Fill	2	49	1	601
51295	2	38	50.000	  78.000	  84.000	  60.000	  67.000	  57.000	Fill	3	49	2	626
51295	2	39	57.000	  86.000	  76.000	  51.000	  56.000	  67.000	Fill	1	49	1	741
51295	2	40	60.000	  84.000	  80.000	  51.000	  60.000	  69.000	Fill	4	50	1	514
51295	2	41	52.000	  82.000	  81.000	  52.642	  52.000	  75.000	AttF1	6	51	1	640
51295	2	42	48.000	  79.000	  79.000	  48.000	  41.000	  79.000	AttR1	2	49	1	697
51295	2	43	59.000	  85.000	  80.000	  50.000	  60.000	  68.000	Fill	6	51	1	599
51295	2	44	49.000	  78.000	  77.000	  49.636	  49.000	  69.000	AttF1	5	50	3	603
51295	2	45	51.000	  77.000	  85.000	  60.000	  68.000	  61.000	Fill	2	51	2	438
51295	2	46	49.000	  78.000	  77.000	  49.636	  41.000	  78.000	AttR1	1	50	2	702
51295	2	47	50.000	  80.000	  80.000	  50.000	  73.000	  50.000	AttF2	3	49	2	1051
51295	2	48	48.000	  79.000	  79.000	  48.000	  70.000	  48.000	AttF2	3	50	1	610
51295	2	49	49.000	  82.000	  80.000	  50.225	  49.000	  75.000	AttF1	1	51	3	1046
51295	2	50	48.000	  79.000	  79.000	  48.000	  74.000	  44.962	AttRF2	1	50	2	982
51295	2	51	49.000	  78.000	  77.000	  49.636	  77.000	  41.636	AttR2	1	49	1	841
51295	2	52	50.000	  80.000	  80.000	  50.000	  76.000	  47.500	AttRF2	5	51	1	945
51295	2	53	50.000	  82.000	  84.000	  60.000	  68.000	  58.000	Fill	5	49	2	1478
51295	2	54	49.000	  80.000	  79.000	  49.620	  79.000	  40.620	AttR2	3	50	1	645
51295	2	55	49.000	  78.000	  79.000	  48.380	  75.000	  47.115	AttRF2	1	49	1	925
51295	2	56	48.000	  79.000	  79.000	  48.000	  48.000	  72.000	AttF1	2	51	2	690
51295	2	57	49.000	  82.000	  80.000	  50.225	  76.000	  45.415	AttRF2	5	51	1	666
51295	2	58	49.000	  80.000	  79.000	  49.620	  74.000	  45.325	AttRF2	3	50	1	705
51295	2	59	52.000	  82.000	  81.000	  52.642	  72.000	  52.642	AttF2	2	49	1	1352
51295	2	60	50.000	  80.000	  81.000	  49.383	  73.000	  49.383	AttF2	5	51	1	670
51295	2	61	49.000	  78.000	  79.000	  48.380	  45.318	  74.000	AttRF1	3	50	1	661
51295	2	62	49.000	  80.000	  79.000	  49.620	  70.000	  49.620	AttF2	2	49	1	1062
51295	2	63	49.000	  80.000	  79.000	  49.620	  49.000	  72.000	AttF1	4	51	2	677
51295	2	64	49.000	  82.000	  80.000	  50.225	  40.000	  82.000	AttR1	1	50	2	653
51295	2	65	50.000	  80.000	  80.000	  50.000	  42.000	  80.000	AttR1	3	50	1	573
51295	2	66	50.000	  80.000	  78.000	  51.282	  78.000	  44.282	AttR2	3	50	1	560
51295	2	67	52.000	  82.000	  81.000	  52.642	  81.000	  44.642	AttR2	1	49	1	789
51295	2	68	59.000	  84.000	  82.000	  49.000	  62.000	  68.000	Fill	1	49	1	689
51295	2	69	48.000	  79.000	  79.000	  48.000	  44.962	  74.000	AttRF1	4	50	1	681
51295	2	70	52.000	  80.000	  79.000	  52.658	  50.659	  76.000	AttRF1	2	51	2	1152
51295	2	71	50.000	  80.000	  86.000	  60.000	  67.000	  59.000	Fill	4	51	2	565
51295	2	72	50.000	  80.000	  81.000	  49.383	  81.000	  41.383	AttR2	4	50	1	611
51295	2	73	52.000	  82.000	  81.000	  52.642	  43.000	  82.000	AttR1	4	50	1	581
51295	2	74	50.000	  80.000	  78.000	  51.282	  41.000	  80.000	AttR1	4	50	1	657
51295	2	75	49.000	  79.000	  84.000	  58.000	  68.000	  61.000	Fill	4	51	2	656
51295	2	76	48.000	  79.000	  79.000	  48.000	  79.000	  40.000	AttR2	5	51	1	945
51295	2	77	51.000	  82.000	  84.000	  60.000	  69.000	  60.000	Fill	1	50	2	694
51295	2	78	50.000	  80.000	  81.000	  49.383	  50.000	  71.000	AttF1	3	50	1	685
51295	2	79	50.000	  80.000	  81.000	  49.383	  41.000	  80.000	AttR1	5	51	1	637
51295	2	80	49.000	  78.000	  77.000	  49.636	  69.000	  49.636	AttF2	1	49	1	653
51295	3	1	58.000	  83.000	  79.000	  49.000	  58.000	  69.000	Fill	1	49	1	2645
51295	3	2	50.000	  78.000	  80.000	  48.750	  72.000	  48.750	AttF2	4	49	3	761
51295	3	3	48.000	  79.000	  78.000	  48.615	  74.000	  44.962	AttRF2	1	50	2	533
51295	3	4	50.000	  83.000	  85.000	  48.824	  45.377	  79.000	AttRF1	1	49	1	539
51295	3	5	50.000	  81.000	  82.000	  49.390	  82.000	  42.390	AttR2	5	51	1	743
51295	3	6	53.000	  78.000	  76.000	  54.395	  76.000	  45.395	AttR2	3	50	1	669
51295	3	7	48.000	  79.000	  78.000	  48.615	  46.122	  74.000	AttRF1	5	51	1	974
51295	3	8	50.000	  81.000	  79.000	  51.266	  49.319	  76.000	AttRF1	5	49	2	689
51295	3	9	50.000	  81.000	  82.000	  49.390	  42.000	  81.000	AttR1	2	51	2	921
51295	3	10	50.000	  83.000	  85.000	  48.824	  50.000	  76.000	AttF1	1	49	1	1029
51295	3	11	53.000	  79.000	  84.000	  57.000	  68.000	  60.000	Fill	4	51	2	1200
51295	3	12	53.000	  78.000	  76.000	  54.395	  53.000	  69.000	AttF1	4	50	1	1194
51295	3	13	50.000	  80.000	  81.000	  49.383	  43.000	  80.000	AttR1	1	50	2	1213
51295	3	14	49.000	  81.000	  82.000	  48.402	  73.000	  48.402	AttF2	4	50	1	528
51295	3	15	48.000	  80.000	  87.000	  58.000	  69.000	  60.000	Fill	1	50	2	701
51295	3	16	50.000	  80.000	  81.000	  49.383	  81.000	  42.383	AttR2	4	51	2	986
51295	3	17	50.000	  80.000	  83.000	  60.000	  70.000	  62.000	Fill	6	50	2	501
51295	3	18	51.000	  77.000	  76.000	  51.671	  68.000	  51.671	AttF2	2	51	2	986
51295	3	19	50.000	  81.000	  79.000	  51.266	  72.000	  51.266	AttF2	3	50	1	582
51295	3	20	50.000	  81.000	  79.000	  51.266	  79.000	  42.266	AttR2	2	49	1	648
51295	3	21	50.000	  78.000	  80.000	  48.750	  43.000	  78.000	AttR1	2	49	1	840
51295	3	22	50.000	  81.000	  81.000	  50.000	  46.914	  76.000	AttRF1	6	50	2	769
51295	3	23	50.000	  81.000	  82.000	  49.390	  74.000	  49.390	AttF2	4	51	2	650
51295	3	24	50.000	  83.000	  85.000	  48.824	  42.000	  83.000	AttR1	6	50	2	530
51295	3	25	48.000	  79.000	  78.000	  48.615	  78.000	  40.615	AttR2	3	50	1	656
51295	3	26	60.000	  82.000	  80.000	  51.000	  59.000	  68.000	Fill	3	50	1	553
51295	3	27	49.000	  81.000	  82.000	  48.402	  45.451	  77.000	AttRF1	5	51	1	797
51295	3	28	50.000	  81.000	  81.000	  50.000	  50.000	  73.000	AttF1	2	51	2	872
51295	3	29	58.000	  82.000	  79.000	  49.000	  58.000	  70.000	Fill	4	50	1	488
51295	3	30	48.000	  79.000	  78.000	  48.615	  71.000	  48.615	AttF2	4	51	2	1073
51295	3	31	50.000	  81.000	  86.000	  61.000	  69.000	  60.000	Fill	1	50	2	504
51295	3	32	60.000	  85.000	  82.000	  49.000	  60.000	  70.000	Fill	2	49	1	629
51295	3	33	50.000	  81.000	  82.000	  49.390	  50.000	  73.000	AttF1	2	51	2	729
51295	3	34	51.000	  77.000	  76.000	  51.671	  71.000	  47.026	AttRF2	3	50	1	486
51295	3	35	50.000	  80.000	  81.000	  49.383	  50.000	  71.000	AttF1	5	51	1	854
51295	3	36	50.000	  80.000	  81.000	  49.383	  74.000	  49.383	AttF2	2	49	1	629
51295	3	37	51.000	  77.000	  76.000	  51.671	  48.952	  72.000	AttRF1	6	50	2	617
51295	3	38	51.000	  77.000	  76.000	  51.671	  44.000	  77.000	AttR1	5	51	1	779
51295	3	39	53.000	  78.000	  76.000	  54.395	  52.248	  73.000	AttRF1	5	51	1	998
51295	3	40	50.000	  81.000	  81.000	  50.000	  81.000	  43.000	AttR2	6	51	1	849
51295	3	41	60.000	  86.000	  80.000	  51.000	  60.000	  68.000	Fill	6	51	1	753
51295	3	42	50.000	  81.000	  82.000	  49.390	  46.379	  77.000	AttRF1	5	51	1	1213
51295	3	43	64.000	  86.000	  79.000	  49.000	  59.000	  69.000	Fill	3	50	1	600
51295	3	44	50.000	  81.000	  82.000	  49.390	  78.000	  48.148	AttRF2	3	50	1	1483
51295	3	45	51.000	  77.000	  76.000	  51.671	  51.000	  69.000	AttF1	1	49	1	851
51295	3	46	50.000	  82.000	  86.000	  60.000	  69.000	  59.000	Fill	4	51	2	666
51295	3	47	50.000	  78.000	  86.000	  58.000	  67.000	  59.000	Fill	3	49	2	651
51295	3	48	53.000	  78.000	  76.000	  54.395	  44.000	  78.000	AttR1	5	51	1	1323
51295	3	49	50.000	  80.000	  81.000	  49.383	  45.725	  75.000	AttRF1	4	50	1	1440
51295	3	50	50.000	  80.000	  87.000	  59.000	  68.000	  59.000	Fill	2	51	2	816
51295	3	51	50.000	  81.000	  81.000	  50.000	  42.000	  81.000	AttR1	2	49	1	690
51295	3	52	48.000	  79.000	  78.000	  48.615	  48.000	  72.000	AttF1	5	51	1	818
51295	3	53	50.000	  83.000	  85.000	  48.824	  76.000	  48.824	AttF2	1	49	1	870
51295	3	54	50.000	  78.000	  80.000	  48.750	  44.484	  73.000	AttRF1	6	50	2	605
51295	3	55	50.000	  81.000	  85.000	  59.000	  66.000	  57.000	Fill	4	51	2	560
51295	3	56	57.000	  87.000	  80.000	  51.000	  59.000	  70.000	Fill	5	51	1	797
51295	3	57	53.000	  78.000	  76.000	  54.395	  68.000	  54.395	AttF2	5	49	2	1176
51295	3	58	49.000	  81.000	  85.000	  60.000	  67.000	  60.000	Fill	1	50	2	698
51295	3	59	58.000	  88.000	  79.000	  50.000	  57.000	  69.000	Fill	4	50	1	1137
51295	3	60	53.000	  78.000	  76.000	  54.395	  71.000	  48.244	AttRF2	3	50	1	1319
51295	3	61	50.000	  83.000	  85.000	  48.824	  85.000	  41.824	AttR2	2	51	2	1253
51295	3	62	50.000	  78.000	  80.000	  48.750	  50.000	  70.000	AttF1	4	51	2	765
51295	3	63	49.000	  81.000	  82.000	  48.402	  82.000	  40.402	AttR2	1	49	1	763
51295	3	64	51.000	  77.000	  76.000	  51.671	  76.000	  42.671	AttR2	3	49	2	673
51295	3	65	49.000	  81.000	  82.000	  48.402	  40.000	  81.000	AttR1	4	51	2	872
51295	3	66	50.000	  81.000	  79.000	  51.266	  50.000	  73.000	AttF1	4	51	2	785
51295	3	67	48.000	  79.000	  78.000	  48.615	  40.000	  79.000	AttR1	6	51	1	786
51295	3	68	50.000	  81.000	  79.000	  51.266	  41.000	  81.000	AttR1	4	51	2	605
51295	3	69	50.000	  81.000	  81.000	  50.000	  76.000	  46.914	AttRF2	3	49	2	832
51295	3	70	61.000	  86.000	  81.000	  49.000	  58.000	  69.000	Fill	3	50	1	530
51295	3	71	50.000	  78.000	  80.000	  48.750	  75.000	  48.077	AttRF2	3	51	3	904
51295	3	72	50.000	  83.000	  85.000	  48.824	  81.000	  48.795	AttRF2	3	50	1	845
51295	3	73	50.000	  81.000	  79.000	  51.266	  74.000	  45.679	AttRF2	2	49	1	662
51295	3	74	49.000	  79.000	  87.000	  61.000	  68.000	  60.000	Fill	4	51	2	686
51295	3	75	50.000	  81.000	  81.000	  50.000	  72.000	  50.000	AttF2	2	49	1	622
51295	3	76	50.000	  78.000	  80.000	  48.750	  80.000	  41.750	AttR2	4	51	2	793
51295	3	77	50.000	  80.000	  81.000	  49.383	  76.000	  47.500	AttRF2	3	49	2	635
51295	3	78	49.000	  81.000	  82.000	  48.402	  78.000	  47.185	AttRF2	4	50	1	571
51295	3	79	59.000	  86.000	  81.000	  53.000	  60.000	  68.000	Fill	3	50	1	532
51295	3	80	49.000	  81.000	  82.000	  48.402	  49.000	  73.000	AttF1	2	51	2	610
51295	4	1	51.000	  80.000	  82.000	  49.756	  46.115	  76.000	AttRF1	5	51	1	2501
51295	4	2	55.000	  82.000	  83.000	  54.337	  50.409	  77.000	AttRF1	4	51	2	476
51295	4	3	47.000	  80.000	  87.000	  59.000	  69.000	  58.000	Fill	6	50	2	445
51295	4	4	51.000	  80.000	  82.000	  49.756	  44.000	  80.000	AttR1	3	50	1	740
51295	4	5	49.000	  80.000	  81.000	  48.395	  49.000	  71.000	AttF1	5	51	1	594
51295	4	6	55.000	  82.000	  83.000	  54.337	  79.000	  52.988	AttRF2	5	51	1	725
51295	4	7	50.000	  81.000	  82.000	  49.390	  73.000	  49.390	AttF2	4	50	1	602
51295	4	8	55.000	  82.000	  83.000	  54.337	  55.000	  74.000	AttF1	5	51	1	541
51295	4	9	51.000	  78.000	  79.000	  50.354	  46.530	  73.000	AttRF1	2	49	1	834
51295	4	10	49.000	  80.000	  81.000	  48.395	  45.408	  76.000	AttRF1	4	50	1	610
51295	4	11	48.000	  80.000	  81.000	  47.407	  81.000	  39.407	AttR2	3	50	1	829
51295	4	12	50.000	  81.000	  82.000	  49.390	  77.000	  47.531	AttRF2	5	51	1	568
51295	4	13	59.000	  85.000	  80.000	  49.000	  60.000	  69.000	Fill	4	50	1	538
51295	4	14	60.000	  84.000	  79.000	  50.000	  56.000	  69.000	Fill	2	49	1	752
51295	4	15	52.000	  82.000	  85.000	  58.000	  68.000	  60.000	Fill	5	51	1	534
51295	4	16	47.000	  81.000	  83.000	  45.867	  75.000	  45.867	AttF2	4	50	1	554
51295	4	17	58.000	  86.000	  79.000	  50.000	  57.000	  66.000	Fill	5	51	1	480
51295	4	18	49.000	  80.000	  81.000	  48.395	  81.000	  40.395	AttR2	6	51	1	569
51295	4	19	47.000	  81.000	  83.000	  45.867	  47.000	  73.000	AttF1	6	51	1	842
51295	4	20	55.000	  82.000	  83.000	  54.337	  83.000	  45.337	AttR2	4	50	1	595
51295	4	21	54.000	  82.000	  80.000	  55.350	  75.000	  49.390	AttRF2	3	50	1	414
51295	4	22	51.000	  78.000	  79.000	  50.354	  79.000	  42.354	AttR2	2	49	1	504
51295	4	23	48.000	  80.000	  81.000	  47.407	  44.481	  76.000	AttRF1	3	50	1	590
51295	4	24	49.000	  80.000	  81.000	  48.395	  40.000	  80.000	AttR1	4	50	1	1008
51295	4	25	50.000	  81.000	  85.000	  60.000	  68.000	  59.000	Fill	6	50	2	539
51295	4	26	64.000	  84.000	  81.000	  50.000	  59.000	  68.000	Fill	4	50	1	592
51295	4	27	49.000	  80.000	  81.000	  48.395	  73.000	  48.395	AttF2	3	51	3	938
51295	4	28	47.000	  81.000	  83.000	  45.867	  78.000	  45.259	AttRF2	4	50	1	505
51295	4	29	47.000	  81.000	  83.000	  45.867	  41.999	  76.000	AttRF1	2	49	1	765
51295	4	30	54.000	  82.000	  80.000	  55.350	  80.000	  46.350	AttR2	4	50	1	706
51295	4	31	53.000	  84.000	  82.000	  54.293	  77.000	  48.583	AttRF2	4	51	2	897
51295	4	32	53.000	  84.000	  82.000	  54.293	  46.000	  84.000	AttR1	3	50	1	528
51295	4	33	50.000	  81.000	  82.000	  49.390	  45.776	  76.000	AttRF1	4	50	1	896
51295	4	34	50.000	  82.000	  81.000	  50.617	  48.743	  78.000	AttRF1	2	49	1	866
51295	4	35	50.000	  82.000	  81.000	  50.617	  74.000	  50.617	AttF2	3	50	1	659
51295	4	36	53.000	  84.000	  82.000	  54.293	  82.000	  46.293	AttR2	4	50	1	515
51295	4	37	47.000	  84.000	  86.000	  60.000	  68.000	  59.000	Fill	2	51	2	657
51295	4	38	51.000	  78.000	  79.000	  50.354	  70.000	  50.354	AttF2	5	51	1	887
51295	4	39	47.000	  81.000	  83.000	  45.867	  83.000	  36.867	AttR2	5	51	1	720
51295	4	40	50.000	  80.000	  85.000	  60.000	  69.000	  60.000	Fill	2	51	2	469
51295	4	41	57.000	  86.000	  82.000	  49.000	  59.000	  70.000	Fill	3	50	1	629
51295	4	42	60.000	  84.000	  80.000	  49.000	  60.000	  69.000	Fill	5	51	1	576
51295	4	43	50.000	  82.000	  81.000	  50.617	  50.000	  74.000	AttF1	2	50	3	746
51295	4	44	51.000	  78.000	  79.000	  50.354	  51.000	  71.000	AttF1	1	49	1	1104
51295	4	45	50.000	  82.000	  81.000	  50.617	  81.000	  42.617	AttR2	1	50	2	701
51295	4	46	51.000	  80.000	  82.000	  49.756	  73.000	  49.756	AttF2	4	51	2	706
51295	4	47	49.000	  81.000	  85.000	  59.000	  68.000	  58.000	Fill	2	51	2	568
51295	4	48	48.000	  80.000	  81.000	  47.407	  77.000	  46.200	AttRF2	6	51	1	842
51295	4	49	51.000	  80.000	  82.000	  49.756	  82.000	  40.756	AttR2	3	50	1	586
51295	4	50	55.000	  82.000	  83.000	  54.337	  46.000	  82.000	AttR1	5	51	1	573
51295	4	51	54.000	  82.000	  80.000	  55.350	  47.000	  82.000	AttR1	2	49	1	728
51295	4	52	61.000	  85.000	  78.000	  48.000	  57.000	  67.000	Fill	1	49	1	525
51295	4	53	50.000	  78.000	  86.000	  59.000	  68.000	  60.000	Fill	1	50	2	601
51295	4	54	50.000	  81.000	  82.000	  49.390	  43.000	  81.000	AttR1	5	51	1	613
51295	4	55	48.000	  79.000	  84.000	  64.000	  68.000	  59.000	Fill	2	51	2	513
51295	4	56	51.000	  78.000	  79.000	  50.354	  42.000	  78.000	AttR1	4	51	2	1182
51295	4	57	53.000	  84.000	  82.000	  54.293	  53.000	  75.000	AttF1	5	50	3	552
51295	4	58	53.000	  84.000	  82.000	  54.293	  52.968	  80.000	AttRF1	2	50	3	677
51295	4	59	59.000	  87.000	  80.000	  47.000	  58.000	  69.000	Fill	4	50	1	661
51295	4	60	54.000	  82.000	  80.000	  55.350	  53.966	  78.000	AttRF1	6	49	3	590
51295	4	61	50.000	  82.000	  81.000	  50.617	  43.000	  82.000	AttR1	5	51	1	720
51295	4	62	51.000	  80.000	  82.000	  49.756	  51.000	  73.000	AttF1	5	50	3	781
51295	4	63	49.000	  80.000	  81.000	  48.395	  76.000	  46.550	AttRF2	3	50	1	648
51295	4	64	54.000	  82.000	  80.000	  55.350	  54.000	  75.000	AttF1	2	49	1	737
51295	4	65	55.000	  82.000	  83.000	  54.337	  76.000	  54.337	AttF2	5	49	2	654
51295	4	66	58.000	  82.000	  77.000	  50.000	  60.000	  69.000	Fill	1	49	1	918
51295	4	67	48.000	  80.000	  81.000	  47.407	  39.000	  80.000	AttR1	3	50	1	1002
51295	4	68	47.000	  81.000	  83.000	  45.867	  40.000	  81.000	AttR1	3	50	1	598
51295	4	69	48.000	  80.000	  81.000	  47.407	  72.000	  47.407	AttF2	1	49	1	599
51295	4	70	50.000	  81.000	  82.000	  49.390	  50.000	  74.000	AttF1	6	51	1	707
51295	4	71	60.000	  86.000	  78.000	  48.000	  59.000	  66.000	Fill	5	51	1	633
51295	4	72	51.000	  80.000	  82.000	  49.756	  77.000	  49.087	AttRF2	5	51	1	794
51295	4	73	51.000	  78.000	  79.000	  50.354	  75.000	  49.038	AttRF2	5	51	1	694
51295	4	74	53.000	  84.000	  82.000	  54.293	  75.000	  54.293	AttF2	6	51	1	637
51295	4	75	51.000	  79.000	  86.000	  62.000	  68.000	  59.000	Fill	6	50	2	566
51295	4	76	50.000	  81.000	  82.000	  49.390	  82.000	  42.390	AttR2	5	51	1	907
51295	4	77	52.000	  82.000	  84.000	  58.000	  70.000	  59.000	Fill	4	50	1	632
51295	4	78	50.000	  82.000	  81.000	  50.617	  76.000	  46.341	AttRF2	4	50	1	658
51295	4	79	48.000	  80.000	  81.000	  47.407	  48.000	  72.000	AttF1	1	49	1	849
51295	4	80	54.000	  82.000	  80.000	  55.350	  73.000	  55.350	AttF2	4	50	1	555
51295	5	1	51.000	  79.000	  85.000	  59.000	  68.000	  60.000	Fill	6	50	2	1393
51295	5	2	49.000	  82.000	  80.000	  50.225	  40.000	  82.000	AttR1	5	51	1	653
51295	5	3	51.000	  77.000	  85.000	  60.000	  68.000	  61.000	Fill	3	49	2	565
51295	5	4	52.000	  82.000	  81.000	  52.642	  77.000	  48.829	AttRF2	2	49	1	738
51295	5	5	49.000	  78.000	  79.000	  48.380	  75.000	  47.115	AttRF2	3	49	2	520
51295	5	6	49.000	  79.000	  84.000	  58.000	  68.000	  61.000	Fill	6	50	2	493
51295	5	7	49.000	  78.000	  77.000	  49.636	  47.058	  73.000	AttRF1	4	50	1	637
51295	5	8	50.000	  80.000	  78.000	  51.282	  41.000	  80.000	AttR1	4	50	1	589
51295	5	9	50.000	  80.000	  78.000	  51.282	  49.967	  76.000	AttRF1	3	50	1	600
51295	5	10	49.000	  78.000	  79.000	  48.380	  42.000	  78.000	AttR1	4	50	1	498
51295	5	11	52.000	  82.000	  81.000	  52.642	  43.000	  82.000	AttR1	2	49	1	746
51295	5	12	61.000	  85.000	  80.000	  49.000	  59.000	  67.000	Fill	1	49	1	624
51295	5	13	49.000	  78.000	  79.000	  48.380	  79.000	  41.380	AttR2	2	51	2	803
51295	5	14	48.000	  79.000	  79.000	  48.000	  48.000	  72.000	AttF1	5	51	1	749
51295	5	15	52.000	  82.000	  81.000	  52.642	  81.000	  44.642	AttR2	6	51	1	642
51295	5	16	50.000	  80.000	  80.000	  50.000	  50.000	  71.000	AttF1	4	50	1	778
51295	5	17	50.000	  80.000	  86.000	  60.000	  67.000	  59.000	Fill	3	49	2	629
51295	5	18	49.000	  80.000	  79.000	  49.620	  41.000	  80.000	AttR1	6	51	1	712
51295	5	19	50.000	  80.000	  81.000	  49.383	  50.000	  71.000	AttF1	3	49	2	581
51295	5	20	50.000	  80.000	  80.000	  50.000	  76.000	  47.500	AttRF2	1	50	2	688
51295	5	21	49.000	  82.000	  80.000	  50.225	  48.342	  77.000	AttRF1	4	49	3	729
51295	5	22	57.000	  86.000	  81.000	  50.000	  60.000	  68.000	Fill	3	50	1	701
51295	5	23	50.000	  78.000	  84.000	  60.000	  67.000	  57.000	Fill	2	51	2	594
51295	5	24	52.000	  82.000	  81.000	  52.642	  72.000	  52.642	AttF2	2	51	2	812
51295	5	25	48.000	  79.000	  79.000	  48.000	  70.000	  48.000	AttF2	5	51	1	593
51295	5	26	60.000	  84.000	  80.000	  51.000	  60.000	  69.000	Fill	2	49	1	674
51295	5	27	57.000	  86.000	  76.000	  51.000	  56.000	  67.000	Fill	3	50	1	602
51295	5	28	52.000	  80.000	  79.000	  52.658	  70.000	  52.658	AttF2	3	49	2	693
51295	5	29	49.000	  78.000	  77.000	  49.636	  49.000	  69.000	AttF1	6	51	1	718
51295	5	30	52.000	  80.000	  79.000	  52.658	  50.659	  76.000	AttRF1	4	50	1	514
51295	5	31	50.000	  80.000	  81.000	  49.383	  81.000	  41.383	AttR2	5	51	1	625
51295	5	32	61.000	  83.000	  79.000	  50.000	  60.000	  66.000	Fill	5	50	3	763
51295	5	33	49.000	  80.000	  79.000	  49.620	  49.000	  72.000	AttF1	6	50	2	1177
51295	5	34	50.000	  80.000	  81.000	  49.383	  45.725	  75.000	AttRF1	6	51	1	762
51295	5	35	52.000	  80.000	  79.000	  52.658	  79.000	  43.658	AttR2	2	49	1	816
51295	5	36	50.000	  80.000	  81.000	  49.383	  73.000	  49.383	AttF2	5	51	1	577
51295	5	37	51.000	  82.000	  84.000	  60.000	  69.000	  60.000	Fill	6	50	2	589
51295	5	38	49.000	  82.000	  80.000	  50.225	  71.000	  50.225	AttF2	1	49	1	632
51295	5	39	49.000	  83.000	  85.000	  60.000	  70.000	  59.000	Fill	6	50	2	626
51295	5	40	50.000	  80.000	  78.000	  51.282	  71.000	  51.282	AttF2	2	49	1	661
51295	5	41	52.000	  80.000	  79.000	  52.658	  44.000	  80.000	AttR1	2	51	2	941
51295	5	42	61.000	  86.000	  81.000	  47.000	  60.000	  67.000	Fill	4	50	1	540
51295	5	43	50.000	  80.000	  80.000	  50.000	  46.875	  75.000	AttRF1	3	50	1	648
51295	5	44	49.000	  78.000	  77.000	  49.636	  69.000	  49.636	AttF2	2	49	1	688
51295	5	45	49.000	  78.000	  79.000	  48.380	  49.000	  69.000	AttF1	3	51	3	896
51295	5	46	59.000	  84.000	  82.000	  49.000	  62.000	  68.000	Fill	3	50	1	464
51295	5	47	48.000	  79.000	  79.000	  48.000	  44.962	  74.000	AttRF1	4	51	2	681
51295	5	48	49.000	  80.000	  79.000	  49.620	  74.000	  45.325	AttRF2	2	51	2	728
51295	5	49	49.000	  82.000	  80.000	  50.225	  49.000	  75.000	AttF1	5	51	1	677
51295	5	50	52.000	  82.000	  81.000	  52.642	  52.000	  75.000	AttF1	4	50	1	709
51295	5	51	48.000	  79.000	  79.000	  48.000	  79.000	  40.000	AttR2	1	49	1	650
51295	5	52	49.000	  80.000	  79.000	  49.620	  70.000	  49.620	AttF2	1	49	1	690
51295	5	53	52.000	  80.000	  79.000	  52.658	  74.000	  48.100	AttRF2	2	49	1	586
51295	5	54	52.000	  80.000	  79.000	  52.658	  52.000	  72.000	AttF1	5	51	1	605
51295	5	55	49.000	  78.000	  79.000	  48.380	  45.318	  74.000	AttRF1	3	50	1	592
51295	5	56	50.000	  80.000	  80.000	  50.000	  73.000	  50.000	AttF2	3	50	1	491
51295	5	57	50.000	  80.000	  81.000	  49.383	  41.000	  80.000	AttR1	4	50	1	667
51295	5	58	49.000	  82.000	  80.000	  50.225	  76.000	  45.415	AttRF2	2	49	1	737
51295	5	59	50.000	  80.000	  80.000	  50.000	  42.000	  80.000	AttR1	3	50	1	649
51295	5	60	52.000	  82.000	  81.000	  52.642	  50.042	  77.000	AttRF1	5	51	1	664
51295	5	61	59.000	  85.000	  80.000	  50.000	  60.000	  68.000	Fill	2	49	1	696
51295	5	62	50.000	  82.000	  84.000	  60.000	  68.000	  58.000	Fill	1	50	2	513
51295	5	63	50.000	  80.000	  81.000	  49.383	  76.000	  47.500	AttRF2	4	50	1	621
51295	5	64	49.000	  80.000	  79.000	  49.620	  47.108	  75.000	AttRF1	5	50	3	736
51295	5	65	49.000	  82.000	  80.000	  50.225	  80.000	  42.225	AttR2	5	51	1	621
51295	5	66	49.000	  78.000	  77.000	  49.636	  77.000	  41.636	AttR2	4	50	1	552
51295	5	67	48.000	  79.000	  79.000	  48.000	  74.000	  44.962	AttRF2	3	50	1	502
51295	5	68	49.000	  80.000	  79.000	  49.620	  79.000	  40.620	AttR2	2	51	2	537
51295	5	69	50.000	  80.000	  80.000	  50.000	  80.000	  41.000	AttR2	1	50	2	697
51295	5	70	61.000	  82.000	  80.000	  53.000	  58.000	  67.000	Fill	3	50	1	512
51295	5	71	50.000	  80.000	  78.000	  51.282	  78.000	  44.282	AttR2	5	51	1	582
51295	5	72	50.000	  80.000	  87.000	  59.000	  66.000	  58.000	Fill	1	50	2	569
51295	5	73	49.000	  78.000	  85.000	  60.000	  69.000	  59.000	Fill	3	49	2	882
51295	5	74	49.000	  78.000	  77.000	  49.636	  41.000	  78.000	AttR1	3	50	1	770
51295	5	75	50.000	  80.000	  78.000	  51.282	  50.000	  73.000	AttF1	5	51	1	686
51295	5	76	49.000	  78.000	  79.000	  48.380	  70.000	  48.380	AttF2	5	51	1	813
51295	5	77	60.000	  86.000	  78.000	  51.000	  62.000	  67.000	Fill	3	50	1	544
51295	5	78	48.000	  79.000	  79.000	  48.000	  41.000	  79.000	AttR1	3	50	1	541
51295	5	79	50.000	  80.000	  78.000	  51.282	  74.000	  46.250	AttRF2	4	50	1	578
51295	5	80	49.000	  78.000	  77.000	  49.636	  72.000	  45.231	AttRF2	2	49	1	813
51295	6	1	50.000	  78.000	  80.000	  48.750	  43.000	  78.000	AttR1	5	49	2	1683
51295	6	2	50.000	  83.000	  85.000	  48.824	  45.377	  79.000	AttRF1	3	50	1	709
51295	6	3	58.000	  83.000	  79.000	  49.000	  58.000	  69.000	Fill	2	49	1	723
51295	6	4	50.000	  78.000	  80.000	  48.750	  44.484	  73.000	AttRF1	4	51	2	632
51295	6	5	49.000	  81.000	  82.000	  48.402	  82.000	  40.402	AttR2	3	50	1	458
51295	6	6	49.000	  81.000	  82.000	  48.402	  73.000	  48.402	AttF2	6	51	1	562
51295	6	7	50.000	  80.000	  81.000	  49.383	  43.000	  80.000	AttR1	3	50	1	440
51295	6	8	60.000	  85.000	  82.000	  49.000	  60.000	  70.000	Fill	1	49	1	600
51295	6	9	53.000	  78.000	  76.000	  54.395	  52.248	  73.000	AttRF1	4	50	1	530
51295	6	10	61.000	  86.000	  81.000	  49.000	  58.000	  69.000	Fill	6	51	1	512
51295	6	11	50.000	  81.000	  81.000	  50.000	  50.000	  73.000	AttF1	4	50	1	485
51295	6	12	50.000	  81.000	  81.000	  50.000	  46.914	  76.000	AttRF1	4	50	1	381
51295	6	13	48.000	  79.000	  78.000	  48.615	  71.000	  48.615	AttF2	2	49	1	608
51295	6	14	48.000	  79.000	  78.000	  48.615	  40.000	  79.000	AttR1	1	49	1	498
51295	6	15	50.000	  80.000	  81.000	  49.383	  50.000	  71.000	AttF1	5	51	1	635
51295	6	16	49.000	  81.000	  82.000	  48.402	  40.000	  81.000	AttR1	4	50	1	475
51295	6	17	50.000	  83.000	  85.000	  48.824	  81.000	  48.795	AttRF2	3	50	1	602
51295	6	18	49.000	  81.000	  82.000	  48.402	  78.000	  47.185	AttRF2	2	49	1	677
51295	6	19	50.000	  82.000	  86.000	  60.000	  69.000	  59.000	Fill	3	49	2	532
51295	6	20	48.000	  79.000	  78.000	  48.615	  48.000	  72.000	AttF1	4	50	1	522
51295	6	21	50.000	  80.000	  81.000	  49.383	  81.000	  42.383	AttR2	3	50	1	425
51295	6	22	50.000	  81.000	  85.000	  59.000	  66.000	  57.000	Fill	3	50	1	466
51295	6	23	50.000	  81.000	  81.000	  50.000	  81.000	  43.000	AttR2	2	49	1	619
51295	6	24	53.000	  78.000	  76.000	  54.395	  53.000	  69.000	AttF1	2	51	2	581
51295	6	25	50.000	  78.000	  80.000	  48.750	  50.000	  70.000	AttF1	5	51	1	681
51295	6	26	48.000	  80.000	  87.000	  58.000	  69.000	  60.000	Fill	6	50	2	416
51295	6	27	50.000	  81.000	  82.000	  49.390	  46.379	  77.000	AttRF1	5	51	1	594
51295	6	28	50.000	  80.000	  83.000	  60.000	  70.000	  62.000	Fill	4	51	2	884
51295	6	29	49.000	  81.000	  85.000	  60.000	  67.000	  60.000	Fill	4	51	2	598
51295	6	30	48.000	  79.000	  78.000	  48.615	  46.122	  74.000	AttRF1	4	49	3	1000
51295	6	31	53.000	  78.000	  76.000	  54.395	  44.000	  78.000	AttR1	4	50	1	483
51295	6	32	50.000	  81.000	  79.000	  51.266	  41.000	  81.000	AttR1	2	49	1	851
51295	6	33	51.000	  77.000	  76.000	  51.671	  44.000	  77.000	AttR1	4	51	2	651
51295	6	34	50.000	  81.000	  81.000	  50.000	  72.000	  50.000	AttF2	3	50	1	378
51295	6	35	50.000	  81.000	  79.000	  51.266	  72.000	  51.266	AttF2	5	51	1	694
51295	6	36	49.000	  81.000	  82.000	  48.402	  45.451	  77.000	AttRF1	5	51	1	605
51295	6	37	51.000	  77.000	  76.000	  51.671	  76.000	  42.671	AttR2	2	49	1	785
51295	6	38	49.000	  79.000	  87.000	  61.000	  68.000	  60.000	Fill	6	50	2	658
51295	6	39	53.000	  78.000	  76.000	  54.395	  68.000	  54.395	AttF2	4	50	1	578
51295	6	40	51.000	  77.000	  76.000	  51.671	  48.952	  72.000	AttRF1	3	50	1	421
51295	6	41	58.000	  88.000	  79.000	  50.000	  57.000	  69.000	Fill	1	49	1	608
51295	6	42	60.000	  86.000	  80.000	  51.000	  60.000	  68.000	Fill	2	49	1	522
51295	6	43	50.000	  81.000	  86.000	  61.000	  69.000	  60.000	Fill	1	50	2	608
51295	6	44	57.000	  87.000	  80.000	  51.000	  59.000	  70.000	Fill	5	51	1	554
51295	6	45	50.000	  78.000	  80.000	  48.750	  75.000	  48.077	AttRF2	5	50	3	704
51295	6	46	50.000	  80.000	  87.000	  59.000	  68.000	  59.000	Fill	4	51	2	629
51295	6	47	51.000	  77.000	  76.000	  51.671	  51.000	  69.000	AttF1	3	50	1	576
51295	6	48	53.000	  79.000	  84.000	  57.000	  68.000	  60.000	Fill	5	49	2	698
51295	6	49	60.000	  82.000	  80.000	  51.000	  59.000	  68.000	Fill	4	50	1	530
51295	6	50	48.000	  79.000	  78.000	  48.615	  74.000	  44.962	AttRF2	4	50	1	760
51295	6	51	58.000	  82.000	  79.000	  49.000	  58.000	  70.000	Fill	1	49	1	805
51295	6	52	50.000	  81.000	  82.000	  49.390	  50.000	  73.000	AttF1	3	50	1	857
51295	6	53	50.000	  78.000	  86.000	  58.000	  67.000	  59.000	Fill	6	50	2	480
51295	6	54	59.000	  86.000	  81.000	  53.000	  60.000	  68.000	Fill	4	50	1	600
51295	6	55	50.000	  81.000	  82.000	  49.390	  78.000	  48.148	AttRF2	2	49	1	690
51295	6	56	50.000	  78.000	  80.000	  48.750	  80.000	  41.750	AttR2	4	50	1	691
51295	6	57	50.000	  81.000	  79.000	  51.266	  79.000	  42.266	AttR2	2	49	1	754
51295	6	58	64.000	  86.000	  79.000	  49.000	  59.000	  69.000	Fill	6	51	1	529
51295	6	59	53.000	  78.000	  76.000	  54.395	  76.000	  45.395	AttR2	3	50	1	469
51295	6	60	50.000	  80.000	  81.000	  49.383	  76.000	  47.500	AttRF2	4	50	1	493
51295	6	61	48.000	  79.000	  78.000	  48.615	  78.000	  40.615	AttR2	3	50	1	532
51295	6	62	51.000	  77.000	  76.000	  51.671	  68.000	  51.671	AttF2	2	49	1	539
51295	6	63	50.000	  81.000	  79.000	  51.266	  50.000	  73.000	AttF1	3	50	1	553
51295	6	64	50.000	  81.000	  81.000	  50.000	  42.000	  81.000	AttR1	3	50	1	637
51295	6	65	50.000	  81.000	  82.000	  49.390	  42.000	  81.000	AttR1	6	51	1	661
51295	6	66	50.000	  81.000	  81.000	  50.000	  76.000	  46.914	AttRF2	3	50	1	566
51295	6	67	50.000	  78.000	  80.000	  48.750	  72.000	  48.750	AttF2	4	50	1	498
51295	6	68	50.000	  83.000	  85.000	  48.824	  42.000	  83.000	AttR1	3	50	1	435
51295	6	69	50.000	  81.000	  82.000	  49.390	  82.000	  42.390	AttR2	6	51	1	737
51295	6	70	50.000	  83.000	  85.000	  48.824	  50.000	  76.000	AttF1	1	49	1	641
51295	6	71	50.000	  81.000	  79.000	  51.266	  74.000	  45.679	AttRF2	4	50	1	568
51295	6	72	53.000	  78.000	  76.000	  54.395	  71.000	  48.244	AttRF2	5	51	1	746
51295	6	73	50.000	  80.000	  81.000	  49.383	  45.725	  75.000	AttRF1	3	51	3	761
51295	6	74	50.000	  83.000	  85.000	  48.824	  76.000	  48.824	AttF2	4	50	1	700
51295	6	75	49.000	  81.000	  82.000	  48.402	  49.000	  73.000	AttF1	2	51	2	843
51295	6	76	51.000	  77.000	  76.000	  51.671	  71.000	  47.026	AttRF2	4	51	2	770
51295	6	77	50.000	  81.000	  79.000	  51.266	  49.319	  76.000	AttRF1	2	49	1	685
51295	6	78	50.000	  81.000	  82.000	  49.390	  74.000	  49.390	AttF2	5	51	1	685
51295	6	79	50.000	  83.000	  85.000	  48.824	  85.000	  41.824	AttR2	5	51	1	646
51295	6	80	50.000	  80.000	  81.000	  49.383	  74.000	  49.383	AttF2	4	50	1	573
51295	7	1	49.000	  80.000	  81.000	  48.395	  73.000	  48.395	AttF2	5	51	1	1935
51295	7	2	47.000	  81.000	  83.000	  45.867	  83.000	  36.867	AttR2	3	50	1	573
51295	7	3	55.000	  82.000	  83.000	  54.337	  46.000	  82.000	AttR1	3	50	1	709
51295	7	4	55.000	  82.000	  83.000	  54.337	  79.000	  52.988	AttRF2	6	50	2	698
51295	7	5	55.000	  82.000	  83.000	  54.337	  83.000	  45.337	AttR2	5	51	1	963
51295	7	6	49.000	  80.000	  81.000	  48.395	  76.000	  46.550	AttRF2	1	49	1	680
51295	7	7	51.000	  80.000	  82.000	  49.756	  82.000	  40.756	AttR2	4	51	2	640
51295	7	8	50.000	  81.000	  82.000	  49.390	  43.000	  81.000	AttR1	1	51	3	697
51295	7	9	51.000	  78.000	  79.000	  50.354	  51.000	  71.000	AttF1	1	50	2	688
51295	7	10	51.000	  78.000	  79.000	  50.354	  75.000	  49.038	AttRF2	5	51	1	832
51295	7	11	54.000	  82.000	  80.000	  55.350	  54.000	  75.000	AttF1	2	50	3	651
51295	7	12	51.000	  78.000	  79.000	  50.354	  70.000	  50.354	AttF2	5	51	1	619
51295	7	13	51.000	  80.000	  82.000	  49.756	  51.000	  73.000	AttF1	1	49	1	686
51295	7	14	51.000	  80.000	  82.000	  49.756	  77.000	  49.087	AttRF2	1	49	1	565
51295	7	15	54.000	  82.000	  80.000	  55.350	  75.000	  49.390	AttRF2	4	50	1	482
51295	7	16	52.000	  82.000	  85.000	  58.000	  68.000	  60.000	Fill	3	49	2	730
51295	7	17	48.000	  80.000	  81.000	  47.407	  39.000	  80.000	AttR1	4	50	1	985
51295	7	18	60.000	  84.000	  80.000	  49.000	  60.000	  69.000	Fill	4	50	1	538
51295	7	19	47.000	  80.000	  87.000	  59.000	  69.000	  58.000	Fill	3	49	2	640
51295	7	20	53.000	  84.000	  82.000	  54.293	  52.968	  80.000	AttRF1	1	49	1	881
51295	7	21	51.000	  78.000	  79.000	  50.354	  46.530	  73.000	AttRF1	5	51	1	640
51295	7	22	50.000	  82.000	  81.000	  50.617	  74.000	  50.617	AttF2	1	49	1	655
51295	7	23	53.000	  84.000	  82.000	  54.293	  75.000	  54.293	AttF2	5	51	1	584
51295	7	24	49.000	  80.000	  81.000	  48.395	  40.000	  80.000	AttR1	4	50	1	635
51295	7	25	51.000	  78.000	  79.000	  50.354	  79.000	  42.354	AttR2	3	49	2	690
51295	7	26	53.000	  84.000	  82.000	  54.293	  77.000	  48.583	AttRF2	3	50	1	539
51295	7	27	51.000	  79.000	  86.000	  62.000	  68.000	  59.000	Fill	6	51	1	905
51295	7	28	48.000	  80.000	  81.000	  47.407	  77.000	  46.200	AttRF2	2	49	1	718
51295	7	29	51.000	  80.000	  82.000	  49.756	  73.000	  49.756	AttF2	5	51	1	673
51295	7	30	50.000	  81.000	  82.000	  49.390	  73.000	  49.390	AttF2	3	50	1	707
51295	7	31	55.000	  82.000	  83.000	  54.337	  55.000	  74.000	AttF1	5	49	2	696
51295	7	32	50.000	  82.000	  81.000	  50.617	  48.743	  78.000	AttRF1	4	49	3	992
51295	7	33	49.000	  80.000	  81.000	  48.395	  81.000	  40.395	AttR2	2	49	1	675
51295	7	34	58.000	  82.000	  77.000	  50.000	  60.000	  69.000	Fill	2	49	1	570
51295	7	35	47.000	  81.000	  83.000	  45.867	  78.000	  45.259	AttRF2	4	50	1	764
51295	7	36	53.000	  84.000	  82.000	  54.293	  82.000	  46.293	AttR2	4	50	1	466
51295	7	37	48.000	  80.000	  81.000	  47.407	  72.000	  47.407	AttF2	6	51	1	770
51295	7	38	55.000	  82.000	  83.000	  54.337	  50.409	  77.000	AttRF1	5	51	1	781
51295	7	39	54.000	  82.000	  80.000	  55.350	  53.966	  78.000	AttRF1	2	50	3	696
51295	7	40	50.000	  81.000	  82.000	  49.390	  45.776	  76.000	AttRF1	3	49	2	1432
51295	7	41	48.000	  80.000	  81.000	  47.407	  48.000	  72.000	AttF1	5	51	1	722
51295	7	42	51.000	  78.000	  79.000	  50.354	  42.000	  78.000	AttR1	5	51	1	738
51295	7	43	50.000	  82.000	  81.000	  50.617	  50.000	  74.000	AttF1	4	50	1	613
51295	7	44	59.000	  85.000	  80.000	  49.000	  60.000	  69.000	Fill	4	50	1	560
51295	7	45	53.000	  84.000	  82.000	  54.293	  53.000	  75.000	AttF1	3	50	1	717
51295	7	46	50.000	  82.000	  81.000	  50.617	  81.000	  42.617	AttR2	3	50	1	482
51295	7	47	60.000	  86.000	  78.000	  48.000	  59.000	  66.000	Fill	4	50	1	458
51295	7	48	50.000	  81.000	  82.000	  49.390	  77.000	  47.531	AttRF2	3	49	2	978
51295	7	49	52.000	  82.000	  84.000	  58.000	  70.000	  59.000	Fill	4	50	1	829
51295	7	50	50.000	  82.000	  81.000	  50.617	  76.000	  46.341	AttRF2	3	50	1	680
51295	7	51	50.000	  81.000	  82.000	  49.390	  50.000	  74.000	AttF1	4	51	2	776
51295	7	52	60.000	  84.000	  79.000	  50.000	  56.000	  69.000	Fill	1	49	1	651
51295	7	53	50.000	  82.000	  81.000	  50.617	  43.000	  82.000	AttR1	1	49	1	1659
51295	7	54	54.000	  82.000	  80.000	  55.350	  73.000	  55.350	AttF2	2	50	3	1010
51295	7	55	51.000	  80.000	  82.000	  49.756	  46.115	  76.000	AttRF1	6	51	1	949
51295	7	56	47.000	  81.000	  83.000	  45.867	  41.999	  76.000	AttRF1	3	50	1	682
51295	7	57	49.000	  80.000	  81.000	  48.395	  49.000	  71.000	AttF1	5	51	1	938
51295	7	58	57.000	  86.000	  82.000	  49.000	  59.000	  70.000	Fill	3	50	1	553
51295	7	59	51.000	  80.000	  82.000	  49.756	  44.000	  80.000	AttR1	5	51	1	750
51295	7	60	53.000	  84.000	  82.000	  54.293	  46.000	  84.000	AttR1	2	49	1	707
51295	7	61	61.000	  85.000	  78.000	  48.000	  57.000	  67.000	Fill	5	49	2	728
51295	7	62	50.000	  78.000	  86.000	  59.000	  68.000	  60.000	Fill	5	49	2	894
51295	7	63	47.000	  81.000	  83.000	  45.867	  40.000	  81.000	AttR1	6	51	1	717
51295	7	64	59.000	  87.000	  80.000	  47.000	  58.000	  69.000	Fill	5	51	1	723
51295	7	65	47.000	  84.000	  86.000	  60.000	  68.000	  59.000	Fill	2	51	2	1136
51295	7	66	54.000	  82.000	  80.000	  55.350	  47.000	  82.000	AttR1	4	50	1	661
51295	7	67	50.000	  81.000	  85.000	  60.000	  68.000	  59.000	Fill	4	51	2	725
51295	7	68	47.000	  81.000	  83.000	  45.867	  75.000	  45.867	AttF2	4	50	1	506
51295	7	69	50.000	  81.000	  82.000	  49.390	  82.000	  42.390	AttR2	2	49	1	607
51295	7	70	48.000	  79.000	  84.000	  64.000	  68.000	  59.000	Fill	4	51	2	625
51295	7	71	49.000	  80.000	  81.000	  48.395	  45.408	  76.000	AttRF1	3	50	1	1486
51295	7	72	50.000	  80.000	  85.000	  60.000	  69.000	  60.000	Fill	5	49	2	677
51295	7	73	48.000	  80.000	  81.000	  47.407	  44.481	  76.000	AttRF1	4	50	1	789
51295	7	74	47.000	  81.000	  83.000	  45.867	  47.000	  73.000	AttF1	5	51	1	752
51295	7	75	64.000	  84.000	  81.000	  50.000	  59.000	  68.000	Fill	5	51	1	701
51295	7	76	48.000	  80.000	  81.000	  47.407	  81.000	  39.407	AttR2	2	49	1	842
51295	7	77	49.000	  81.000	  85.000	  59.000	  68.000	  58.000	Fill	3	49	2	938
51295	7	78	55.000	  82.000	  83.000	  54.337	  76.000	  54.337	AttF2	5	51	1	1024
51295	7	79	58.000	  86.000	  79.000	  50.000	  57.000	  66.000	Fill	4	50	1	545
51295	7	80	54.000	  82.000	  80.000	  55.350	  80.000	  46.350	AttR2	3	49	2	959
51295	8	1	57.000	  86.000	  76.000	  51.000	  56.000	  67.000	Fill	1	50	2	2193
51295	8	2	48.000	  79.000	  79.000	  48.000	  79.000	  40.000	AttR2	1	49	1	645
51295	8	3	61.000	  85.000	  80.000	  49.000	  59.000	  67.000	Fill	3	50	1	509
51295	8	4	52.000	  82.000	  81.000	  52.642	  81.000	  44.642	AttR2	4	50	1	586
51295	8	5	61.000	  83.000	  79.000	  50.000	  60.000	  66.000	Fill	3	50	1	510
51295	8	6	50.000	  80.000	  81.000	  49.383	  73.000	  49.383	AttF2	2	49	1	809
51295	8	7	50.000	  80.000	  78.000	  51.282	  71.000	  51.282	AttF2	2	49	1	525
51295	8	8	48.000	  79.000	  79.000	  48.000	  41.000	  79.000	AttR1	3	50	1	667
51295	8	9	50.000	  80.000	  80.000	  50.000	  42.000	  80.000	AttR1	6	51	1	986
51295	8	10	52.000	  82.000	  81.000	  52.642	  52.000	  75.000	AttF1	5	50	3	550
51295	8	11	50.000	  80.000	  80.000	  50.000	  50.000	  71.000	AttF1	4	50	1	547
51295	8	12	50.000	  80.000	  78.000	  51.282	  41.000	  80.000	AttR1	6	49	3	752
51295	8	13	49.000	  78.000	  77.000	  49.636	  41.000	  78.000	AttR1	4	50	1	597
51295	8	14	61.000	  82.000	  80.000	  53.000	  58.000	  67.000	Fill	5	51	1	600
51295	8	15	49.000	  82.000	  80.000	  50.225	  76.000	  45.415	AttRF2	4	51	2	690
51295	8	16	59.000	  85.000	  80.000	  50.000	  60.000	  68.000	Fill	1	49	1	883
51295	8	17	50.000	  80.000	  78.000	  51.282	  49.967	  76.000	AttRF1	4	50	1	675
51295	8	18	52.000	  82.000	  81.000	  52.642	  72.000	  52.642	AttF2	4	50	1	546
51295	8	19	49.000	  78.000	  79.000	  48.380	  79.000	  41.380	AttR2	6	51	1	545
51295	8	20	50.000	  78.000	  84.000	  60.000	  67.000	  57.000	Fill	1	50	2	485
51295	8	21	61.000	  86.000	  81.000	  47.000	  60.000	  67.000	Fill	1	49	1	622
51295	8	22	49.000	  80.000	  79.000	  49.620	  41.000	  80.000	AttR1	2	49	1	657
51295	8	23	51.000	  82.000	  84.000	  60.000	  69.000	  60.000	Fill	5	49	2	599
51295	8	24	60.000	  86.000	  78.000	  51.000	  62.000	  67.000	Fill	5	51	1	499
51295	8	25	49.000	  78.000	  77.000	  49.636	  49.000	  69.000	AttF1	3	49	2	681
51295	8	26	49.000	  78.000	  79.000	  48.380	  70.000	  48.380	AttF2	3	50	1	642
51295	8	27	51.000	  77.000	  85.000	  60.000	  68.000	  61.000	Fill	3	49	2	465
51295	8	28	49.000	  82.000	  80.000	  50.225	  48.342	  77.000	AttRF1	5	49	2	882
51295	8	29	50.000	  82.000	  84.000	  60.000	  68.000	  58.000	Fill	4	51	2	530
51295	8	30	51.000	  79.000	  85.000	  59.000	  68.000	  60.000	Fill	5	49	2	519
51295	8	31	49.000	  78.000	  77.000	  49.636	  69.000	  49.636	AttF2	2	49	1	773
51295	8	32	50.000	  80.000	  87.000	  59.000	  66.000	  58.000	Fill	2	51	2	592
51295	8	33	50.000	  80.000	  78.000	  51.282	  74.000	  46.250	AttRF2	2	49	1	658
51295	8	34	52.000	  80.000	  79.000	  52.658	  50.659	  76.000	AttRF1	3	49	2	594
51295	8	35	52.000	  80.000	  79.000	  52.658	  52.000	  72.000	AttF1	5	49	2	581
51295	8	36	50.000	  80.000	  81.000	  49.383	  76.000	  47.500	AttRF2	2	49	1	804
51295	8	37	49.000	  78.000	  77.000	  49.636	  72.000	  45.231	AttRF2	2	49	1	570
51295	8	38	49.000	  82.000	  80.000	  50.225	  40.000	  82.000	AttR1	5	51	1	676
51295	8	39	50.000	  80.000	  81.000	  49.383	  41.000	  80.000	AttR1	2	51	2	1029
51295	8	40	50.000	  80.000	  81.000	  49.383	  50.000	  71.000	AttF1	2	49	1	1088
51295	8	41	49.000	  82.000	  80.000	  50.225	  80.000	  42.225	AttR2	3	50	1	568
51295	8	42	49.000	  78.000	  79.000	  48.380	  45.318	  74.000	AttRF1	2	49	1	1130
51295	8	43	52.000	  80.000	  79.000	  52.658	  44.000	  80.000	AttR1	3	50	1	488
51295	8	44	52.000	  80.000	  79.000	  52.658	  79.000	  43.658	AttR2	6	51	1	592
51295	8	45	49.000	  80.000	  79.000	  49.620	  70.000	  49.620	AttF2	1	49	1	874
51295	8	46	49.000	  80.000	  79.000	  49.620	  74.000	  45.325	AttRF2	5	51	1	906
51295	8	47	49.000	  82.000	  80.000	  50.225	  49.000	  75.000	AttF1	6	51	1	913
51295	8	48	49.000	  79.000	  84.000	  58.000	  68.000	  61.000	Fill	2	50	3	685
51295	8	49	60.000	  84.000	  80.000	  51.000	  60.000	  69.000	Fill	2	49	1	1278
51295	8	50	49.000	  78.000	  77.000	  49.636	  47.058	  73.000	AttRF1	4	50	1	781
51295	8	51	48.000	  79.000	  79.000	  48.000	  44.962	  74.000	AttRF1	2	49	1	968
51295	8	52	49.000	  78.000	  85.000	  60.000	  69.000	  59.000	Fill	2	49	1	730
51295	8	53	52.000	  80.000	  79.000	  52.658	  70.000	  52.658	AttF2	3	50	1	1250
51295	8	54	49.000	  80.000	  79.000	  49.620	  79.000	  40.620	AttR2	5	51	1	584
51295	8	55	49.000	  78.000	  79.000	  48.380	  49.000	  69.000	AttF1	4	50	1	1171
51295	8	56	49.000	  78.000	  77.000	  49.636	  77.000	  41.636	AttR2	2	51	2	740
51295	8	57	50.000	  80.000	  81.000	  49.383	  81.000	  41.383	AttR2	3	49	2	1002
51295	8	58	50.000	  80.000	  80.000	  50.000	  73.000	  50.000	AttF2	4	49	3	1542
51295	8	59	48.000	  79.000	  79.000	  48.000	  48.000	  72.000	AttF1	1	50	2	955
51295	8	60	59.000	  84.000	  82.000	  49.000	  62.000	  68.000	Fill	4	50	1	705
51295	8	61	50.000	  80.000	  80.000	  50.000	  80.000	  41.000	AttR2	5	51	1	709
51295	8	62	50.000	  80.000	  80.000	  50.000	  76.000	  47.500	AttRF2	1	50	2	642
51295	8	63	49.000	  82.000	  80.000	  50.225	  71.000	  50.225	AttF2	2	49	1	586
51295	8	64	50.000	  80.000	  86.000	  60.000	  67.000	  59.000	Fill	5	49	2	813
51295	8	65	48.000	  79.000	  79.000	  48.000	  74.000	  44.962	AttRF2	5	51	1	1040
51295	8	66	52.000	  82.000	  81.000	  52.642	  77.000	  48.829	AttRF2	3	50	1	600
51295	8	67	50.000	  80.000	  81.000	  49.383	  45.725	  75.000	AttRF1	1	49	1	914
51295	8	68	50.000	  80.000	  80.000	  50.000	  46.875	  75.000	AttRF1	5	51	1	640
51295	8	69	57.000	  86.000	  81.000	  50.000	  60.000	  68.000	Fill	3	50	1	472
51295	8	70	50.000	  80.000	  78.000	  51.282	  78.000	  44.282	AttR2	5	51	1	738
51295	8	71	49.000	  78.000	  79.000	  48.380	  42.000	  78.000	AttR1	4	50	1	685
51295	8	72	50.000	  80.000	  78.000	  51.282	  50.000	  73.000	AttF1	4	50	1	613
51295	8	73	49.000	  80.000	  79.000	  49.620	  47.108	  75.000	AttRF1	6	51	1	1264
51295	8	74	52.000	  82.000	  81.000	  52.642	  43.000	  82.000	AttR1	2	51	2	793
51295	8	75	52.000	  80.000	  79.000	  52.658	  74.000	  48.100	AttRF2	5	49	2	819
51295	8	76	52.000	  82.000	  81.000	  52.642	  50.042	  77.000	AttRF1	3	49	2	1421
51295	8	77	49.000	  83.000	  85.000	  60.000	  70.000	  59.000	Fill	2	51	2	673
51295	8	78	49.000	  78.000	  79.000	  48.380	  75.000	  47.115	AttRF2	5	49	2	1368
51295	8	79	49.000	  80.000	  79.000	  49.620	  49.000	  72.000	AttF1	6	51	1	938
51295	8	80	48.000	  79.000	  79.000	  48.000	  70.000	  48.000	AttF2	2	51	2	856
51295	9	1	50.000	  81.000	  81.000	  50.000	  50.000	  73.000	AttF1	5	51	1	1129
51295	9	2	61.000	  86.000	  81.000	  49.000	  58.000	  69.000	Fill	2	51	2	1073
51295	9	3	53.000	  78.000	  76.000	  54.395	  76.000	  45.395	AttR2	5	51	1	816
51295	9	4	57.000	  87.000	  80.000	  51.000	  59.000	  70.000	Fill	4	50	1	556
51295	9	5	49.000	  79.000	  87.000	  61.000	  68.000	  60.000	Fill	5	49	2	737
51295	9	6	48.000	  79.000	  78.000	  48.615	  71.000	  48.615	AttF2	3	51	3	910
51295	9	7	50.000	  81.000	  79.000	  51.266	  74.000	  45.679	AttRF2	2	51	2	868
51295	9	8	50.000	  83.000	  85.000	  48.824	  42.000	  83.000	AttR1	3	50	1	1028
51295	9	9	51.000	  77.000	  76.000	  51.671	  44.000	  77.000	AttR1	6	51	1	718
51295	9	10	50.000	  83.000	  85.000	  48.824	  85.000	  41.824	AttR2	3	50	1	572
51295	9	11	50.000	  81.000	  82.000	  49.390	  46.379	  77.000	AttRF1	3	50	1	558
51295	9	12	60.000	  85.000	  82.000	  49.000	  60.000	  70.000	Fill	1	49	1	604
51295	9	13	50.000	  83.000	  85.000	  48.824	  50.000	  76.000	AttF1	4	51	2	774
51295	9	14	50.000	  78.000	  86.000	  58.000	  67.000	  59.000	Fill	6	50	2	457
51295	9	15	49.000	  81.000	  85.000	  60.000	  67.000	  60.000	Fill	4	51	2	593
51295	9	16	51.000	  77.000	  76.000	  51.671	  68.000	  51.671	AttF2	2	51	2	660
51295	9	17	50.000	  81.000	  82.000	  49.390	  50.000	  73.000	AttF1	5	51	1	596
51295	9	18	50.000	  81.000	  81.000	  50.000	  46.914	  76.000	AttRF1	4	50	1	606
51295	9	19	50.000	  81.000	  81.000	  50.000	  76.000	  46.914	AttRF2	2	49	1	593
51295	9	20	50.000	  80.000	  81.000	  49.383	  50.000	  71.000	AttF1	2	49	1	540
51295	9	21	50.000	  81.000	  85.000	  59.000	  66.000	  57.000	Fill	2	51	2	865
51295	9	22	50.000	  81.000	  86.000	  61.000	  69.000	  60.000	Fill	3	49	2	641
51295	9	23	50.000	  83.000	  85.000	  48.824	  81.000	  48.795	AttRF2	4	50	1	529
51295	9	24	53.000	  78.000	  76.000	  54.395	  52.248	  73.000	AttRF1	4	50	1	854
51295	9	25	50.000	  81.000	  79.000	  51.266	  72.000	  51.266	AttF2	2	49	1	550
51295	9	26	53.000	  78.000	  76.000	  54.395	  71.000	  48.244	AttRF2	2	51	2	1060
51295	9	27	53.000	  78.000	  76.000	  54.395	  44.000	  78.000	AttR1	3	50	1	507
51295	9	28	50.000	  81.000	  79.000	  51.266	  49.319	  76.000	AttRF1	2	49	1	778
51295	9	29	50.000	  83.000	  85.000	  48.824	  76.000	  48.824	AttF2	1	50	2	739
51295	9	30	50.000	  81.000	  82.000	  49.390	  82.000	  42.390	AttR2	4	50	1	626
51295	9	31	50.000	  80.000	  81.000	  49.383	  45.725	  75.000	AttRF1	4	50	1	500
51295	9	32	49.000	  81.000	  82.000	  48.402	  82.000	  40.402	AttR2	1	49	1	752
51295	9	33	50.000	  81.000	  79.000	  51.266	  79.000	  42.266	AttR2	2	49	1	526
51295	9	34	53.000	  79.000	  84.000	  57.000	  68.000	  60.000	Fill	6	50	2	628
51295	9	35	50.000	  81.000	  82.000	  49.390	  42.000	  81.000	AttR1	2	49	1	590
51295	9	36	51.000	  77.000	  76.000	  51.671	  71.000	  47.026	AttRF2	3	50	1	1377
51295	9	37	49.000	  81.000	  82.000	  48.402	  40.000	  81.000	AttR1	1	49	1	1187
51295	9	38	50.000	  81.000	  82.000	  49.390	  78.000	  48.148	AttRF2	5	51	1	813
51295	9	39	50.000	  78.000	  80.000	  48.750	  43.000	  78.000	AttR1	1	49	1	793
51295	9	40	50.000	  81.000	  81.000	  50.000	  42.000	  81.000	AttR1	3	50	1	700
51295	9	41	48.000	  79.000	  78.000	  48.615	  46.122	  74.000	AttRF1	3	50	1	913
51295	9	42	59.000	  86.000	  81.000	  53.000	  60.000	  68.000	Fill	5	51	1	661
51295	9	43	58.000	  82.000	  79.000	  49.000	  58.000	  70.000	Fill	3	50	1	766
51295	9	44	51.000	  77.000	  76.000	  51.671	  48.952	  72.000	AttRF1	5	51	1	952
51295	9	45	50.000	  80.000	  81.000	  49.383	  81.000	  42.383	AttR2	6	51	1	766
51295	9	46	50.000	  80.000	  81.000	  49.383	  43.000	  80.000	AttR1	2	49	1	785
51295	9	47	50.000	  82.000	  86.000	  60.000	  69.000	  59.000	Fill	5	49	2	724
51295	9	48	50.000	  81.000	  82.000	  49.390	  74.000	  49.390	AttF2	3	49	2	1153
51295	9	49	50.000	  78.000	  80.000	  48.750	  50.000	  70.000	AttF1	4	50	1	1126
51295	9	50	48.000	  79.000	  78.000	  48.615	  48.000	  72.000	AttF1	4	51	2	1339
51295	9	51	53.000	  78.000	  76.000	  54.395	  68.000	  54.395	AttF2	3	50	1	593
51295	9	52	49.000	  81.000	  82.000	  48.402	  45.451	  77.000	AttRF1	2	49	1	1564
51295	9	53	50.000	  78.000	  80.000	  48.750	  72.000	  48.750	AttF2	5	51	1	921
51295	9	54	50.000	  80.000	  83.000	  60.000	  70.000	  62.000	Fill	4	51	2	614
51295	9	55	60.000	  86.000	  80.000	  51.000	  60.000	  68.000	Fill	3	50	1	697
51295	9	56	49.000	  81.000	  82.000	  48.402	  73.000	  48.402	AttF2	5	51	1	682
51295	9	57	51.000	  77.000	  76.000	  51.671	  51.000	  69.000	AttF1	4	50	1	905
51295	9	58	50.000	  78.000	  80.000	  48.750	  75.000	  48.077	AttRF2	5	51	1	647
51295	9	59	50.000	  78.000	  80.000	  48.750	  44.484	  73.000	AttRF1	2	49	1	814
51295	9	60	50.000	  81.000	  81.000	  50.000	  81.000	  43.000	AttR2	2	49	1	793
51295	9	61	50.000	  80.000	  87.000	  59.000	  68.000	  59.000	Fill	3	49	2	620
51295	9	62	50.000	  78.000	  80.000	  48.750	  80.000	  41.750	AttR2	5	51	1	767
51295	9	63	50.000	  80.000	  81.000	  49.383	  76.000	  47.500	AttRF2	1	49	1	561
51295	9	64	64.000	  86.000	  79.000	  49.000	  59.000	  69.000	Fill	4	50	1	526
51295	9	65	51.000	  77.000	  76.000	  51.671	  76.000	  42.671	AttR2	4	50	1	644
51295	9	66	58.000	  88.000	  79.000	  50.000	  57.000	  69.000	Fill	1	49	1	692
51295	9	67	48.000	  79.000	  78.000	  48.615	  78.000	  40.615	AttR2	4	51	2	636
51295	9	68	49.000	  81.000	  82.000	  48.402	  49.000	  73.000	AttF1	4	50	1	516
51295	9	69	53.000	  78.000	  76.000	  54.395	  53.000	  69.000	AttF1	6	50	2	624
51295	9	70	60.000	  82.000	  80.000	  51.000	  59.000	  68.000	Fill	5	51	1	870
51295	9	71	50.000	  83.000	  85.000	  48.824	  45.377	  79.000	AttRF1	2	49	1	988
51295	9	72	50.000	  81.000	  79.000	  51.266	  41.000	  81.000	AttR1	5	49	2	606
51295	9	73	48.000	  80.000	  87.000	  58.000	  69.000	  60.000	Fill	6	50	2	481
51295	9	74	48.000	  79.000	  78.000	  48.615	  74.000	  44.962	AttRF2	1	50	2	585
51295	9	75	48.000	  79.000	  78.000	  48.615	  40.000	  79.000	AttR1	4	51	2	628
51295	9	76	50.000	  81.000	  79.000	  51.266	  50.000	  73.000	AttF1	4	50	1	501
51295	9	77	58.000	  83.000	  79.000	  49.000	  58.000	  69.000	Fill	4	50	1	524
51295	9	78	50.000	  81.000	  81.000	  50.000	  72.000	  50.000	AttF2	2	51	2	825
51295	9	79	50.000	  80.000	  81.000	  49.383	  74.000	  49.383	AttF2	5	49	2	827
51295	9	80	49.000	  81.000	  82.000	  48.402	  78.000	  47.185	AttRF2	2	49	1	622
