username: 51535, Experiment time (minutes): 25
Operating system: Windows XP
Manufacturer: Google Windows
Player type: PlugIn
Version: WIN 10,3,183,5

username	blkNum	trlNum	Rect1Height	Rect1Width	Rect2Height	Rect2Width	Rect3Height	Rect3Width	Effect	StimPosition	rawResp	response	RT
51535	0	1	85	60	80	50	65	60	Fill	5	50	3	1674
51535	0	2	50	85	85	50	80	50	Att2	3	51	3	1285
51535	0	3	50	80	80	50	32	125	Com1	3	49	2	1545
51535	1	1	50.000	  82.000	  81.000	  50.617	  74.000	  50.617	AttF2	1	50	2	1557
51535	1	2	47.000	  81.000	  83.000	  45.867	  83.000	  36.867	AttR2	5	49	2	1662
51535	1	3	50.000	  82.000	  81.000	  50.617	  76.000	  46.341	AttRF2	4	51	2	1753
51535	1	4	50.000	  81.000	  82.000	  49.390	  43.000	  81.000	AttR1	2	51	2	1657
51535	1	5	58.000	  86.000	  79.000	  50.000	  57.000	  66.000	Fill	2	49	1	1150
51535	1	6	49.000	  80.000	  81.000	  48.395	  73.000	  48.395	AttF2	5	51	1	1538
51535	1	7	49.000	  80.000	  81.000	  48.395	  49.000	  71.000	AttF1	3	49	2	1102
51535	1	8	49.000	  80.000	  81.000	  48.395	  45.408	  76.000	AttRF1	3	49	2	828
51535	1	9	55.000	  82.000	  83.000	  54.337	  46.000	  82.000	AttR1	1	49	1	2150
51535	1	10	52.000	  82.000	  84.000	  58.000	  70.000	  59.000	Fill	1	50	2	1558
51535	1	11	50.000	  81.000	  82.000	  49.390	  50.000	  74.000	AttF1	4	50	1	1757
51535	1	12	51.000	  78.000	  79.000	  50.354	  70.000	  50.354	AttF2	2	51	2	1894
51535	1	13	50.000	  81.000	  85.000	  60.000	  68.000	  59.000	Fill	1	50	2	1293
51535	1	14	48.000	  79.000	  84.000	  64.000	  68.000	  59.000	Fill	4	51	2	1231
51535	1	15	51.000	  80.000	  82.000	  49.756	  73.000	  49.756	AttF2	4	50	1	2042
51535	1	16	53.000	  84.000	  82.000	  54.293	  82.000	  46.293	AttR2	3	49	2	1364
51535	1	17	50.000	  80.000	  85.000	  60.000	  69.000	  60.000	Fill	4	51	2	939
51535	1	18	60.000	  86.000	  78.000	  48.000	  59.000	  66.000	Fill	1	49	1	1047
51535	1	19	53.000	  84.000	  82.000	  54.293	  77.000	  48.583	AttRF2	1	50	2	1356
51535	1	20	47.000	  84.000	  86.000	  60.000	  68.000	  59.000	Fill	2	51	2	1531
51535	1	21	51.000	  80.000	  82.000	  49.756	  82.000	  40.756	AttR2	5	51	1	1473
51535	1	22	51.000	  78.000	  79.000	  50.354	  46.530	  73.000	AttRF1	4	50	1	1316
51535	1	23	55.000	  82.000	  83.000	  54.337	  79.000	  52.988	AttRF2	2	49	1	982
51535	1	24	54.000	  82.000	  80.000	  55.350	  73.000	  55.350	AttF2	4	50	1	1314
51535	1	25	54.000	  82.000	  80.000	  55.350	  47.000	  82.000	AttR1	3	50	1	961
51535	1	26	54.000	  82.000	  80.000	  55.350	  80.000	  46.350	AttR2	5	51	1	1207
51535	1	27	48.000	  80.000	  81.000	  47.407	  72.000	  47.407	AttF2	4	50	1	1062
51535	1	28	50.000	  82.000	  81.000	  50.617	  48.743	  78.000	AttRF1	1	49	1	856
51535	1	29	54.000	  82.000	  80.000	  55.350	  53.966	  78.000	AttRF1	1	51	3	1270
51535	1	30	50.000	  81.000	  82.000	  49.390	  45.776	  76.000	AttRF1	1	50	2	1288
51535	1	31	51.000	  80.000	  82.000	  49.756	  77.000	  49.087	AttRF2	3	49	2	1729
51535	1	32	48.000	  80.000	  81.000	  47.407	  81.000	  39.407	AttR2	5	49	2	1474
51535	1	33	64.000	  84.000	  81.000	  50.000	  59.000	  68.000	Fill	5	51	1	959
51535	1	34	49.000	  80.000	  81.000	  48.395	  40.000	  80.000	AttR1	4	50	1	850
51535	1	35	55.000	  82.000	  83.000	  54.337	  50.409	  77.000	AttRF1	1	50	2	959
51535	1	36	49.000	  80.000	  81.000	  48.395	  81.000	  40.395	AttR2	6	50	2	778
51535	1	37	58.000	  82.000	  77.000	  50.000	  60.000	  69.000	Fill	3	50	1	832
51535	1	38	60.000	  84.000	  79.000	  50.000	  56.000	  69.000	Fill	3	50	1	1569
51535	1	39	51.000	  80.000	  82.000	  49.756	  46.115	  76.000	AttRF1	3	49	2	1089
51535	1	40	53.000	  84.000	  82.000	  54.293	  52.968	  80.000	AttRF1	6	50	2	1584
51535	1	41	50.000	  82.000	  81.000	  50.617	  43.000	  82.000	AttR1	3	49	2	1628
51535	1	42	57.000	  86.000	  82.000	  49.000	  59.000	  70.000	Fill	5	50	3	1571
51535	1	43	50.000	  82.000	  81.000	  50.617	  50.000	  74.000	AttF1	4	50	1	1383
51535	1	44	51.000	  78.000	  79.000	  50.354	  75.000	  49.038	AttRF2	4	50	1	1434
51535	1	45	47.000	  81.000	  83.000	  45.867	  75.000	  45.867	AttF2	5	51	1	2586
51535	1	46	50.000	  81.000	  82.000	  49.390	  73.000	  49.390	AttF2	5	51	1	1373
51535	1	47	54.000	  82.000	  80.000	  55.350	  54.000	  75.000	AttF1	5	49	2	1237
51535	1	48	54.000	  82.000	  80.000	  55.350	  75.000	  49.390	AttRF2	5	49	2	1126
51535	1	49	55.000	  82.000	  83.000	  54.337	  55.000	  74.000	AttF1	4	50	1	1651
51535	1	50	48.000	  80.000	  81.000	  47.407	  39.000	  80.000	AttR1	6	51	1	1525
51535	1	51	51.000	  79.000	  86.000	  62.000	  68.000	  59.000	Fill	5	49	2	947
51535	1	52	52.000	  82.000	  85.000	  58.000	  68.000	  60.000	Fill	3	49	2	1063
51535	1	53	47.000	  80.000	  87.000	  59.000	  69.000	  58.000	Fill	1	50	2	1020
51535	1	54	55.000	  82.000	  83.000	  54.337	  83.000	  45.337	AttR2	1	50	2	1066
51535	1	55	51.000	  78.000	  79.000	  50.354	  42.000	  78.000	AttR1	1	49	1	2369
51535	1	56	51.000	  78.000	  79.000	  50.354	  79.000	  42.354	AttR2	4	50	1	1296
51535	1	57	51.000	  80.000	  82.000	  49.756	  51.000	  73.000	AttF1	1	50	2	1150
51535	1	58	53.000	  84.000	  82.000	  54.293	  46.000	  84.000	AttR1	4	50	1	1214
51535	1	59	47.000	  81.000	  83.000	  45.867	  78.000	  45.259	AttRF2	3	49	2	2033
51535	1	60	47.000	  81.000	  83.000	  45.867	  40.000	  81.000	AttR1	2	49	1	2410
51535	1	61	59.000	  85.000	  80.000	  49.000	  60.000	  69.000	Fill	1	49	1	1155
51535	1	62	60.000	  84.000	  80.000	  49.000	  60.000	  69.000	Fill	5	51	1	1080
51535	1	63	61.000	  85.000	  78.000	  48.000	  57.000	  67.000	Fill	2	49	1	807
51535	1	64	59.000	  87.000	  80.000	  47.000	  58.000	  69.000	Fill	3	50	1	833
51535	1	65	50.000	  82.000	  81.000	  50.617	  81.000	  42.617	AttR2	1	49	1	1183
51535	1	66	49.000	  80.000	  81.000	  48.395	  76.000	  46.550	AttRF2	3	50	1	1272
51535	1	67	47.000	  81.000	  83.000	  45.867	  41.999	  76.000	AttRF1	1	50	2	916
51535	1	68	50.000	  81.000	  82.000	  49.390	  82.000	  42.390	AttR2	5	51	1	2084
51535	1	69	48.000	  80.000	  81.000	  47.407	  77.000	  46.200	AttRF2	5	49	2	1017
51535	1	70	50.000	  78.000	  86.000	  59.000	  68.000	  60.000	Fill	6	50	2	746
51535	1	71	49.000	  81.000	  85.000	  59.000	  68.000	  58.000	Fill	5	49	2	949
51535	1	72	53.000	  84.000	  82.000	  54.293	  75.000	  54.293	AttF2	6	50	2	1029
51535	1	73	50.000	  81.000	  82.000	  49.390	  77.000	  47.531	AttRF2	3	50	1	1730
51535	1	74	53.000	  84.000	  82.000	  54.293	  53.000	  75.000	AttF1	6	50	2	1194
51535	1	75	51.000	  78.000	  79.000	  50.354	  51.000	  71.000	AttF1	3	50	1	820
51535	1	76	48.000	  80.000	  81.000	  47.407	  44.481	  76.000	AttRF1	5	51	1	1448
51535	1	77	47.000	  81.000	  83.000	  45.867	  47.000	  73.000	AttF1	1	50	2	968
51535	1	78	51.000	  80.000	  82.000	  49.756	  44.000	  80.000	AttR1	4	51	2	1349
51535	1	79	48.000	  80.000	  81.000	  47.407	  48.000	  72.000	AttF1	1	50	2	1060
51535	1	80	55.000	  82.000	  83.000	  54.337	  76.000	  54.337	AttF2	2	50	3	1631
51535	2	1	50.000	  78.000	  84.000	  60.000	  67.000	  57.000	Fill	6	50	2	2006
51535	2	2	52.000	  80.000	  79.000	  52.658	  44.000	  80.000	AttR1	4	50	1	690
51535	2	3	51.000	  82.000	  84.000	  60.000	  69.000	  60.000	Fill	1	50	2	625
51535	2	4	57.000	  86.000	  81.000	  50.000	  60.000	  68.000	Fill	5	51	1	1077
51535	2	5	50.000	  80.000	  80.000	  50.000	  42.000	  80.000	AttR1	1	50	2	798
51535	2	6	50.000	  80.000	  78.000	  51.282	  71.000	  51.282	AttF2	1	50	2	985
51535	2	7	49.000	  80.000	  79.000	  49.620	  70.000	  49.620	AttF2	2	51	2	1262
51535	2	8	49.000	  78.000	  79.000	  48.380	  45.318	  74.000	AttRF1	1	50	2	1052
51535	2	9	49.000	  79.000	  84.000	  58.000	  68.000	  61.000	Fill	6	50	2	492
51535	2	10	61.000	  82.000	  80.000	  53.000	  58.000	  67.000	Fill	6	51	1	982
51535	2	11	49.000	  82.000	  80.000	  50.225	  48.342	  77.000	AttRF1	6	50	2	682
51535	2	12	49.000	  78.000	  85.000	  60.000	  69.000	  59.000	Fill	5	49	2	714
51535	2	13	49.000	  82.000	  80.000	  50.225	  49.000	  75.000	AttF1	4	50	1	622
51535	2	14	61.000	  85.000	  80.000	  49.000	  59.000	  67.000	Fill	3	50	1	566
51535	2	15	48.000	  79.000	  79.000	  48.000	  79.000	  40.000	AttR2	1	50	2	1783
51535	2	16	49.000	  78.000	  79.000	  48.380	  70.000	  48.380	AttF2	3	50	1	848
51535	2	17	48.000	  79.000	  79.000	  48.000	  41.000	  79.000	AttR1	3	49	2	1350
51535	2	18	57.000	  86.000	  76.000	  51.000	  56.000	  67.000	Fill	5	51	1	804
51535	2	19	50.000	  80.000	  86.000	  60.000	  67.000	  59.000	Fill	4	51	2	867
51535	2	20	49.000	  78.000	  79.000	  48.380	  42.000	  78.000	AttR1	2	49	1	837
51535	2	21	49.000	  78.000	  79.000	  48.380	  79.000	  41.380	AttR2	5	49	2	1730
51535	2	22	60.000	  86.000	  78.000	  51.000	  62.000	  67.000	Fill	6	51	1	720
51535	2	23	52.000	  82.000	  81.000	  52.642	  72.000	  52.642	AttF2	5	51	1	1421
51535	2	24	49.000	  82.000	  80.000	  50.225	  80.000	  42.225	AttR2	5	49	2	842
51535	2	25	49.000	  78.000	  77.000	  49.636	  47.058	  73.000	AttRF1	3	49	2	1382
51535	2	26	50.000	  80.000	  80.000	  50.000	  76.000	  47.500	AttRF2	4	49	3	1264
51535	2	27	59.000	  84.000	  82.000	  49.000	  62.000	  68.000	Fill	2	50	3	1402
51535	2	28	50.000	  80.000	  80.000	  50.000	  80.000	  41.000	AttR2	3	50	1	1118
51535	2	29	61.000	  83.000	  79.000	  50.000	  60.000	  66.000	Fill	5	51	1	1136
51535	2	30	50.000	  80.000	  81.000	  49.383	  45.725	  75.000	AttRF1	4	51	2	1017
51535	2	31	60.000	  84.000	  80.000	  51.000	  60.000	  69.000	Fill	4	50	1	942
51535	2	32	49.000	  82.000	  80.000	  50.225	  40.000	  82.000	AttR1	5	49	2	693
51535	2	33	48.000	  79.000	  79.000	  48.000	  70.000	  48.000	AttF2	5	49	2	1338
51535	2	34	50.000	  80.000	  81.000	  49.383	  81.000	  41.383	AttR2	5	49	2	1079
51535	2	35	50.000	  80.000	  81.000	  49.383	  73.000	  49.383	AttF2	1	49	1	1319
51535	2	36	52.000	  80.000	  79.000	  52.658	  52.000	  72.000	AttF1	2	51	2	1182
51535	2	37	51.000	  79.000	  85.000	  59.000	  68.000	  60.000	Fill	2	51	2	1054
51535	2	38	48.000	  79.000	  79.000	  48.000	  48.000	  72.000	AttF1	2	51	2	939
51535	2	39	49.000	  82.000	  80.000	  50.225	  76.000	  45.415	AttRF2	2	51	2	1941
51535	2	40	50.000	  80.000	  80.000	  50.000	  50.000	  71.000	AttF1	5	49	2	2177
51535	2	41	49.000	  78.000	  79.000	  48.380	  75.000	  47.115	AttRF2	5	50	3	1820
51535	2	42	50.000	  80.000	  87.000	  59.000	  66.000	  58.000	Fill	4	51	2	1952
51535	2	43	52.000	  80.000	  79.000	  52.658	  74.000	  48.100	AttRF2	1	49	1	2857
51535	2	44	50.000	  80.000	  80.000	  50.000	  46.875	  75.000	AttRF1	4	51	2	2942
51535	2	45	61.000	  86.000	  81.000	  47.000	  60.000	  67.000	Fill	3	50	1	962
51535	2	46	49.000	  80.000	  79.000	  49.620	  74.000	  45.325	AttRF2	2	49	1	2731
51535	2	47	50.000	  82.000	  84.000	  60.000	  68.000	  58.000	Fill	2	51	2	1201
51535	2	48	51.000	  77.000	  85.000	  60.000	  68.000	  61.000	Fill	5	49	2	1536
51535	2	49	50.000	  80.000	  78.000	  51.282	  50.000	  73.000	AttF1	6	50	2	945
51535	2	50	49.000	  78.000	  77.000	  49.636	  72.000	  45.231	AttRF2	4	51	2	2645
51535	2	51	52.000	  80.000	  79.000	  52.658	  50.659	  76.000	AttRF1	2	51	2	1625
51535	2	52	52.000	  80.000	  79.000	  52.658	  79.000	  43.658	AttR2	6	51	1	2225
51535	2	53	48.000	  79.000	  79.000	  48.000	  44.962	  74.000	AttRF1	3	50	1	3357
51535	2	54	49.000	  83.000	  85.000	  60.000	  70.000	  59.000	Fill	2	51	2	2463
51535	2	55	49.000	  78.000	  79.000	  48.380	  49.000	  69.000	AttF1	4	51	2	1540
51535	2	56	49.000	  78.000	  77.000	  49.636	  41.000	  78.000	AttR1	6	51	1	2863
51535	2	57	52.000	  82.000	  81.000	  52.642	  50.042	  77.000	AttRF1	4	51	2	1573
51535	2	58	52.000	  80.000	  79.000	  52.658	  70.000	  52.658	AttF2	4	51	2	2435
51535	2	59	50.000	  80.000	  78.000	  51.282	  49.967	  76.000	AttRF1	5	51	1	1434
51535	2	60	48.000	  79.000	  79.000	  48.000	  74.000	  44.962	AttRF2	4	50	1	2772
51535	2	61	49.000	  78.000	  77.000	  49.636	  69.000	  49.636	AttF2	4	51	2	1184
51535	2	62	49.000	  80.000	  79.000	  49.620	  41.000	  80.000	AttR1	5	49	2	1030
51535	2	63	52.000	  82.000	  81.000	  52.642	  81.000	  44.642	AttR2	6	51	1	920
51535	2	64	49.000	  80.000	  79.000	  49.620	  47.108	  75.000	AttRF1	4	50	1	1192
51535	2	65	49.000	  80.000	  79.000	  49.620	  49.000	  72.000	AttF1	3	49	2	2485
51535	2	66	50.000	  80.000	  81.000	  49.383	  41.000	  80.000	AttR1	4	51	2	1656
51535	2	67	50.000	  80.000	  78.000	  51.282	  41.000	  80.000	AttR1	3	49	2	994
51535	2	68	49.000	  78.000	  77.000	  49.636	  49.000	  69.000	AttF1	2	49	1	1297
51535	2	69	50.000	  80.000	  80.000	  50.000	  73.000	  50.000	AttF2	1	50	2	1294
51535	2	70	52.000	  82.000	  81.000	  52.642	  43.000	  82.000	AttR1	4	50	1	1067
51535	2	71	59.000	  85.000	  80.000	  50.000	  60.000	  68.000	Fill	2	49	1	1877
51535	2	72	49.000	  82.000	  80.000	  50.225	  71.000	  50.225	AttF2	6	50	2	2119
51535	2	73	49.000	  78.000	  77.000	  49.636	  77.000	  41.636	AttR2	3	49	2	2417
51535	2	74	50.000	  80.000	  81.000	  49.383	  76.000	  47.500	AttRF2	5	49	2	1294
51535	2	75	50.000	  80.000	  78.000	  51.282	  78.000	  44.282	AttR2	4	51	2	1732
51535	2	76	49.000	  80.000	  79.000	  49.620	  79.000	  40.620	AttR2	3	49	2	1351
51535	2	77	52.000	  82.000	  81.000	  52.642	  77.000	  48.829	AttRF2	2	51	2	1987
51535	2	78	50.000	  80.000	  81.000	  49.383	  50.000	  71.000	AttF1	2	49	1	1090
51535	2	79	50.000	  80.000	  78.000	  51.282	  74.000	  46.250	AttRF2	2	49	1	1099
51535	2	80	52.000	  82.000	  81.000	  52.642	  52.000	  75.000	AttF1	5	49	2	1301
51535	3	1	51.000	  77.000	  76.000	  51.671	  51.000	  69.000	AttF1	2	50	3	2303
51535	3	2	59.000	  86.000	  81.000	  53.000	  60.000	  68.000	Fill	1	49	1	790
51535	3	3	50.000	  81.000	  81.000	  50.000	  76.000	  46.914	AttRF2	4	51	2	900
51535	3	4	50.000	  83.000	  85.000	  48.824	  76.000	  48.824	AttF2	1	50	2	1024
51535	3	5	49.000	  81.000	  82.000	  48.402	  82.000	  40.402	AttR2	5	49	2	1205
51535	3	6	50.000	  81.000	  79.000	  51.266	  72.000	  51.266	AttF2	1	49	1	1911
51535	3	7	50.000	  81.000	  82.000	  49.390	  46.379	  77.000	AttRF1	6	50	2	1400
51535	3	8	50.000	  78.000	  80.000	  48.750	  72.000	  48.750	AttF2	4	49	3	940
51535	3	9	50.000	  78.000	  80.000	  48.750	  50.000	  70.000	AttF1	5	49	2	735
51535	3	10	50.000	  83.000	  85.000	  48.824	  45.377	  79.000	AttRF1	4	50	1	1212
51535	3	11	49.000	  81.000	  82.000	  48.402	  40.000	  81.000	AttR1	4	50	1	906
51535	3	12	64.000	  86.000	  79.000	  49.000	  59.000	  69.000	Fill	5	51	1	1268
51535	3	13	50.000	  81.000	  79.000	  51.266	  49.319	  76.000	AttRF1	1	50	2	1877
51535	3	14	53.000	  78.000	  76.000	  54.395	  71.000	  48.244	AttRF2	5	49	2	1178
51535	3	15	50.000	  81.000	  85.000	  59.000	  66.000	  57.000	Fill	2	51	2	917
51535	3	16	50.000	  78.000	  80.000	  48.750	  44.484	  73.000	AttRF1	2	49	1	1675
51535	3	17	50.000	  81.000	  82.000	  49.390	  50.000	  73.000	AttF1	3	49	2	1261
51535	3	18	50.000	  80.000	  81.000	  49.383	  45.725	  75.000	AttRF1	6	50	2	1062
51535	3	19	50.000	  78.000	  80.000	  48.750	  80.000	  41.750	AttR2	4	50	1	1977
51535	3	20	50.000	  78.000	  80.000	  48.750	  75.000	  48.077	AttRF2	2	50	3	1450
51535	3	21	48.000	  79.000	  78.000	  48.615	  48.000	  72.000	AttF1	3	49	2	841
51535	3	22	50.000	  81.000	  86.000	  61.000	  69.000	  60.000	Fill	6	50	2	772
51535	3	23	60.000	  85.000	  82.000	  49.000	  60.000	  70.000	Fill	1	49	1	1509
51535	3	24	50.000	  83.000	  85.000	  48.824	  42.000	  83.000	AttR1	4	50	1	1654
51535	3	25	50.000	  81.000	  82.000	  49.390	  74.000	  49.390	AttF2	1	49	1	1354
51535	3	26	49.000	  81.000	  82.000	  48.402	  45.451	  77.000	AttRF1	2	49	1	928
51535	3	27	50.000	  83.000	  85.000	  48.824	  50.000	  76.000	AttF1	1	49	1	1988
51535	3	28	53.000	  79.000	  84.000	  57.000	  68.000	  60.000	Fill	2	51	2	1082
51535	3	29	48.000	  79.000	  78.000	  48.615	  74.000	  44.962	AttRF2	5	49	2	4086
51535	3	30	51.000	  77.000	  76.000	  51.671	  48.952	  72.000	AttRF1	3	49	2	1074
51535	3	31	60.000	  86.000	  80.000	  51.000	  60.000	  68.000	Fill	4	50	1	1314
51535	3	32	50.000	  81.000	  81.000	  50.000	  81.000	  43.000	AttR2	4	51	2	3511
51535	3	33	48.000	  80.000	  87.000	  58.000	  69.000	  60.000	Fill	2	51	2	1788
51535	3	34	49.000	  81.000	  85.000	  60.000	  67.000	  60.000	Fill	3	49	2	1441
51535	3	35	50.000	  81.000	  81.000	  50.000	  72.000	  50.000	AttF2	3	49	2	2505
51535	3	36	50.000	  80.000	  81.000	  49.383	  81.000	  42.383	AttR2	2	51	2	1492
51535	3	37	51.000	  77.000	  76.000	  51.671	  71.000	  47.026	AttRF2	5	49	2	1685
51535	3	38	60.000	  82.000	  80.000	  51.000	  59.000	  68.000	Fill	5	51	1	2173
51535	3	39	53.000	  78.000	  76.000	  54.395	  53.000	  69.000	AttF1	6	50	2	1528
51535	3	40	48.000	  79.000	  78.000	  48.615	  40.000	  79.000	AttR1	2	51	2	1858
51535	3	41	53.000	  78.000	  76.000	  54.395	  44.000	  78.000	AttR1	2	51	2	941
51535	3	42	48.000	  79.000	  78.000	  48.615	  71.000	  48.615	AttF2	2	51	2	1861
51535	3	43	49.000	  81.000	  82.000	  48.402	  78.000	  47.185	AttRF2	5	49	2	3414
51535	3	44	58.000	  83.000	  79.000	  49.000	  58.000	  69.000	Fill	2	49	1	1116
51535	3	45	50.000	  78.000	  80.000	  48.750	  43.000	  78.000	AttR1	5	49	2	1299
51535	3	46	49.000	  81.000	  82.000	  48.402	  73.000	  48.402	AttF2	4	51	2	1073
51535	3	47	50.000	  81.000	  81.000	  50.000	  46.914	  76.000	AttRF1	4	49	3	1688
51535	3	48	50.000	  81.000	  79.000	  51.266	  74.000	  45.679	AttRF2	5	49	2	1185
51535	3	49	50.000	  81.000	  79.000	  51.266	  41.000	  81.000	AttR1	1	50	2	968
51535	3	50	50.000	  83.000	  85.000	  48.824	  81.000	  48.795	AttRF2	5	50	3	1707
51535	3	51	57.000	  87.000	  80.000	  51.000	  59.000	  70.000	Fill	4	50	1	783
51535	3	52	58.000	  88.000	  79.000	  50.000	  57.000	  69.000	Fill	4	50	1	827
51535	3	53	49.000	  81.000	  82.000	  48.402	  49.000	  73.000	AttF1	4	51	2	910
51535	3	54	50.000	  80.000	  81.000	  49.383	  43.000	  80.000	AttR1	4	51	2	1333
51535	3	55	53.000	  78.000	  76.000	  54.395	  68.000	  54.395	AttF2	6	50	2	825
51535	3	56	51.000	  77.000	  76.000	  51.671	  68.000	  51.671	AttF2	6	50	2	1520
51535	3	57	53.000	  78.000	  76.000	  54.395	  76.000	  45.395	AttR2	5	51	1	894
51535	3	58	50.000	  81.000	  79.000	  51.266	  50.000	  73.000	AttF1	3	49	2	1366
51535	3	59	50.000	  81.000	  82.000	  49.390	  78.000	  48.148	AttRF2	3	49	2	1463
51535	3	60	50.000	  81.000	  81.000	  50.000	  50.000	  73.000	AttF1	1	50	2	1403
51535	3	61	50.000	  81.000	  82.000	  49.390	  82.000	  42.390	AttR2	5	49	2	1193
51535	3	62	50.000	  81.000	  81.000	  50.000	  42.000	  81.000	AttR1	1	51	3	1131
51535	3	63	51.000	  77.000	  76.000	  51.671	  76.000	  42.671	AttR2	1	50	2	1124
51535	3	64	61.000	  86.000	  81.000	  49.000	  58.000	  69.000	Fill	2	49	1	1149
51535	3	65	50.000	  82.000	  86.000	  60.000	  69.000	  59.000	Fill	2	51	2	1211
51535	3	66	50.000	  80.000	  87.000	  59.000	  68.000	  59.000	Fill	4	51	2	1357
51535	3	67	50.000	  83.000	  85.000	  48.824	  85.000	  41.824	AttR2	3	50	1	1427
51535	3	68	50.000	  80.000	  81.000	  49.383	  50.000	  71.000	AttF1	5	49	2	1145
51535	3	69	50.000	  81.000	  82.000	  49.390	  42.000	  81.000	AttR1	3	50	1	1715
51535	3	70	50.000	  81.000	  79.000	  51.266	  79.000	  42.266	AttR2	1	50	2	1294
51535	3	71	53.000	  78.000	  76.000	  54.395	  52.248	  73.000	AttRF1	6	50	2	2263
51535	3	72	50.000	  78.000	  86.000	  58.000	  67.000	  59.000	Fill	4	51	2	1641
51535	3	73	58.000	  82.000	  79.000	  49.000	  58.000	  70.000	Fill	4	50	1	1495
51535	3	74	51.000	  77.000	  76.000	  51.671	  44.000	  77.000	AttR1	3	49	2	1231
51535	3	75	49.000	  79.000	  87.000	  61.000	  68.000	  60.000	Fill	5	49	2	901
51535	3	76	48.000	  79.000	  78.000	  48.615	  78.000	  40.615	AttR2	4	50	1	1904
51535	3	77	48.000	  79.000	  78.000	  48.615	  46.122	  74.000	AttRF1	3	49	2	1332
51535	3	78	50.000	  80.000	  83.000	  60.000	  70.000	  62.000	Fill	1	50	2	946
51535	3	79	50.000	  80.000	  81.000	  49.383	  74.000	  49.383	AttF2	3	51	3	2113
51535	3	80	50.000	  80.000	  81.000	  49.383	  76.000	  47.500	AttRF2	4	51	2	2293
51535	4	1	47.000	  81.000	  83.000	  45.867	  47.000	  73.000	AttF1	2	49	1	2421
51535	4	2	54.000	  82.000	  80.000	  55.350	  54.000	  75.000	AttF1	5	50	3	837
51535	4	3	51.000	  78.000	  79.000	  50.354	  79.000	  42.354	AttR2	2	51	2	1198
51535	4	4	51.000	  80.000	  82.000	  49.756	  77.000	  49.087	AttRF2	6	51	1	869
51535	4	5	51.000	  78.000	  79.000	  50.354	  70.000	  50.354	AttF2	4	50	1	731
51535	4	6	51.000	  78.000	  79.000	  50.354	  46.530	  73.000	AttRF1	1	50	2	621
51535	4	7	50.000	  81.000	  82.000	  49.390	  73.000	  49.390	AttF2	6	50	2	871
51535	4	8	48.000	  80.000	  81.000	  47.407	  81.000	  39.407	AttR2	2	51	2	658
51535	4	9	49.000	  80.000	  81.000	  48.395	  45.408	  76.000	AttRF1	2	51	2	686
51535	4	10	50.000	  81.000	  82.000	  49.390	  43.000	  81.000	AttR1	5	49	2	695
51535	4	11	54.000	  82.000	  80.000	  55.350	  80.000	  46.350	AttR2	2	49	1	835
51535	4	12	60.000	  86.000	  78.000	  48.000	  59.000	  66.000	Fill	6	51	1	714
51535	4	13	50.000	  82.000	  81.000	  50.617	  76.000	  46.341	AttRF2	6	50	2	627
51535	4	14	55.000	  82.000	  83.000	  54.337	  83.000	  45.337	AttR2	3	49	2	590
51535	4	15	51.000	  78.000	  79.000	  50.354	  51.000	  71.000	AttF1	4	50	1	636
51535	4	16	47.000	  81.000	  83.000	  45.867	  83.000	  36.867	AttR2	6	50	2	1177
51535	4	17	51.000	  78.000	  79.000	  50.354	  42.000	  78.000	AttR1	3	49	2	841
51535	4	18	64.000	  84.000	  81.000	  50.000	  59.000	  68.000	Fill	6	51	1	750
51535	4	19	51.000	  80.000	  82.000	  49.756	  82.000	  40.756	AttR2	5	49	2	1002
51535	4	20	47.000	  80.000	  87.000	  59.000	  69.000	  58.000	Fill	4	51	2	911
51535	4	21	50.000	  81.000	  82.000	  49.390	  50.000	  74.000	AttF1	1	50	2	843
51535	4	22	49.000	  80.000	  81.000	  48.395	  49.000	  71.000	AttF1	2	49	1	899
51535	4	23	58.000	  82.000	  77.000	  50.000	  60.000	  69.000	Fill	4	51	2	944
51535	4	24	60.000	  84.000	  80.000	  49.000	  60.000	  69.000	Fill	4	50	1	623
51535	4	25	54.000	  82.000	  80.000	  55.350	  75.000	  49.390	AttRF2	4	50	1	859
51535	4	26	48.000	  80.000	  81.000	  47.407	  44.481	  76.000	AttRF1	5	49	2	671
51535	4	27	50.000	  81.000	  82.000	  49.390	  45.776	  76.000	AttRF1	1	50	2	1143
51535	4	28	58.000	  86.000	  79.000	  50.000	  57.000	  66.000	Fill	3	50	1	659
51535	4	29	53.000	  84.000	  82.000	  54.293	  46.000	  84.000	AttR1	2	51	2	1331
51535	4	30	50.000	  82.000	  81.000	  50.617	  50.000	  74.000	AttF1	5	49	2	1200
51535	4	31	55.000	  82.000	  83.000	  54.337	  76.000	  54.337	AttF2	2	51	2	1315
51535	4	32	49.000	  80.000	  81.000	  48.395	  76.000	  46.550	AttRF2	6	50	2	748
51535	4	33	57.000	  86.000	  82.000	  49.000	  59.000	  70.000	Fill	2	49	1	1114
51535	4	34	55.000	  82.000	  83.000	  54.337	  79.000	  52.988	AttRF2	6	50	2	1805
51535	4	35	51.000	  80.000	  82.000	  49.756	  44.000	  80.000	AttR1	2	49	1	966
51535	4	36	49.000	  80.000	  81.000	  48.395	  81.000	  40.395	AttR2	6	50	2	1149
51535	4	37	49.000	  80.000	  81.000	  48.395	  73.000	  48.395	AttF2	5	49	2	996
51535	4	38	61.000	  85.000	  78.000	  48.000	  57.000	  67.000	Fill	1	49	1	737
51535	4	39	47.000	  81.000	  83.000	  45.867	  78.000	  45.259	AttRF2	4	49	3	1200
51535	4	40	50.000	  81.000	  82.000	  49.390	  77.000	  47.531	AttRF2	5	50	3	2207
51535	4	41	51.000	  78.000	  79.000	  50.354	  75.000	  49.038	AttRF2	2	51	2	1220
51535	4	42	55.000	  82.000	  83.000	  54.337	  55.000	  74.000	AttF1	5	49	2	803
51535	4	43	50.000	  82.000	  81.000	  50.617	  74.000	  50.617	AttF2	2	49	1	529
51535	4	44	49.000	  81.000	  85.000	  59.000	  68.000	  58.000	Fill	4	51	2	1178
51535	4	45	59.000	  87.000	  80.000	  47.000	  58.000	  69.000	Fill	5	51	1	1232
51535	4	46	51.000	  80.000	  82.000	  49.756	  73.000	  49.756	AttF2	4	51	2	1779
51535	4	47	51.000	  80.000	  82.000	  49.756	  51.000	  73.000	AttF1	2	51	2	1464
51535	4	48	48.000	  79.000	  84.000	  64.000	  68.000	  59.000	Fill	5	49	2	722
51535	4	49	50.000	  81.000	  85.000	  60.000	  68.000	  59.000	Fill	6	50	2	656
51535	4	50	54.000	  82.000	  80.000	  55.350	  47.000	  82.000	AttR1	4	51	2	948
51535	4	51	53.000	  84.000	  82.000	  54.293	  52.968	  80.000	AttRF1	6	50	2	871
51535	4	52	53.000	  84.000	  82.000	  54.293	  82.000	  46.293	AttR2	5	49	2	726
51535	4	53	51.000	  80.000	  82.000	  49.756	  46.115	  76.000	AttRF1	3	49	2	806
51535	4	54	49.000	  80.000	  81.000	  48.395	  40.000	  80.000	AttR1	4	51	2	1559
51535	4	55	48.000	  80.000	  81.000	  47.407	  39.000	  80.000	AttR1	4	51	2	966
51535	4	56	50.000	  81.000	  82.000	  49.390	  82.000	  42.390	AttR2	4	50	1	1358
51535	4	57	48.000	  80.000	  81.000	  47.407	  77.000	  46.200	AttRF2	3	49	2	1690
51535	4	58	60.000	  84.000	  79.000	  50.000	  56.000	  69.000	Fill	5	51	1	1133
51535	4	59	52.000	  82.000	  84.000	  58.000	  70.000	  59.000	Fill	6	50	2	676
51535	4	60	50.000	  80.000	  85.000	  60.000	  69.000	  60.000	Fill	1	50	2	855
51535	4	61	51.000	  79.000	  86.000	  62.000	  68.000	  59.000	Fill	4	51	2	1008
51535	4	62	47.000	  81.000	  83.000	  45.867	  40.000	  81.000	AttR1	4	50	1	1339
51535	4	63	54.000	  82.000	  80.000	  55.350	  53.966	  78.000	AttRF1	2	49	1	2045
51535	4	64	47.000	  81.000	  83.000	  45.867	  75.000	  45.867	AttF2	6	51	1	1322
51535	4	65	50.000	  82.000	  81.000	  50.617	  81.000	  42.617	AttR2	6	50	2	1273
51535	4	66	54.000	  82.000	  80.000	  55.350	  73.000	  55.350	AttF2	5	49	2	1192
51535	4	67	55.000	  82.000	  83.000	  54.337	  50.409	  77.000	AttRF1	3	49	2	788
51535	4	68	53.000	  84.000	  82.000	  54.293	  77.000	  48.583	AttRF2	4	50	1	1772
51535	4	69	50.000	  82.000	  81.000	  50.617	  48.743	  78.000	AttRF1	5	49	2	1053
51535	4	70	48.000	  80.000	  81.000	  47.407	  72.000	  47.407	AttF2	2	51	2	1532
51535	4	71	53.000	  84.000	  82.000	  54.293	  75.000	  54.293	AttF2	4	49	3	1027
51535	4	72	47.000	  84.000	  86.000	  60.000	  68.000	  59.000	Fill	5	49	2	926
51535	4	73	47.000	  81.000	  83.000	  45.867	  41.999	  76.000	AttRF1	6	50	2	1583
51535	4	74	59.000	  85.000	  80.000	  49.000	  60.000	  69.000	Fill	2	49	1	920
51535	4	75	53.000	  84.000	  82.000	  54.293	  53.000	  75.000	AttF1	5	49	2	730
51535	4	76	52.000	  82.000	  85.000	  58.000	  68.000	  60.000	Fill	4	51	2	1012
51535	4	77	50.000	  82.000	  81.000	  50.617	  43.000	  82.000	AttR1	2	49	1	767
51535	4	78	55.000	  82.000	  83.000	  54.337	  46.000	  82.000	AttR1	5	49	2	1705
51535	4	79	48.000	  80.000	  81.000	  47.407	  48.000	  72.000	AttF1	3	49	2	967
51535	4	80	50.000	  78.000	  86.000	  59.000	  68.000	  60.000	Fill	5	49	2	1020
51535	5	1	49.000	  80.000	  79.000	  49.620	  41.000	  80.000	AttR1	2	49	1	2495
51535	5	2	49.000	  83.000	  85.000	  60.000	  70.000	  59.000	Fill	5	49	2	618
51535	5	3	49.000	  78.000	  79.000	  48.380	  45.318	  74.000	AttRF1	4	51	2	742
51535	5	4	52.000	  80.000	  79.000	  52.658	  70.000	  52.658	AttF2	4	50	1	650
51535	5	5	50.000	  80.000	  78.000	  51.282	  41.000	  80.000	AttR1	3	50	1	990
51535	5	6	48.000	  79.000	  79.000	  48.000	  74.000	  44.962	AttRF2	2	49	1	747
51535	5	7	50.000	  80.000	  80.000	  50.000	  46.875	  75.000	AttRF1	2	50	3	688
51535	5	8	50.000	  80.000	  80.000	  50.000	  80.000	  41.000	AttR2	4	50	1	1199
51535	5	9	49.000	  80.000	  79.000	  49.620	  47.108	  75.000	AttRF1	6	51	1	760
51535	5	10	49.000	  78.000	  79.000	  48.380	  49.000	  69.000	AttF1	4	51	2	1004
51535	5	11	50.000	  80.000	  81.000	  49.383	  45.725	  75.000	AttRF1	4	50	1	1345
51535	5	12	49.000	  78.000	  77.000	  49.636	  72.000	  45.231	AttRF2	5	51	1	777
51535	5	13	52.000	  82.000	  81.000	  52.642	  43.000	  82.000	AttR1	1	50	2	1234
51535	5	14	52.000	  80.000	  79.000	  52.658	  79.000	  43.658	AttR2	6	51	1	1156
51535	5	15	49.000	  82.000	  80.000	  50.225	  80.000	  42.225	AttR2	3	50	1	744
51535	5	16	49.000	  80.000	  79.000	  49.620	  70.000	  49.620	AttF2	5	51	1	1217
51535	5	17	49.000	  78.000	  85.000	  60.000	  69.000	  59.000	Fill	2	51	2	1461
51535	5	18	50.000	  80.000	  80.000	  50.000	  42.000	  80.000	AttR1	2	49	1	905
51535	5	19	49.000	  82.000	  80.000	  50.225	  40.000	  82.000	AttR1	3	50	1	1228
51535	5	20	49.000	  82.000	  80.000	  50.225	  71.000	  50.225	AttF2	1	50	2	1124
51535	5	21	61.000	  86.000	  81.000	  47.000	  60.000	  67.000	Fill	2	49	1	696
51535	5	22	50.000	  80.000	  86.000	  60.000	  67.000	  59.000	Fill	5	49	2	593
51535	5	23	50.000	  82.000	  84.000	  60.000	  68.000	  58.000	Fill	3	49	2	674
51535	5	24	48.000	  79.000	  79.000	  48.000	  79.000	  40.000	AttR2	5	51	1	2436
51535	5	25	49.000	  82.000	  80.000	  50.225	  49.000	  75.000	AttF1	6	51	1	1528
51535	5	26	49.000	  78.000	  77.000	  49.636	  77.000	  41.636	AttR2	3	50	1	1457
51535	5	27	49.000	  80.000	  79.000	  49.620	  79.000	  40.620	AttR2	3	50	1	793
51535	5	28	60.000	  86.000	  78.000	  51.000	  62.000	  67.000	Fill	1	49	1	668
51535	5	29	49.000	  78.000	  77.000	  49.636	  41.000	  78.000	AttR1	4	51	2	708
51535	5	30	60.000	  84.000	  80.000	  51.000	  60.000	  69.000	Fill	1	49	1	974
51535	5	31	50.000	  78.000	  84.000	  60.000	  67.000	  57.000	Fill	5	49	2	851
51535	5	32	52.000	  82.000	  81.000	  52.642	  77.000	  48.829	AttRF2	5	49	2	1034
51535	5	33	48.000	  79.000	  79.000	  48.000	  44.962	  74.000	AttRF1	4	51	2	1315
51535	5	34	49.000	  78.000	  79.000	  48.380	  70.000	  48.380	AttF2	5	49	2	922
51535	5	35	52.000	  80.000	  79.000	  52.658	  74.000	  48.100	AttRF2	6	51	1	885
51535	5	36	50.000	  80.000	  81.000	  49.383	  41.000	  80.000	AttR1	2	51	2	785
51535	5	37	52.000	  82.000	  81.000	  52.642	  52.000	  75.000	AttF1	2	49	1	852
51535	5	38	50.000	  80.000	  81.000	  49.383	  76.000	  47.500	AttRF2	4	49	3	937
51535	5	39	50.000	  80.000	  80.000	  50.000	  50.000	  71.000	AttF1	5	49	2	787
51535	5	40	57.000	  86.000	  81.000	  50.000	  60.000	  68.000	Fill	4	49	3	744
51535	5	41	49.000	  78.000	  77.000	  49.636	  47.058	  73.000	AttRF1	4	51	2	1124
51535	5	42	49.000	  78.000	  79.000	  48.380	  42.000	  78.000	AttR1	5	51	1	1151
51535	5	43	51.000	  77.000	  85.000	  60.000	  68.000	  61.000	Fill	6	50	2	671
51535	5	44	50.000	  80.000	  78.000	  51.282	  78.000	  44.282	AttR2	6	50	2	932
51535	5	45	50.000	  80.000	  87.000	  59.000	  66.000	  58.000	Fill	2	51	2	707
51535	5	46	61.000	  83.000	  79.000	  50.000	  60.000	  66.000	Fill	5	51	1	1760
51535	5	47	52.000	  80.000	  79.000	  52.658	  44.000	  80.000	AttR1	4	50	1	922
51535	5	48	61.000	  82.000	  80.000	  53.000	  58.000	  67.000	Fill	5	49	2	948
51535	5	49	50.000	  80.000	  78.000	  51.282	  71.000	  51.282	AttF2	1	50	2	1112
51535	5	50	59.000	  85.000	  80.000	  50.000	  60.000	  68.000	Fill	4	50	1	627
51535	5	51	49.000	  78.000	  77.000	  49.636	  69.000	  49.636	AttF2	4	50	1	1259
51535	5	52	52.000	  82.000	  81.000	  52.642	  50.042	  77.000	AttRF1	3	49	2	1878
51535	5	53	49.000	  80.000	  79.000	  49.620	  49.000	  72.000	AttF1	3	49	2	1443
51535	5	54	50.000	  80.000	  81.000	  49.383	  81.000	  41.383	AttR2	1	50	2	850
51535	5	55	51.000	  82.000	  84.000	  60.000	  69.000	  60.000	Fill	2	51	2	1130
51535	5	56	50.000	  80.000	  81.000	  49.383	  73.000	  49.383	AttF2	2	49	1	1216
51535	5	57	48.000	  79.000	  79.000	  48.000	  41.000	  79.000	AttR1	6	51	1	1000
51535	5	58	50.000	  80.000	  78.000	  51.282	  74.000	  46.250	AttRF2	2	49	1	855
51535	5	59	59.000	  84.000	  82.000	  49.000	  62.000	  68.000	Fill	2	49	1	907
51535	5	60	52.000	  82.000	  81.000	  52.642	  72.000	  52.642	AttF2	6	50	2	564
51535	5	61	52.000	  82.000	  81.000	  52.642	  81.000	  44.642	AttR2	1	50	2	970
51535	5	62	50.000	  80.000	  78.000	  51.282	  49.967	  76.000	AttRF1	1	50	2	884
51535	5	63	49.000	  80.000	  79.000	  49.620	  74.000	  45.325	AttRF2	5	49	2	1388
51535	5	64	49.000	  78.000	  79.000	  48.380	  75.000	  47.115	AttRF2	4	50	1	1044
51535	5	65	49.000	  78.000	  77.000	  49.636	  49.000	  69.000	AttF1	4	51	2	1200
51535	5	66	49.000	  82.000	  80.000	  50.225	  76.000	  45.415	AttRF2	3	49	2	1536
51535	5	67	57.000	  86.000	  76.000	  51.000	  56.000	  67.000	Fill	6	51	1	1320
51535	5	68	61.000	  85.000	  80.000	  49.000	  59.000	  67.000	Fill	3	50	1	738
51535	5	69	50.000	  80.000	  80.000	  50.000	  73.000	  50.000	AttF2	4	50	1	870
51535	5	70	50.000	  80.000	  81.000	  49.383	  50.000	  71.000	AttF1	2	51	2	1254
51535	5	71	48.000	  79.000	  79.000	  48.000	  70.000	  48.000	AttF2	4	49	3	2043
51535	5	72	52.000	  80.000	  79.000	  52.658	  52.000	  72.000	AttF1	2	51	2	1176
51535	5	73	51.000	  79.000	  85.000	  59.000	  68.000	  60.000	Fill	5	49	2	899
51535	5	74	50.000	  80.000	  80.000	  50.000	  76.000	  47.500	AttRF2	4	50	1	1203
51535	5	75	49.000	  82.000	  80.000	  50.225	  48.342	  77.000	AttRF1	4	51	2	706
51535	5	76	49.000	  79.000	  84.000	  58.000	  68.000	  61.000	Fill	6	50	2	696
51535	5	77	48.000	  79.000	  79.000	  48.000	  48.000	  72.000	AttF1	6	50	2	735
51535	5	78	52.000	  80.000	  79.000	  52.658	  50.659	  76.000	AttRF1	5	50	3	765
51535	5	79	50.000	  80.000	  78.000	  51.282	  50.000	  73.000	AttF1	4	52	0	2069
51535	5	80	49.000	  78.000	  79.000	  48.380	  79.000	  41.380	AttR2	5	52	0	1016
51535	6	1	50.000	  81.000	  81.000	  50.000	  72.000	  50.000	AttF2	4	51	2	2536
51535	6	2	48.000	  79.000	  78.000	  48.615	  48.000	  72.000	AttF1	2	51	2	684
51535	6	3	50.000	  78.000	  80.000	  48.750	  80.000	  41.750	AttR2	4	50	1	644
51535	6	4	48.000	  79.000	  78.000	  48.615	  78.000	  40.615	AttR2	5	51	1	992
51535	6	5	51.000	  77.000	  76.000	  51.671	  44.000	  77.000	AttR1	1	50	2	838
51535	6	6	50.000	  78.000	  80.000	  48.750	  43.000	  78.000	AttR1	4	50	1	1000
51535	6	7	49.000	  81.000	  82.000	  48.402	  45.451	  77.000	AttRF1	3	50	1	907
51535	6	8	50.000	  80.000	  81.000	  49.383	  43.000	  80.000	AttR1	2	51	2	727
51535	6	9	50.000	  78.000	  80.000	  48.750	  75.000	  48.077	AttRF2	2	50	3	641
51535	6	10	50.000	  81.000	  82.000	  49.390	  82.000	  42.390	AttR2	4	50	1	1342
51535	6	11	48.000	  79.000	  78.000	  48.615	  40.000	  79.000	AttR1	6	51	1	1392
51535	6	12	50.000	  81.000	  81.000	  50.000	  42.000	  81.000	AttR1	6	50	2	1015
51535	6	13	59.000	  86.000	  81.000	  53.000	  60.000	  68.000	Fill	4	50	1	1091
51535	6	14	50.000	  81.000	  85.000	  59.000	  66.000	  57.000	Fill	6	50	2	644
51535	6	15	64.000	  86.000	  79.000	  49.000	  59.000	  69.000	Fill	5	51	1	721
51535	6	16	50.000	  78.000	  86.000	  58.000	  67.000	  59.000	Fill	4	51	2	1410
51535	6	17	49.000	  81.000	  85.000	  60.000	  67.000	  60.000	Fill	5	49	2	866
51535	6	18	51.000	  77.000	  76.000	  51.671	  68.000	  51.671	AttF2	6	50	2	1261
51535	6	19	50.000	  83.000	  85.000	  48.824	  81.000	  48.795	AttRF2	6	50	2	919
51535	6	20	50.000	  82.000	  86.000	  60.000	  69.000	  59.000	Fill	2	51	2	991
51535	6	21	50.000	  81.000	  82.000	  49.390	  74.000	  49.390	AttF2	2	49	1	703
51535	6	22	50.000	  81.000	  79.000	  51.266	  79.000	  42.266	AttR2	1	49	1	656
51535	6	23	48.000	  79.000	  78.000	  48.615	  71.000	  48.615	AttF2	5	49	2	1229
51535	6	24	49.000	  79.000	  87.000	  61.000	  68.000	  60.000	Fill	2	51	2	695
51535	6	25	49.000	  81.000	  82.000	  48.402	  40.000	  81.000	AttR1	4	50	1	751
51535	6	26	51.000	  77.000	  76.000	  51.671	  71.000	  47.026	AttRF2	3	49	2	1134
51535	6	27	50.000	  78.000	  80.000	  48.750	  50.000	  70.000	AttF1	3	49	2	1334
51535	6	28	50.000	  81.000	  82.000	  49.390	  78.000	  48.148	AttRF2	5	51	1	2253
51535	6	29	50.000	  83.000	  85.000	  48.824	  42.000	  83.000	AttR1	2	49	1	846
51535	6	30	50.000	  81.000	  81.000	  50.000	  76.000	  46.914	AttRF2	1	50	2	1123
51535	6	31	60.000	  82.000	  80.000	  51.000	  59.000	  68.000	Fill	6	51	1	794
51535	6	32	51.000	  77.000	  76.000	  51.671	  76.000	  42.671	AttR2	4	51	2	1355
51535	6	33	50.000	  81.000	  79.000	  51.266	  74.000	  45.679	AttRF2	4	51	2	823
51535	6	34	50.000	  78.000	  80.000	  48.750	  44.484	  73.000	AttRF1	5	49	2	942
51535	6	35	53.000	  78.000	  76.000	  54.395	  71.000	  48.244	AttRF2	3	49	2	782
51535	6	36	50.000	  81.000	  82.000	  49.390	  46.379	  77.000	AttRF1	3	50	1	921
51535	6	37	50.000	  81.000	  81.000	  50.000	  46.914	  76.000	AttRF1	5	49	2	765
51535	6	38	50.000	  81.000	  79.000	  51.266	  50.000	  73.000	AttF1	2	51	2	748
51535	6	39	53.000	  78.000	  76.000	  54.395	  52.248	  73.000	AttRF1	2	51	2	1130
51535	6	40	53.000	  78.000	  76.000	  54.395	  68.000	  54.395	AttF2	4	50	1	671
51535	6	41	53.000	  79.000	  84.000	  57.000	  68.000	  60.000	Fill	5	49	2	771
51535	6	42	50.000	  80.000	  81.000	  49.383	  81.000	  42.383	AttR2	3	49	2	859
51535	6	43	48.000	  80.000	  87.000	  58.000	  69.000	  60.000	Fill	5	50	3	783
51535	6	44	50.000	  83.000	  85.000	  48.824	  45.377	  79.000	AttRF1	5	51	1	916
51535	6	45	53.000	  78.000	  76.000	  54.395	  76.000	  45.395	AttR2	2	51	2	905
51535	6	46	50.000	  81.000	  79.000	  51.266	  49.319	  76.000	AttRF1	2	51	2	1173
51535	6	47	50.000	  81.000	  82.000	  49.390	  42.000	  81.000	AttR1	5	49	2	714
51535	6	48	58.000	  83.000	  79.000	  49.000	  58.000	  69.000	Fill	4	51	2	806
51535	6	49	50.000	  81.000	  81.000	  50.000	  50.000	  73.000	AttF1	2	51	2	944
51535	6	50	58.000	  82.000	  79.000	  49.000	  58.000	  70.000	Fill	1	49	1	805
51535	6	51	51.000	  77.000	  76.000	  51.671	  51.000	  69.000	AttF1	2	51	2	1213
51535	6	52	50.000	  80.000	  81.000	  49.383	  45.725	  75.000	AttRF1	3	49	2	1308
51535	6	53	50.000	  81.000	  79.000	  51.266	  41.000	  81.000	AttR1	1	50	2	791
51535	6	54	50.000	  83.000	  85.000	  48.824	  50.000	  76.000	AttF1	2	51	2	1312
51535	6	55	58.000	  88.000	  79.000	  50.000	  57.000	  69.000	Fill	3	50	1	1233
51535	6	56	49.000	  81.000	  82.000	  48.402	  73.000	  48.402	AttF2	3	49	2	1532
51535	6	57	50.000	  80.000	  81.000	  49.383	  50.000	  71.000	AttF1	3	49	2	950
51535	6	58	57.000	  87.000	  80.000	  51.000	  59.000	  70.000	Fill	5	51	1	906
51535	6	59	50.000	  80.000	  81.000	  49.383	  76.000	  47.500	AttRF2	2	51	2	1409
51535	6	60	50.000	  80.000	  83.000	  60.000	  70.000	  62.000	Fill	2	51	2	861
51535	6	61	49.000	  81.000	  82.000	  48.402	  49.000	  73.000	AttF1	2	51	2	1028
51535	6	62	50.000	  83.000	  85.000	  48.824	  85.000	  41.824	AttR2	3	50	1	987
51535	6	63	50.000	  80.000	  81.000	  49.383	  74.000	  49.383	AttF2	3	49	2	1072
51535	6	64	60.000	  85.000	  82.000	  49.000	  60.000	  70.000	Fill	3	49	2	656
51535	6	65	61.000	  86.000	  81.000	  49.000	  58.000	  69.000	Fill	2	49	1	937
51535	6	66	49.000	  81.000	  82.000	  48.402	  82.000	  40.402	AttR2	5	51	1	1611
51535	6	67	48.000	  79.000	  78.000	  48.615	  74.000	  44.962	AttRF2	5	51	1	938
51535	6	68	53.000	  78.000	  76.000	  54.395	  44.000	  78.000	AttR1	2	51	2	646
51535	6	69	51.000	  77.000	  76.000	  51.671	  48.952	  72.000	AttRF1	4	50	1	788
51535	6	70	49.000	  81.000	  82.000	  48.402	  78.000	  47.185	AttRF2	5	51	1	921
51535	6	71	60.000	  86.000	  80.000	  51.000	  60.000	  68.000	Fill	4	50	1	1112
51535	6	72	50.000	  83.000	  85.000	  48.824	  76.000	  48.824	AttF2	6	51	1	1408
51535	6	73	50.000	  80.000	  87.000	  59.000	  68.000	  59.000	Fill	6	50	2	644
51535	6	74	50.000	  78.000	  80.000	  48.750	  72.000	  48.750	AttF2	4	50	1	1118
51535	6	75	48.000	  79.000	  78.000	  48.615	  46.122	  74.000	AttRF1	1	50	2	891
51535	6	76	50.000	  81.000	  86.000	  61.000	  69.000	  60.000	Fill	6	50	2	519
51535	6	77	50.000	  81.000	  82.000	  49.390	  50.000	  73.000	AttF1	5	50	3	915
51535	6	78	50.000	  81.000	  79.000	  51.266	  72.000	  51.266	AttF2	2	51	2	738
51535	6	79	50.000	  81.000	  81.000	  50.000	  81.000	  43.000	AttR2	4	50	1	569
51535	6	80	53.000	  78.000	  76.000	  54.395	  53.000	  69.000	AttF1	4	50	1	497
51535	7	1	55.000	  82.000	  83.000	  54.337	  50.409	  77.000	AttRF1	5	49	2	2654
51535	7	2	54.000	  82.000	  80.000	  55.350	  75.000	  49.390	AttRF2	6	51	1	737
51535	7	3	54.000	  82.000	  80.000	  55.350	  73.000	  55.350	AttF2	3	50	1	764
51535	7	4	52.000	  82.000	  85.000	  58.000	  68.000	  60.000	Fill	2	50	3	642
51535	7	5	51.000	  78.000	  79.000	  50.354	  42.000	  78.000	AttR1	4	51	2	719
51535	7	6	54.000	  82.000	  80.000	  55.350	  53.966	  78.000	AttRF1	2	49	1	1523
51535	7	7	47.000	  80.000	  87.000	  59.000	  69.000	  58.000	Fill	3	49	2	659
51535	7	8	57.000	  86.000	  82.000	  49.000	  59.000	  70.000	Fill	3	50	1	772
51535	7	9	51.000	  79.000	  86.000	  62.000	  68.000	  59.000	Fill	2	51	2	634
51535	7	10	49.000	  80.000	  81.000	  48.395	  76.000	  46.550	AttRF2	3	50	1	1355
51535	7	11	50.000	  82.000	  81.000	  50.617	  76.000	  46.341	AttRF2	1	50	2	1079
51535	7	12	49.000	  80.000	  81.000	  48.395	  45.408	  76.000	AttRF1	5	51	1	673
51535	7	13	59.000	  87.000	  80.000	  47.000	  58.000	  69.000	Fill	5	51	1	718
51535	7	14	47.000	  81.000	  83.000	  45.867	  83.000	  36.867	AttR2	6	51	1	913
51535	7	15	59.000	  85.000	  80.000	  49.000	  60.000	  69.000	Fill	4	50	1	601
51535	7	16	51.000	  78.000	  79.000	  50.354	  70.000	  50.354	AttF2	4	50	1	509
51535	7	17	48.000	  80.000	  81.000	  47.407	  48.000	  72.000	AttF1	1	49	1	1104
51535	7	18	51.000	  80.000	  82.000	  49.756	  82.000	  40.756	AttR2	4	50	1	652
51535	7	19	47.000	  81.000	  83.000	  45.867	  47.000	  73.000	AttF1	3	49	2	846
51535	7	20	50.000	  81.000	  82.000	  49.390	  43.000	  81.000	AttR1	4	50	1	781
51535	7	21	47.000	  81.000	  83.000	  45.867	  41.999	  76.000	AttRF1	6	51	1	1009
51535	7	22	48.000	  80.000	  81.000	  47.407	  77.000	  46.200	AttRF2	3	50	1	2014
51535	7	23	47.000	  81.000	  83.000	  45.867	  75.000	  45.867	AttF2	3	49	2	1314
51535	7	24	58.000	  82.000	  77.000	  50.000	  60.000	  69.000	Fill	2	49	1	843
51535	7	25	61.000	  85.000	  78.000	  48.000	  57.000	  67.000	Fill	3	50	1	765
51535	7	26	54.000	  82.000	  80.000	  55.350	  54.000	  75.000	AttF1	2	51	2	1057
51535	7	27	47.000	  81.000	  83.000	  45.867	  78.000	  45.259	AttRF2	3	50	1	1242
51535	7	28	50.000	  78.000	  86.000	  59.000	  68.000	  60.000	Fill	3	49	2	651
51535	7	29	50.000	  81.000	  82.000	  49.390	  45.776	  76.000	AttRF1	6	51	1	1414
51535	7	30	50.000	  81.000	  82.000	  49.390	  77.000	  47.531	AttRF2	3	50	1	1307
51535	7	31	50.000	  82.000	  81.000	  50.617	  43.000	  82.000	AttR1	4	51	2	1282
51535	7	32	51.000	  80.000	  82.000	  49.756	  46.115	  76.000	AttRF1	6	50	2	801
51535	7	33	53.000	  84.000	  82.000	  54.293	  53.000	  75.000	AttF1	3	50	1	724
51535	7	34	50.000	  81.000	  82.000	  49.390	  73.000	  49.390	AttF2	5	51	1	757
51535	7	35	51.000	  78.000	  79.000	  50.354	  75.000	  49.038	AttRF2	2	50	3	709
51535	7	36	49.000	  80.000	  81.000	  48.395	  49.000	  71.000	AttF1	4	51	2	818
51535	7	37	55.000	  82.000	  83.000	  54.337	  83.000	  45.337	AttR2	6	51	1	783
51535	7	38	49.000	  80.000	  81.000	  48.395	  40.000	  80.000	AttR1	6	51	1	1252
51535	7	39	53.000	  84.000	  82.000	  54.293	  46.000	  84.000	AttR1	2	49	1	763
51535	7	40	51.000	  80.000	  82.000	  49.756	  44.000	  80.000	AttR1	6	50	2	873
51535	7	41	50.000	  81.000	  82.000	  49.390	  82.000	  42.390	AttR2	1	49	1	928
51535	7	42	54.000	  82.000	  80.000	  55.350	  47.000	  82.000	AttR1	5	51	1	995
51535	7	43	50.000	  81.000	  82.000	  49.390	  50.000	  74.000	AttF1	3	49	2	752
51535	7	44	60.000	  84.000	  79.000	  50.000	  56.000	  69.000	Fill	4	50	1	653
51535	7	45	48.000	  80.000	  81.000	  47.407	  81.000	  39.407	AttR2	6	50	2	1625
51535	7	46	60.000	  84.000	  80.000	  49.000	  60.000	  69.000	Fill	6	49	3	1106
51535	7	47	51.000	  78.000	  79.000	  50.354	  46.530	  73.000	AttRF1	1	49	1	899
51535	7	48	55.000	  82.000	  83.000	  54.337	  46.000	  82.000	AttR1	4	50	1	2115
51535	7	49	47.000	  81.000	  83.000	  45.867	  40.000	  81.000	AttR1	3	49	2	575
51535	7	50	51.000	  80.000	  82.000	  49.756	  73.000	  49.756	AttF2	4	50	1	786
51535	7	51	60.000	  86.000	  78.000	  48.000	  59.000	  66.000	Fill	4	50	1	498
51535	7	52	55.000	  82.000	  83.000	  54.337	  55.000	  74.000	AttF1	2	49	1	685
51535	7	53	48.000	  80.000	  81.000	  47.407	  39.000	  80.000	AttR1	6	50	2	751
51535	7	54	50.000	  82.000	  81.000	  50.617	  81.000	  42.617	AttR2	4	50	1	1109
51535	7	55	48.000	  79.000	  84.000	  64.000	  68.000	  59.000	Fill	6	50	2	650
51535	7	56	48.000	  80.000	  81.000	  47.407	  44.481	  76.000	AttRF1	5	49	2	773
51535	7	57	51.000	  80.000	  82.000	  49.756	  51.000	  73.000	AttF1	2	50	3	1082
51535	7	58	48.000	  80.000	  81.000	  47.407	  72.000	  47.407	AttF2	4	50	1	1240
51535	7	59	47.000	  84.000	  86.000	  60.000	  68.000	  59.000	Fill	3	49	2	690
51535	7	60	49.000	  80.000	  81.000	  48.395	  81.000	  40.395	AttR2	3	50	1	865
51535	7	61	52.000	  82.000	  84.000	  58.000	  70.000	  59.000	Fill	4	51	2	753
51535	7	62	53.000	  84.000	  82.000	  54.293	  75.000	  54.293	AttF2	5	50	3	632
51535	7	63	50.000	  82.000	  81.000	  50.617	  48.743	  78.000	AttRF1	3	50	1	1170
51535	7	64	51.000	  78.000	  79.000	  50.354	  51.000	  71.000	AttF1	3	49	2	897
51535	7	65	53.000	  84.000	  82.000	  54.293	  77.000	  48.583	AttRF2	1	49	1	1170
51535	7	66	53.000	  84.000	  82.000	  54.293	  52.968	  80.000	AttRF1	3	50	1	1100
51535	7	67	49.000	  81.000	  85.000	  59.000	  68.000	  58.000	Fill	1	50	2	547
51535	7	68	58.000	  86.000	  79.000	  50.000	  57.000	  66.000	Fill	1	49	1	1536
51535	7	69	55.000	  82.000	  83.000	  54.337	  76.000	  54.337	AttF2	4	50	1	1174
51535	7	70	51.000	  78.000	  79.000	  50.354	  79.000	  42.354	AttR2	4	50	1	547
51535	7	71	64.000	  84.000	  81.000	  50.000	  59.000	  68.000	Fill	5	51	1	822
51535	7	72	49.000	  80.000	  81.000	  48.395	  73.000	  48.395	AttF2	5	49	2	1695
51535	7	73	50.000	  82.000	  81.000	  50.617	  74.000	  50.617	AttF2	4	50	1	634
51535	7	74	50.000	  82.000	  81.000	  50.617	  50.000	  74.000	AttF1	4	51	2	983
51535	7	75	51.000	  80.000	  82.000	  49.756	  77.000	  49.087	AttRF2	5	49	2	1124
51535	7	76	53.000	  84.000	  82.000	  54.293	  82.000	  46.293	AttR2	3	49	2	2427
51535	7	77	50.000	  81.000	  85.000	  60.000	  68.000	  59.000	Fill	3	49	2	602
51535	7	78	50.000	  80.000	  85.000	  60.000	  69.000	  60.000	Fill	5	49	2	1196
51535	7	79	54.000	  82.000	  80.000	  55.350	  80.000	  46.350	AttR2	3	49	2	1177
51535	7	80	55.000	  82.000	  83.000	  54.337	  79.000	  52.988	AttRF2	1	50	2	1292
51535	8	1	49.000	  80.000	  79.000	  49.620	  47.108	  75.000	AttRF1	2	50	3	2340
51535	8	2	61.000	  85.000	  80.000	  49.000	  59.000	  67.000	Fill	6	51	1	752
51535	8	3	49.000	  80.000	  79.000	  49.620	  41.000	  80.000	AttR1	2	49	1	715
51535	8	4	49.000	  82.000	  80.000	  50.225	  80.000	  42.225	AttR2	2	49	1	806
51535	8	5	48.000	  79.000	  79.000	  48.000	  44.962	  74.000	AttRF1	3	49	2	736
51535	8	6	49.000	  82.000	  80.000	  50.225	  40.000	  82.000	AttR1	6	50	2	531
51535	8	7	59.000	  84.000	  82.000	  49.000	  62.000	  68.000	Fill	2	49	1	838
51535	8	8	49.000	  80.000	  79.000	  49.620	  74.000	  45.325	AttRF2	5	49	2	773
51535	8	9	50.000	  80.000	  80.000	  50.000	  73.000	  50.000	AttF2	3	50	1	556
51535	8	10	50.000	  80.000	  81.000	  49.383	  81.000	  41.383	AttR2	4	51	2	772
51535	8	11	61.000	  83.000	  79.000	  50.000	  60.000	  66.000	Fill	6	51	1	1191
51535	8	12	51.000	  79.000	  85.000	  59.000	  68.000	  60.000	Fill	4	51	2	841
51535	8	13	48.000	  79.000	  79.000	  48.000	  79.000	  40.000	AttR2	6	50	2	780
51535	8	14	49.000	  78.000	  77.000	  49.636	  47.058	  73.000	AttRF1	5	49	2	969
51535	8	15	49.000	  82.000	  80.000	  50.225	  48.342	  77.000	AttRF1	4	51	2	655
51535	8	16	50.000	  78.000	  84.000	  60.000	  67.000	  57.000	Fill	6	50	2	459
51535	8	17	49.000	  78.000	  79.000	  48.380	  45.318	  74.000	AttRF1	4	50	1	748
51535	8	18	61.000	  82.000	  80.000	  53.000	  58.000	  67.000	Fill	2	49	1	787
51535	8	19	61.000	  86.000	  81.000	  47.000	  60.000	  67.000	Fill	6	51	1	601
51535	8	20	52.000	  82.000	  81.000	  52.642	  52.000	  75.000	AttF1	4	50	1	1443
51535	8	21	48.000	  79.000	  79.000	  48.000	  48.000	  72.000	AttF1	4	50	1	823
51535	8	22	50.000	  80.000	  87.000	  59.000	  66.000	  58.000	Fill	4	51	2	933
51535	8	23	52.000	  80.000	  79.000	  52.658	  52.000	  72.000	AttF1	4	50	1	1168
51535	8	24	49.000	  80.000	  79.000	  49.620	  49.000	  72.000	AttF1	1	49	1	1174
51535	8	25	60.000	  86.000	  78.000	  51.000	  62.000	  67.000	Fill	5	51	1	682
51535	8	26	51.000	  82.000	  84.000	  60.000	  69.000	  60.000	Fill	3	49	2	602
51535	8	27	50.000	  80.000	  81.000	  49.383	  41.000	  80.000	AttR1	2	49	1	973
51535	8	28	50.000	  80.000	  80.000	  50.000	  80.000	  41.000	AttR2	2	49	1	718
51535	8	29	51.000	  77.000	  85.000	  60.000	  68.000	  61.000	Fill	1	50	2	672
51535	8	30	49.000	  78.000	  77.000	  49.636	  41.000	  78.000	AttR1	2	51	2	1302
51535	8	31	52.000	  82.000	  81.000	  52.642	  72.000	  52.642	AttF2	4	50	1	630
51535	8	32	50.000	  80.000	  78.000	  51.282	  49.967	  76.000	AttRF1	1	49	1	542
51535	8	33	50.000	  80.000	  80.000	  50.000	  42.000	  80.000	AttR1	4	50	1	480
51535	8	34	49.000	  78.000	  77.000	  49.636	  69.000	  49.636	AttF2	4	51	2	1057
51535	8	35	59.000	  85.000	  80.000	  50.000	  60.000	  68.000	Fill	4	50	1	589
51535	8	36	50.000	  82.000	  84.000	  60.000	  68.000	  58.000	Fill	5	49	2	624
51535	8	37	49.000	  78.000	  77.000	  49.636	  77.000	  41.636	AttR2	5	49	2	690
51535	8	38	49.000	  82.000	  80.000	  50.225	  71.000	  50.225	AttF2	4	49	3	1034
51535	8	39	50.000	  80.000	  78.000	  51.282	  41.000	  80.000	AttR1	2	51	2	873
51535	8	40	50.000	  80.000	  81.000	  49.383	  76.000	  47.500	AttRF2	4	50	1	518
51535	8	41	48.000	  79.000	  79.000	  48.000	  70.000	  48.000	AttF2	1	50	2	891
51535	8	42	49.000	  78.000	  85.000	  60.000	  69.000	  59.000	Fill	1	50	2	480
51535	8	43	52.000	  80.000	  79.000	  52.658	  74.000	  48.100	AttRF2	2	49	1	713
51535	8	44	52.000	  80.000	  79.000	  52.658	  79.000	  43.658	AttR2	2	51	2	1079
51535	8	45	60.000	  84.000	  80.000	  51.000	  60.000	  69.000	Fill	2	49	1	676
51535	8	46	48.000	  79.000	  79.000	  48.000	  74.000	  44.962	AttRF2	2	51	2	1365
51535	8	47	49.000	  78.000	  77.000	  49.636	  49.000	  69.000	AttF1	5	49	2	900
51535	8	48	49.000	  78.000	  79.000	  48.380	  49.000	  69.000	AttF1	4	51	2	1010
51535	8	49	50.000	  80.000	  81.000	  49.383	  45.725	  75.000	AttRF1	3	49	2	709
51535	8	50	50.000	  80.000	  81.000	  49.383	  50.000	  71.000	AttF1	4	50	1	1088
51535	8	51	50.000	  80.000	  81.000	  49.383	  73.000	  49.383	AttF2	2	50	3	1332
51535	8	52	50.000	  80.000	  86.000	  60.000	  67.000	  59.000	Fill	3	49	2	557
51535	8	53	57.000	  86.000	  76.000	  51.000	  56.000	  67.000	Fill	3	50	1	733
51535	8	54	49.000	  80.000	  79.000	  49.620	  70.000	  49.620	AttF2	4	50	1	595
51535	8	55	52.000	  82.000	  81.000	  52.642	  77.000	  48.829	AttRF2	2	51	2	761
51535	8	56	49.000	  78.000	  79.000	  48.380	  79.000	  41.380	AttR2	3	50	1	675
51535	8	57	50.000	  80.000	  80.000	  50.000	  76.000	  47.500	AttRF2	3	49	2	654
51535	8	58	52.000	  80.000	  79.000	  52.658	  50.659	  76.000	AttRF1	3	50	1	576
51535	8	59	50.000	  80.000	  80.000	  50.000	  46.875	  75.000	AttRF1	1	50	2	623
51535	8	60	49.000	  78.000	  79.000	  48.380	  70.000	  48.380	AttF2	5	50	3	488
51535	8	61	50.000	  80.000	  78.000	  51.282	  78.000	  44.282	AttR2	6	50	2	413
51535	8	62	57.000	  86.000	  81.000	  50.000	  60.000	  68.000	Fill	5	51	1	1568
51535	8	63	49.000	  79.000	  84.000	  58.000	  68.000	  61.000	Fill	6	50	2	714
51535	8	64	50.000	  80.000	  78.000	  51.282	  74.000	  46.250	AttRF2	3	50	1	626
51535	8	65	52.000	  82.000	  81.000	  52.642	  50.042	  77.000	AttRF1	4	51	2	946
51535	8	66	52.000	  80.000	  79.000	  52.658	  44.000	  80.000	AttR1	4	50	1	1311
51535	8	67	49.000	  80.000	  79.000	  49.620	  79.000	  40.620	AttR2	4	50	1	1286
51535	8	68	52.000	  82.000	  81.000	  52.642	  43.000	  82.000	AttR1	2	49	1	785
51535	8	69	52.000	  80.000	  79.000	  52.658	  70.000	  52.658	AttF2	4	51	2	978
51535	8	70	49.000	  82.000	  80.000	  50.225	  76.000	  45.415	AttRF2	3	49	2	2163
51535	8	71	49.000	  78.000	  79.000	  48.380	  42.000	  78.000	AttR1	6	50	2	620
51535	8	72	50.000	  80.000	  80.000	  50.000	  50.000	  71.000	AttF1	5	49	2	1048
51535	8	73	52.000	  82.000	  81.000	  52.642	  81.000	  44.642	AttR2	5	49	2	1097
51535	8	74	49.000	  82.000	  80.000	  50.225	  49.000	  75.000	AttF1	4	51	2	1053
51535	8	75	49.000	  83.000	  85.000	  60.000	  70.000	  59.000	Fill	4	51	2	1480
51535	8	76	50.000	  80.000	  78.000	  51.282	  50.000	  73.000	AttF1	2	50	3	1343
51535	8	77	49.000	  78.000	  79.000	  48.380	  75.000	  47.115	AttRF2	3	50	1	1068
51535	8	78	50.000	  80.000	  78.000	  51.282	  71.000	  51.282	AttF2	5	50	3	1164
51535	8	79	49.000	  78.000	  77.000	  49.636	  72.000	  45.231	AttRF2	6	51	1	1032
51535	8	80	48.000	  79.000	  79.000	  48.000	  41.000	  79.000	AttR1	2	49	1	1021
51535	9	1	50.000	  80.000	  81.000	  49.383	  43.000	  80.000	AttR1	5	49	2	2464
51535	9	2	50.000	  81.000	  86.000	  61.000	  69.000	  60.000	Fill	4	51	2	903
51535	9	3	48.000	  80.000	  87.000	  58.000	  69.000	  60.000	Fill	3	49	2	775
51535	9	4	50.000	  78.000	  80.000	  48.750	  75.000	  48.077	AttRF2	4	50	1	849
51535	9	5	50.000	  78.000	  80.000	  48.750	  80.000	  41.750	AttR2	1	50	2	359
51535	9	6	50.000	  81.000	  82.000	  49.390	  74.000	  49.390	AttF2	4	51	2	961
51535	9	7	60.000	  82.000	  80.000	  51.000	  59.000	  68.000	Fill	3	50	1	671
51535	9	8	50.000	  81.000	  79.000	  51.266	  79.000	  42.266	AttR2	6	50	2	1279
51535	9	9	53.000	  78.000	  76.000	  54.395	  71.000	  48.244	AttRF2	1	50	2	444
51535	9	10	50.000	  80.000	  81.000	  49.383	  76.000	  47.500	AttRF2	2	51	2	1566
51535	9	11	50.000	  81.000	  81.000	  50.000	  46.914	  76.000	AttRF1	3	50	1	858
51535	9	12	51.000	  77.000	  76.000	  51.671	  44.000	  77.000	AttR1	2	51	2	866
51535	9	13	53.000	  78.000	  76.000	  54.395	  76.000	  45.395	AttR2	6	50	2	552
51535	9	14	50.000	  80.000	  87.000	  59.000	  68.000	  59.000	Fill	5	49	2	779
51535	9	15	53.000	  78.000	  76.000	  54.395	  53.000	  69.000	AttF1	2	51	2	991
51535	9	16	50.000	  78.000	  80.000	  48.750	  50.000	  70.000	AttF1	6	50	2	485
51535	9	17	48.000	  79.000	  78.000	  48.615	  71.000	  48.615	AttF2	6	50	2	432
51535	9	18	50.000	  81.000	  81.000	  50.000	  72.000	  50.000	AttF2	4	50	1	946
51535	9	19	50.000	  78.000	  86.000	  58.000	  67.000	  59.000	Fill	4	51	2	669
51535	9	20	49.000	  81.000	  82.000	  48.402	  73.000	  48.402	AttF2	2	50	3	781
51535	9	21	50.000	  80.000	  81.000	  49.383	  81.000	  42.383	AttR2	4	51	2	919
51535	9	22	50.000	  81.000	  79.000	  51.266	  41.000	  81.000	AttR1	5	50	3	1016
51535	9	23	50.000	  83.000	  85.000	  48.824	  81.000	  48.795	AttRF2	3	49	2	832
51535	9	24	50.000	  80.000	  81.000	  49.383	  50.000	  71.000	AttF1	3	51	3	673
51535	9	25	58.000	  88.000	  79.000	  50.000	  57.000	  69.000	Fill	1	49	1	1797
51535	9	26	50.000	  81.000	  81.000	  50.000	  50.000	  73.000	AttF1	2	49	1	896
51535	9	27	51.000	  77.000	  76.000	  51.671	  68.000	  51.671	AttF2	2	49	1	691
51535	9	28	61.000	  86.000	  81.000	  49.000	  58.000	  69.000	Fill	3	50	1	799
51535	9	29	50.000	  80.000	  83.000	  60.000	  70.000	  62.000	Fill	3	49	2	698
51535	9	30	50.000	  81.000	  82.000	  49.390	  50.000	  73.000	AttF1	3	49	2	659
51535	9	31	50.000	  80.000	  81.000	  49.383	  45.725	  75.000	AttRF1	4	50	1	603
51535	9	32	49.000	  81.000	  82.000	  48.402	  49.000	  73.000	AttF1	2	51	2	546
51535	9	33	50.000	  81.000	  82.000	  49.390	  42.000	  81.000	AttR1	3	50	1	496
51535	9	34	50.000	  81.000	  79.000	  51.266	  49.319	  76.000	AttRF1	2	49	1	458
51535	9	35	50.000	  81.000	  82.000	  49.390	  78.000	  48.148	AttRF2	2	49	1	1272
51535	9	36	50.000	  83.000	  85.000	  48.824	  85.000	  41.824	AttR2	1	49	1	1366
51535	9	37	48.000	  79.000	  78.000	  48.615	  40.000	  79.000	AttR1	3	50	1	1019
51535	9	38	50.000	  81.000	  82.000	  49.390	  46.379	  77.000	AttRF1	4	51	2	892
51535	9	39	51.000	  77.000	  76.000	  51.671	  48.952	  72.000	AttRF1	2	50	3	675
51535	9	40	50.000	  78.000	  80.000	  48.750	  72.000	  48.750	AttF2	3	50	1	987
51535	9	41	50.000	  83.000	  85.000	  48.824	  76.000	  48.824	AttF2	2	51	2	1331
51535	9	42	53.000	  78.000	  76.000	  54.395	  68.000	  54.395	AttF2	2	50	3	1206
51535	9	43	49.000	  81.000	  85.000	  60.000	  67.000	  60.000	Fill	4	51	2	871
51535	9	44	50.000	  81.000	  81.000	  50.000	  42.000	  81.000	AttR1	2	49	1	1273
51535	9	45	50.000	  78.000	  80.000	  48.750	  44.484	  73.000	AttRF1	5	51	1	1156
51535	9	46	50.000	  83.000	  85.000	  48.824	  42.000	  83.000	AttR1	1	50	2	927
51535	9	47	49.000	  81.000	  82.000	  48.402	  40.000	  81.000	AttR1	5	51	1	802
51535	9	48	60.000	  85.000	  82.000	  49.000	  60.000	  70.000	Fill	6	50	2	918
51535	9	49	50.000	  81.000	  79.000	  51.266	  50.000	  73.000	AttF1	3	49	2	671
51535	9	50	51.000	  77.000	  76.000	  51.671	  51.000	  69.000	AttF1	4	51	2	987
51535	9	51	53.000	  78.000	  76.000	  54.395	  44.000	  78.000	AttR1	3	49	2	798
51535	9	52	53.000	  79.000	  84.000	  57.000	  68.000	  60.000	Fill	3	49	2	1115
51535	9	53	50.000	  83.000	  85.000	  48.824	  50.000	  76.000	AttF1	3	49	2	801
51535	9	54	64.000	  86.000	  79.000	  49.000	  59.000	  69.000	Fill	5	51	1	765
51535	9	55	57.000	  87.000	  80.000	  51.000	  59.000	  70.000	Fill	6	50	2	1163
51535	9	56	50.000	  81.000	  79.000	  51.266	  74.000	  45.679	AttRF2	2	51	2	875
51535	9	57	50.000	  80.000	  81.000	  49.383	  74.000	  49.383	AttF2	6	50	2	1181
51535	9	58	50.000	  82.000	  86.000	  60.000	  69.000	  59.000	Fill	3	49	2	673
51535	9	59	51.000	  77.000	  76.000	  51.671	  76.000	  42.671	AttR2	3	50	1	1421
51535	9	60	58.000	  82.000	  79.000	  49.000	  58.000	  70.000	Fill	5	51	1	884
51535	9	61	48.000	  79.000	  78.000	  48.615	  46.122	  74.000	AttRF1	1	50	2	1338
51535	9	62	50.000	  83.000	  85.000	  48.824	  45.377	  79.000	AttRF1	2	49	1	1001
51535	9	63	50.000	  81.000	  79.000	  51.266	  72.000	  51.266	AttF2	3	50	1	1178
51535	9	64	48.000	  79.000	  78.000	  48.615	  78.000	  40.615	AttR2	1	50	2	1174
51535	9	65	51.000	  77.000	  76.000	  51.671	  71.000	  47.026	AttRF2	4	51	2	742
51535	9	66	50.000	  81.000	  81.000	  50.000	  81.000	  43.000	AttR2	1	49	1	1215
51535	9	67	49.000	  81.000	  82.000	  48.402	  45.451	  77.000	AttRF1	4	51	2	1049
51535	9	68	53.000	  78.000	  76.000	  54.395	  52.248	  73.000	AttRF1	2	51	2	1168
51535	9	69	50.000	  81.000	  81.000	  50.000	  76.000	  46.914	AttRF2	3	50	1	1360
51535	9	70	49.000	  79.000	  87.000	  61.000	  68.000	  60.000	Fill	5	50	3	702
51535	9	71	49.000	  81.000	  82.000	  48.402	  78.000	  47.185	AttRF2	2	51	2	1350
51535	9	72	59.000	  86.000	  81.000	  53.000	  60.000	  68.000	Fill	5	51	1	1607
51535	9	73	48.000	  79.000	  78.000	  48.615	  48.000	  72.000	AttF1	4	51	2	1220
51535	9	74	60.000	  86.000	  80.000	  51.000	  60.000	  68.000	Fill	5	51	1	1089
51535	9	75	50.000	  81.000	  85.000	  59.000	  66.000	  57.000	Fill	2	51	2	778
51535	9	76	58.000	  83.000	  79.000	  49.000	  58.000	  69.000	Fill	2	49	1	745
51535	9	77	50.000	  78.000	  80.000	  48.750	  43.000	  78.000	AttR1	3	49	2	1933
51535	9	78	50.000	  81.000	  82.000	  49.390	  82.000	  42.390	AttR2	5	49	2	1231
51535	9	79	49.000	  81.000	  82.000	  48.402	  82.000	  40.402	AttR2	2	49	1	975
51535	9	80	48.000	  79.000	  78.000	  48.615	  74.000	  44.962	AttRF2	2	49	1	789
