username: 51736, Experiment time (minutes): 37
Operating system: Mac OS 10.6.8
Manufacturer: Google Macintosh
Player type: PlugIn
Version: MAC 10,3,183,5

username	blkNum	trlNum	Rect1Height	Rect1Width	Rect2Height	Rect2Width	Rect3Height	Rect3Width	Effect	StimPosition	rawResp	response	RT
51736	0	1	50	85	85	50	80	50	Att2	6	50	2	4067
51736	0	2	50	80	80	50	32	125	Com1	4	51	2	6731
51736	0	3	85	60	80	50	65	60	Fill	6	51	1	3323
51736	1	1	51.000	  80.000	  82.000	  49.756	  77.000	  49.087	AttRF2	1	49	1	2665
51736	1	2	51.000	  80.000	  82.000	  49.756	  51.000	  73.000	AttF1	2	51	2	3531
51736	1	3	61.000	  85.000	  78.000	  48.000	  57.000	  67.000	Fill	3	50	1	2928
51736	1	4	53.000	  84.000	  82.000	  54.293	  46.000	  84.000	AttR1	2	49	1	2685
51736	1	5	50.000	  82.000	  81.000	  50.617	  81.000	  42.617	AttR2	6	50	2	2829
51736	1	6	50.000	  82.000	  81.000	  50.617	  76.000	  46.341	AttRF2	2	49	1	2129
51736	1	7	50.000	  81.000	  85.000	  60.000	  68.000	  59.000	Fill	3	49	2	1678
51736	1	8	53.000	  84.000	  82.000	  54.293	  53.000	  75.000	AttF1	2	49	1	2637
51736	1	9	50.000	  78.000	  86.000	  59.000	  68.000	  60.000	Fill	3	49	2	1678
51736	1	10	50.000	  82.000	  81.000	  50.617	  50.000	  74.000	AttF1	6	49	3	1957
51736	1	11	48.000	  79.000	  84.000	  64.000	  68.000	  59.000	Fill	6	50	2	1436
51736	1	12	51.000	  80.000	  82.000	  49.756	  82.000	  40.756	AttR2	3	49	2	1907
51736	1	13	47.000	  81.000	  83.000	  45.867	  83.000	  36.867	AttR2	4	51	2	1745
51736	1	14	59.000	  85.000	  80.000	  49.000	  60.000	  69.000	Fill	1	49	1	1109
51736	1	15	50.000	  81.000	  82.000	  49.390	  43.000	  81.000	AttR1	2	49	1	6499
51736	1	16	54.000	  82.000	  80.000	  55.350	  80.000	  46.350	AttR2	3	49	2	992
51736	1	17	55.000	  82.000	  83.000	  54.337	  83.000	  45.337	AttR2	3	49	2	1388
51736	1	18	48.000	  80.000	  81.000	  47.407	  48.000	  72.000	AttF1	4	50	1	1245
51736	1	19	50.000	  81.000	  82.000	  49.390	  77.000	  47.531	AttRF2	1	50	2	1893
51736	1	20	50.000	  81.000	  82.000	  49.390	  45.776	  76.000	AttRF1	2	49	1	1661
51736	1	21	50.000	  80.000	  85.000	  60.000	  69.000	  60.000	Fill	6	50	2	1589
51736	1	22	47.000	  81.000	  83.000	  45.867	  40.000	  81.000	AttR1	5	51	1	1344
51736	1	23	51.000	  80.000	  82.000	  49.756	  44.000	  80.000	AttR1	2	49	1	2998
51736	1	24	47.000	  81.000	  83.000	  45.867	  75.000	  45.867	AttF2	1	49	1	1648
51736	1	25	54.000	  82.000	  80.000	  55.350	  53.966	  78.000	AttRF1	5	49	2	8655
51736	1	26	58.000	  82.000	  77.000	  50.000	  60.000	  69.000	Fill	3	50	1	1736
51736	1	27	47.000	  80.000	  87.000	  59.000	  69.000	  58.000	Fill	5	49	2	933
51736	1	28	53.000	  84.000	  82.000	  54.293	  77.000	  48.583	AttRF2	5	51	1	1694
51736	1	29	64.000	  84.000	  81.000	  50.000	  59.000	  68.000	Fill	3	50	1	831
51736	1	30	51.000	  78.000	  79.000	  50.354	  42.000	  78.000	AttR1	4	50	1	2235
51736	1	31	47.000	  81.000	  83.000	  45.867	  41.999	  76.000	AttRF1	5	51	1	955
51736	1	32	54.000	  82.000	  80.000	  55.350	  54.000	  75.000	AttF1	4	50	1	2017
51736	1	33	55.000	  82.000	  83.000	  54.337	  46.000	  82.000	AttR1	6	51	1	1579
51736	1	34	55.000	  82.000	  83.000	  54.337	  76.000	  54.337	AttF2	3	49	2	5996
51736	1	35	52.000	  82.000	  84.000	  58.000	  70.000	  59.000	Fill	4	51	2	2856
51736	1	36	50.000	  81.000	  82.000	  49.390	  82.000	  42.390	AttR2	3	49	2	4888
51736	1	37	60.000	  84.000	  80.000	  49.000	  60.000	  69.000	Fill	5	51	1	1064
51736	1	38	57.000	  86.000	  82.000	  49.000	  59.000	  70.000	Fill	3	50	1	1088
51736	1	39	50.000	  81.000	  82.000	  49.390	  73.000	  49.390	AttF2	6	50	2	1415
51736	1	40	48.000	  80.000	  81.000	  47.407	  44.481	  76.000	AttRF1	2	49	1	1467
51736	1	41	47.000	  81.000	  83.000	  45.867	  78.000	  45.259	AttRF2	2	51	2	1355
51736	1	42	55.000	  82.000	  83.000	  54.337	  50.409	  77.000	AttRF1	4	51	2	2432
51736	1	43	55.000	  82.000	  83.000	  54.337	  55.000	  74.000	AttF1	3	49	2	7024
51736	1	44	50.000	  82.000	  81.000	  50.617	  74.000	  50.617	AttF2	4	49	3	2489
51736	1	45	49.000	  80.000	  81.000	  48.395	  76.000	  46.550	AttRF2	5	51	1	2955
51736	1	46	51.000	  78.000	  79.000	  50.354	  75.000	  49.038	AttRF2	2	49	1	968
51736	1	47	52.000	  82.000	  85.000	  58.000	  68.000	  60.000	Fill	2	51	2	1050
51736	1	48	51.000	  80.000	  82.000	  49.756	  73.000	  49.756	AttF2	5	49	2	1523
51736	1	49	60.000	  84.000	  79.000	  50.000	  56.000	  69.000	Fill	2	49	1	1880
51736	1	50	51.000	  79.000	  86.000	  62.000	  68.000	  59.000	Fill	3	49	2	3160
51736	1	51	51.000	  78.000	  79.000	  50.354	  51.000	  71.000	AttF1	5	50	3	1238
51736	1	52	51.000	  80.000	  82.000	  49.756	  46.115	  76.000	AttRF1	5	51	1	2085
51736	1	53	54.000	  82.000	  80.000	  55.350	  75.000	  49.390	AttRF2	1	50	2	1510
51736	1	54	48.000	  80.000	  81.000	  47.407	  77.000	  46.200	AttRF2	3	49	2	1147
51736	1	55	50.000	  82.000	  81.000	  50.617	  43.000	  82.000	AttR1	1	49	1	1593
51736	1	56	51.000	  78.000	  79.000	  50.354	  70.000	  50.354	AttF2	5	49	2	1316
51736	1	57	48.000	  80.000	  81.000	  47.407	  81.000	  39.407	AttR2	1	49	1	1232
51736	1	58	60.000	  86.000	  78.000	  48.000	  59.000	  66.000	Fill	2	49	1	960
51736	1	59	49.000	  80.000	  81.000	  48.395	  40.000	  80.000	AttR1	3	50	1	1086
51736	1	60	49.000	  80.000	  81.000	  48.395	  73.000	  48.395	AttF2	1	50	2	1637
51736	1	61	49.000	  80.000	  81.000	  48.395	  45.408	  76.000	AttRF1	3	50	1	878
51736	1	62	53.000	  84.000	  82.000	  54.293	  82.000	  46.293	AttR2	4	50	1	5389
51736	1	63	51.000	  78.000	  79.000	  50.354	  79.000	  42.354	AttR2	1	50	2	9879
51736	1	64	47.000	  84.000	  86.000	  60.000	  68.000	  59.000	Fill	5	49	2	1321
51736	1	65	49.000	  80.000	  81.000	  48.395	  81.000	  40.395	AttR2	6	51	1	3045
51736	1	66	49.000	  81.000	  85.000	  59.000	  68.000	  58.000	Fill	2	51	2	1517
51736	1	67	54.000	  82.000	  80.000	  55.350	  47.000	  82.000	AttR1	3	49	2	842
51736	1	68	58.000	  86.000	  79.000	  50.000	  57.000	  66.000	Fill	2	49	1	899
51736	1	69	53.000	  84.000	  82.000	  54.293	  52.968	  80.000	AttRF1	3	50	1	1275
51736	1	70	55.000	  82.000	  83.000	  54.337	  79.000	  52.988	AttRF2	6	51	1	995
51736	1	71	50.000	  81.000	  82.000	  49.390	  50.000	  74.000	AttF1	2	49	1	820
51736	1	72	51.000	  78.000	  79.000	  50.354	  46.530	  73.000	AttRF1	1	49	1	849
51736	1	73	59.000	  87.000	  80.000	  47.000	  58.000	  69.000	Fill	3	50	1	688
51736	1	74	48.000	  80.000	  81.000	  47.407	  39.000	  80.000	AttR1	6	51	1	896
51736	1	75	50.000	  82.000	  81.000	  50.617	  48.743	  78.000	AttRF1	3	49	2	1479
51736	1	76	49.000	  80.000	  81.000	  48.395	  49.000	  71.000	AttF1	3	50	1	545
51736	1	77	47.000	  81.000	  83.000	  45.867	  47.000	  73.000	AttF1	6	49	3	1396
51736	1	78	48.000	  80.000	  81.000	  47.407	  72.000	  47.407	AttF2	4	51	2	1520
51736	1	79	53.000	  84.000	  82.000	  54.293	  75.000	  54.293	AttF2	3	49	2	1165
51736	1	80	54.000	  82.000	  80.000	  55.350	  73.000	  55.350	AttF2	3	50	1	688
51736	2	1	49.000	  78.000	  77.000	  49.636	  41.000	  78.000	AttR1	6	51	1	3037
51736	2	2	49.000	  80.000	  79.000	  49.620	  70.000	  49.620	AttF2	1	50	2	724
51736	2	3	52.000	  82.000	  81.000	  52.642	  77.000	  48.829	AttRF2	5	51	1	601
51736	2	4	49.000	  78.000	  77.000	  49.636	  72.000	  45.231	AttRF2	3	49	2	708
51736	2	5	57.000	  86.000	  81.000	  50.000	  60.000	  68.000	Fill	3	50	1	633
51736	2	6	50.000	  80.000	  81.000	  49.383	  81.000	  41.383	AttR2	1	49	1	665
51736	2	7	59.000	  85.000	  80.000	  50.000	  60.000	  68.000	Fill	4	50	1	585
51736	2	8	60.000	  86.000	  78.000	  51.000	  62.000	  67.000	Fill	2	49	1	842
51736	2	9	49.000	  78.000	  79.000	  48.380	  75.000	  47.115	AttRF2	3	51	3	899
51736	2	10	48.000	  79.000	  79.000	  48.000	  70.000	  48.000	AttF2	5	49	2	1488
51736	2	11	49.000	  80.000	  79.000	  49.620	  74.000	  45.325	AttRF2	5	51	1	601
51736	2	12	52.000	  80.000	  79.000	  52.658	  74.000	  48.100	AttRF2	3	51	3	924
51736	2	13	49.000	  78.000	  77.000	  49.636	  69.000	  49.636	AttF2	2	51	2	1552
51736	2	14	50.000	  80.000	  80.000	  50.000	  50.000	  71.000	AttF1	5	51	1	5469
51736	2	15	52.000	  80.000	  79.000	  52.658	  70.000	  52.658	AttF2	5	49	2	646
51736	2	16	60.000	  84.000	  80.000	  51.000	  60.000	  69.000	Fill	2	49	1	734
51736	2	17	49.000	  82.000	  80.000	  50.225	  40.000	  82.000	AttR1	2	49	1	1731
51736	2	18	50.000	  80.000	  80.000	  50.000	  42.000	  80.000	AttR1	2	49	1	673
51736	2	19	61.000	  85.000	  80.000	  49.000	  59.000	  67.000	Fill	6	51	1	751
51736	2	20	49.000	  82.000	  80.000	  50.225	  71.000	  50.225	AttF2	2	49	1	884
51736	2	21	52.000	  80.000	  79.000	  52.658	  52.000	  72.000	AttF1	1	51	3	670
51736	2	22	52.000	  82.000	  81.000	  52.642	  52.000	  75.000	AttF1	5	49	2	1814
51736	2	23	48.000	  79.000	  79.000	  48.000	  79.000	  40.000	AttR2	4	50	1	928
51736	2	24	50.000	  78.000	  84.000	  60.000	  67.000	  57.000	Fill	1	50	2	557
51736	2	25	50.000	  82.000	  84.000	  60.000	  68.000	  58.000	Fill	2	51	2	1444
51736	2	26	52.000	  80.000	  79.000	  52.658	  79.000	  43.658	AttR2	4	51	2	995
51736	2	27	50.000	  80.000	  81.000	  49.383	  45.725	  75.000	AttRF1	4	51	2	598
51736	2	28	49.000	  78.000	  77.000	  49.636	  49.000	  69.000	AttF1	1	50	2	881
51736	2	29	49.000	  78.000	  79.000	  48.380	  79.000	  41.380	AttR2	3	49	2	792
51736	2	30	61.000	  82.000	  80.000	  53.000	  58.000	  67.000	Fill	2	49	1	627
51736	2	31	52.000	  80.000	  79.000	  52.658	  50.659	  76.000	AttRF1	1	50	2	797
51736	2	32	48.000	  79.000	  79.000	  48.000	  48.000	  72.000	AttF1	5	49	2	1359
51736	2	33	50.000	  80.000	  87.000	  59.000	  66.000	  58.000	Fill	2	51	2	892
51736	2	34	50.000	  80.000	  80.000	  50.000	  73.000	  50.000	AttF2	5	49	2	1285
51736	2	35	59.000	  84.000	  82.000	  49.000	  62.000	  68.000	Fill	4	50	1	1125
51736	2	36	50.000	  80.000	  81.000	  49.383	  50.000	  71.000	AttF1	2	50	3	1732
51736	2	37	49.000	  80.000	  79.000	  49.620	  47.108	  75.000	AttRF1	5	51	1	1552
51736	2	38	49.000	  79.000	  84.000	  58.000	  68.000	  61.000	Fill	3	49	2	812
51736	2	39	51.000	  82.000	  84.000	  60.000	  69.000	  60.000	Fill	2	51	2	1097
51736	2	40	50.000	  80.000	  80.000	  50.000	  46.875	  75.000	AttRF1	4	49	3	1201
51736	2	41	49.000	  78.000	  79.000	  48.380	  45.318	  74.000	AttRF1	5	51	1	1291
51736	2	42	50.000	  80.000	  81.000	  49.383	  73.000	  49.383	AttF2	4	49	3	847
51736	2	43	61.000	  83.000	  79.000	  50.000	  60.000	  66.000	Fill	4	50	1	788
51736	2	44	48.000	  79.000	  79.000	  48.000	  44.962	  74.000	AttRF1	6	50	2	1189
51736	2	45	48.000	  79.000	  79.000	  48.000	  41.000	  79.000	AttR1	3	49	2	806
51736	2	46	48.000	  79.000	  79.000	  48.000	  74.000	  44.962	AttRF2	2	49	1	1028
51736	2	47	49.000	  80.000	  79.000	  49.620	  79.000	  40.620	AttR2	5	49	2	1173
51736	2	48	50.000	  80.000	  78.000	  51.282	  50.000	  73.000	AttF1	6	49	3	808
51736	2	49	57.000	  86.000	  76.000	  51.000	  56.000	  67.000	Fill	2	49	1	826
51736	2	50	50.000	  80.000	  78.000	  51.282	  41.000	  80.000	AttR1	5	51	1	804
51736	2	51	50.000	  80.000	  78.000	  51.282	  74.000	  46.250	AttRF2	3	50	1	960
51736	2	52	49.000	  78.000	  85.000	  60.000	  69.000	  59.000	Fill	1	50	2	694
51736	2	53	49.000	  80.000	  79.000	  49.620	  49.000	  72.000	AttF1	2	49	1	846
51736	2	54	50.000	  80.000	  86.000	  60.000	  67.000	  59.000	Fill	5	49	2	789
51736	2	55	52.000	  80.000	  79.000	  52.658	  44.000	  80.000	AttR1	5	49	2	1201
51736	2	56	52.000	  82.000	  81.000	  52.642	  72.000	  52.642	AttF2	2	50	3	676
51736	2	57	49.000	  82.000	  80.000	  50.225	  48.342	  77.000	AttRF1	3	49	2	700
51736	2	58	51.000	  77.000	  85.000	  60.000	  68.000	  61.000	Fill	4	51	2	443
51736	2	59	52.000	  82.000	  81.000	  52.642	  50.042	  77.000	AttRF1	1	49	1	884
51736	2	60	52.000	  82.000	  81.000	  52.642	  43.000	  82.000	AttR1	4	50	1	684
51736	2	61	49.000	  80.000	  79.000	  49.620	  41.000	  80.000	AttR1	2	49	1	628
51736	2	62	49.000	  82.000	  80.000	  50.225	  80.000	  42.225	AttR2	4	51	2	718
51736	2	63	50.000	  80.000	  78.000	  51.282	  49.967	  76.000	AttRF1	6	49	3	884
51736	2	64	49.000	  82.000	  80.000	  50.225	  49.000	  75.000	AttF1	5	51	1	1595
51736	2	65	50.000	  80.000	  80.000	  50.000	  80.000	  41.000	AttR2	3	49	2	19868
51736	2	66	50.000	  80.000	  81.000	  49.383	  76.000	  47.500	AttRF2	4	50	1	630
51736	2	67	50.000	  80.000	  78.000	  51.282	  71.000	  51.282	AttF2	5	50	3	752
51736	2	68	49.000	  83.000	  85.000	  60.000	  70.000	  59.000	Fill	3	49	2	598
51736	2	69	49.000	  78.000	  77.000	  49.636	  77.000	  41.636	AttR2	5	51	1	728
51736	2	70	61.000	  86.000	  81.000	  47.000	  60.000	  67.000	Fill	6	49	3	741
51736	2	71	49.000	  82.000	  80.000	  50.225	  76.000	  45.415	AttRF2	2	49	1	700
51736	2	72	50.000	  80.000	  80.000	  50.000	  76.000	  47.500	AttRF2	6	51	1	763
51736	2	73	50.000	  80.000	  81.000	  49.383	  41.000	  80.000	AttR1	2	49	1	705
51736	2	74	51.000	  79.000	  85.000	  59.000	  68.000	  60.000	Fill	4	51	2	974
51736	2	75	49.000	  78.000	  79.000	  48.380	  70.000	  48.380	AttF2	3	49	2	792
51736	2	76	49.000	  78.000	  79.000	  48.380	  42.000	  78.000	AttR1	2	49	1	571
51736	2	77	49.000	  78.000	  77.000	  49.636	  47.058	  73.000	AttRF1	3	49	2	574
51736	2	78	50.000	  80.000	  78.000	  51.282	  78.000	  44.282	AttR2	2	49	1	616
51736	2	79	49.000	  78.000	  79.000	  48.380	  49.000	  69.000	AttF1	4	49	3	619
51736	2	80	52.000	  82.000	  81.000	  52.642	  81.000	  44.642	AttR2	1	50	2	486
51736	3	1	58.000	  82.000	  79.000	  49.000	  58.000	  70.000	Fill	1	49	1	1106
51736	3	2	48.000	  80.000	  87.000	  58.000	  69.000	  60.000	Fill	5	49	2	537
51736	3	3	53.000	  78.000	  76.000	  54.395	  76.000	  45.395	AttR2	5	51	1	662
51736	3	4	50.000	  83.000	  85.000	  48.824	  42.000	  83.000	AttR1	5	49	2	741
51736	3	5	50.000	  81.000	  79.000	  51.266	  74.000	  45.679	AttRF2	3	50	1	18594
51736	3	6	50.000	  81.000	  81.000	  50.000	  50.000	  73.000	AttF1	6	51	1	1222
51736	3	7	49.000	  81.000	  82.000	  48.402	  45.451	  77.000	AttRF1	1	49	1	984
51736	3	8	50.000	  81.000	  81.000	  50.000	  46.914	  76.000	AttRF1	2	51	2	708
51736	3	9	50.000	  81.000	  82.000	  49.390	  50.000	  73.000	AttF1	3	49	2	848
51736	3	10	50.000	  81.000	  79.000	  51.266	  79.000	  42.266	AttR2	4	51	2	5080
51736	3	11	59.000	  86.000	  81.000	  53.000	  60.000	  68.000	Fill	6	49	3	560
51736	3	12	51.000	  77.000	  76.000	  51.671	  76.000	  42.671	AttR2	1	51	3	308
51736	3	13	50.000	  81.000	  82.000	  49.390	  46.379	  77.000	AttRF1	1	50	2	403
51736	3	14	50.000	  81.000	  79.000	  51.266	  49.319	  76.000	AttRF1	2	49	1	1086
51736	3	15	50.000	  80.000	  87.000	  59.000	  68.000	  59.000	Fill	2	51	2	382
51736	3	16	53.000	  78.000	  76.000	  54.395	  53.000	  69.000	AttF1	6	50	2	585
51736	3	17	51.000	  77.000	  76.000	  51.671	  51.000	  69.000	AttF1	2	51	2	548
51736	3	18	49.000	  81.000	  82.000	  48.402	  82.000	  40.402	AttR2	6	51	1	513
51736	3	19	60.000	  86.000	  80.000	  51.000	  60.000	  68.000	Fill	4	50	1	629
51736	3	20	49.000	  81.000	  82.000	  48.402	  73.000	  48.402	AttF2	6	50	2	1248
51736	3	21	50.000	  83.000	  85.000	  48.824	  45.377	  79.000	AttRF1	2	49	1	641
51736	3	22	50.000	  81.000	  81.000	  50.000	  81.000	  43.000	AttR2	5	51	1	1160
51736	3	23	50.000	  78.000	  80.000	  48.750	  44.484	  73.000	AttRF1	5	51	1	669
51736	3	24	50.000	  78.000	  80.000	  48.750	  72.000	  48.750	AttF2	4	49	3	598
51736	3	25	50.000	  78.000	  80.000	  48.750	  75.000	  48.077	AttRF2	3	51	3	561
51736	3	26	50.000	  82.000	  86.000	  60.000	  69.000	  59.000	Fill	5	49	2	1006
51736	3	27	53.000	  78.000	  76.000	  54.395	  44.000	  78.000	AttR1	4	50	1	1081
51736	3	28	48.000	  79.000	  78.000	  48.615	  78.000	  40.615	AttR2	5	51	1	760
51736	3	29	64.000	  86.000	  79.000	  49.000	  59.000	  69.000	Fill	2	49	1	525
51736	3	30	49.000	  79.000	  87.000	  61.000	  68.000	  60.000	Fill	4	51	2	826
51736	3	31	50.000	  81.000	  79.000	  51.266	  50.000	  73.000	AttF1	1	49	1	1253
51736	3	32	50.000	  81.000	  81.000	  50.000	  42.000	  81.000	AttR1	1	49	1	598
51736	3	33	49.000	  81.000	  85.000	  60.000	  67.000	  60.000	Fill	5	49	2	633
51736	3	34	51.000	  77.000	  76.000	  51.671	  71.000	  47.026	AttRF2	2	51	2	871
51736	3	35	50.000	  81.000	  82.000	  49.390	  82.000	  42.390	AttR2	2	49	1	1152
51736	3	36	53.000	  79.000	  84.000	  57.000	  68.000	  60.000	Fill	3	49	2	613
51736	3	37	48.000	  79.000	  78.000	  48.615	  74.000	  44.962	AttRF2	6	50	2	553
51736	3	38	50.000	  80.000	  81.000	  49.383	  76.000	  47.500	AttRF2	5	50	3	710
51736	3	39	50.000	  81.000	  82.000	  49.390	  42.000	  81.000	AttR1	4	50	1	548
51736	3	40	58.000	  88.000	  79.000	  50.000	  57.000	  69.000	Fill	2	51	2	504
51736	3	41	50.000	  78.000	  80.000	  48.750	  80.000	  41.750	AttR2	2	49	1	629
51736	3	42	50.000	  83.000	  85.000	  48.824	  85.000	  41.824	AttR2	4	51	2	465
51736	3	43	50.000	  81.000	  81.000	  50.000	  72.000	  50.000	AttF2	3	49	2	696
51736	3	44	57.000	  87.000	  80.000	  51.000	  59.000	  70.000	Fill	2	51	2	521
51736	3	45	48.000	  79.000	  78.000	  48.615	  71.000	  48.615	AttF2	4	50	1	341
51736	3	46	50.000	  80.000	  81.000	  49.383	  50.000	  71.000	AttF1	5	49	2	315
51736	3	47	50.000	  81.000	  85.000	  59.000	  66.000	  57.000	Fill	1	50	2	616
51736	3	48	50.000	  78.000	  80.000	  48.750	  43.000	  78.000	AttR1	5	49	2	691
51736	3	49	50.000	  83.000	  85.000	  48.824	  81.000	  48.795	AttRF2	2	51	2	724
51736	3	50	48.000	  79.000	  78.000	  48.615	  40.000	  79.000	AttR1	5	49	2	649
51736	3	51	50.000	  81.000	  79.000	  51.266	  41.000	  81.000	AttR1	2	51	2	512
51736	3	52	50.000	  83.000	  85.000	  48.824	  76.000	  48.824	AttF2	4	49	3	509
51736	3	53	48.000	  79.000	  78.000	  48.615	  48.000	  72.000	AttF1	4	51	2	619
51736	3	54	51.000	  77.000	  76.000	  51.671	  44.000	  77.000	AttR1	3	50	1	422
51736	3	55	50.000	  81.000	  82.000	  49.390	  78.000	  48.148	AttRF2	5	50	3	968
51736	3	56	50.000	  80.000	  81.000	  49.383	  74.000	  49.383	AttF2	3	49	2	708
51736	3	57	50.000	  83.000	  85.000	  48.824	  50.000	  76.000	AttF1	5	50	3	488
51736	3	58	50.000	  81.000	  82.000	  49.390	  74.000	  49.390	AttF2	3	51	3	880
51736	3	59	50.000	  80.000	  81.000	  49.383	  43.000	  80.000	AttR1	4	49	3	656
51736	3	60	50.000	  80.000	  81.000	  49.383	  45.725	  75.000	AttRF1	2	49	1	912
51736	3	61	53.000	  78.000	  76.000	  54.395	  71.000	  48.244	AttRF2	3	50	1	581
51736	3	62	50.000	  81.000	  86.000	  61.000	  69.000	  60.000	Fill	3	49	2	839
51736	3	63	49.000	  81.000	  82.000	  48.402	  49.000	  73.000	AttF1	3	50	1	2153
51736	3	64	49.000	  81.000	  82.000	  48.402	  78.000	  47.185	AttRF2	1	49	1	1229
51736	3	65	50.000	  81.000	  81.000	  50.000	  76.000	  46.914	AttRF2	5	51	1	520
51736	3	66	61.000	  86.000	  81.000	  49.000	  58.000	  69.000	Fill	5	51	1	2886
51736	3	67	50.000	  78.000	  80.000	  48.750	  50.000	  70.000	AttF1	2	49	1	573
51736	3	68	53.000	  78.000	  76.000	  54.395	  68.000	  54.395	AttF2	2	51	2	599
51736	3	69	50.000	  78.000	  86.000	  58.000	  67.000	  59.000	Fill	3	49	2	492
51736	3	70	58.000	  83.000	  79.000	  49.000	  58.000	  69.000	Fill	5	51	1	516
51736	3	71	50.000	  81.000	  79.000	  51.266	  72.000	  51.266	AttF2	2	51	2	400
51736	3	72	50.000	  80.000	  83.000	  60.000	  70.000	  62.000	Fill	6	49	3	835
51736	3	73	50.000	  80.000	  81.000	  49.383	  81.000	  42.383	AttR2	3	50	1	667
51736	3	74	60.000	  85.000	  82.000	  49.000	  60.000	  70.000	Fill	4	51	2	428
51736	3	75	51.000	  77.000	  76.000	  51.671	  68.000	  51.671	AttF2	3	50	1	741
51736	3	76	60.000	  82.000	  80.000	  51.000	  59.000	  68.000	Fill	3	49	2	396
51736	3	77	51.000	  77.000	  76.000	  51.671	  48.952	  72.000	AttRF1	4	51	2	7492
51736	3	78	49.000	  81.000	  82.000	  48.402	  40.000	  81.000	AttR1	3	50	1	637
51736	3	79	53.000	  78.000	  76.000	  54.395	  52.248	  73.000	AttRF1	3	50	1	590
51736	3	80	48.000	  79.000	  78.000	  48.615	  46.122	  74.000	AttRF1	3	49	2	969
51736	4	1	52.000	  82.000	  84.000	  58.000	  70.000	  59.000	Fill	2	49	1	1361
51736	4	2	50.000	  81.000	  82.000	  49.390	  50.000	  74.000	AttF1	6	51	1	565
51736	4	3	53.000	  84.000	  82.000	  54.293	  53.000	  75.000	AttF1	5	50	3	611
51736	4	4	51.000	  80.000	  82.000	  49.756	  46.115	  76.000	AttRF1	4	49	3	869
51736	4	5	49.000	  81.000	  85.000	  59.000	  68.000	  58.000	Fill	2	50	3	1127
51736	4	6	50.000	  81.000	  85.000	  60.000	  68.000	  59.000	Fill	6	49	3	851
51736	4	7	53.000	  84.000	  82.000	  54.293	  52.968	  80.000	AttRF1	1	51	3	1003
51736	4	8	47.000	  84.000	  86.000	  60.000	  68.000	  59.000	Fill	4	49	3	1174
51736	4	9	51.000	  80.000	  82.000	  49.756	  82.000	  40.756	AttR2	1	49	1	1233
51736	4	10	49.000	  80.000	  81.000	  48.395	  49.000	  71.000	AttF1	1	49	1	688
51736	4	11	47.000	  80.000	  87.000	  59.000	  69.000	  58.000	Fill	6	50	2	624
51736	4	12	47.000	  81.000	  83.000	  45.867	  41.999	  76.000	AttRF1	5	51	1	971
51736	4	13	64.000	  84.000	  81.000	  50.000	  59.000	  68.000	Fill	3	50	1	645
51736	4	14	50.000	  81.000	  82.000	  49.390	  45.776	  76.000	AttRF1	1	49	1	845
51736	4	15	59.000	  87.000	  80.000	  47.000	  58.000	  69.000	Fill	3	50	1	598
51736	4	16	54.000	  82.000	  80.000	  55.350	  80.000	  46.350	AttR2	6	50	2	831
51736	4	17	48.000	  79.000	  84.000	  64.000	  68.000	  59.000	Fill	2	51	2	843
51736	4	18	51.000	  78.000	  79.000	  50.354	  51.000	  71.000	AttF1	2	49	1	1483
51736	4	19	47.000	  81.000	  83.000	  45.867	  78.000	  45.259	AttRF2	3	49	2	841
51736	4	20	49.000	  80.000	  81.000	  48.395	  40.000	  80.000	AttR1	4	50	1	842
51736	4	21	55.000	  82.000	  83.000	  54.337	  50.409	  77.000	AttRF1	3	50	1	883
51736	4	22	51.000	  78.000	  79.000	  50.354	  75.000	  49.038	AttRF2	6	50	2	9809
51736	4	23	49.000	  80.000	  81.000	  48.395	  73.000	  48.395	AttF2	4	49	3	5660
51736	4	24	51.000	  78.000	  79.000	  50.354	  46.530	  73.000	AttRF1	5	51	1	2677
51736	4	25	50.000	  80.000	  85.000	  60.000	  69.000	  60.000	Fill	3	49	2	1269
51736	4	26	47.000	  81.000	  83.000	  45.867	  40.000	  81.000	AttR1	4	50	1	2252
51736	4	27	55.000	  82.000	  83.000	  54.337	  46.000	  82.000	AttR1	2	49	1	1157
51736	4	28	50.000	  82.000	  81.000	  50.617	  48.743	  78.000	AttRF1	1	49	1	3171
51736	4	29	47.000	  81.000	  83.000	  45.867	  47.000	  73.000	AttF1	6	50	2	3396
51736	4	30	49.000	  80.000	  81.000	  48.395	  76.000	  46.550	AttRF2	2	49	1	2784
51736	4	31	47.000	  81.000	  83.000	  45.867	  75.000	  45.867	AttF2	6	51	1	3067
51736	4	32	54.000	  82.000	  80.000	  55.350	  54.000	  75.000	AttF1	5	49	2	1236
51736	4	33	59.000	  85.000	  80.000	  49.000	  60.000	  69.000	Fill	3	50	1	1387
51736	4	34	49.000	  80.000	  81.000	  48.395	  81.000	  40.395	AttR2	3	49	2	2317
51736	4	35	50.000	  82.000	  81.000	  50.617	  43.000	  82.000	AttR1	6	51	1	3324
51736	4	36	51.000	  80.000	  82.000	  49.756	  51.000	  73.000	AttF1	4	50	1	4280
51736	4	37	54.000	  82.000	  80.000	  55.350	  75.000	  49.390	AttRF2	6	50	2	3065
51736	4	38	58.000	  82.000	  77.000	  50.000	  60.000	  69.000	Fill	4	50	1	2864
51736	4	39	53.000	  84.000	  82.000	  54.293	  82.000	  46.293	AttR2	3	49	2	1465
51736	4	40	54.000	  82.000	  80.000	  55.350	  73.000	  55.350	AttF2	5	49	2	2705
51736	4	41	58.000	  86.000	  79.000	  50.000	  57.000	  66.000	Fill	5	51	1	1222
51736	4	42	48.000	  80.000	  81.000	  47.407	  81.000	  39.407	AttR2	2	49	1	3432
51736	4	43	60.000	  86.000	  78.000	  48.000	  59.000	  66.000	Fill	3	50	1	2467
51736	4	44	50.000	  78.000	  86.000	  59.000	  68.000	  60.000	Fill	6	50	2	2363
51736	4	45	48.000	  80.000	  81.000	  47.407	  72.000	  47.407	AttF2	1	49	1	1712
51736	4	46	48.000	  80.000	  81.000	  47.407	  48.000	  72.000	AttF1	4	50	1	5949
51736	4	47	49.000	  80.000	  81.000	  48.395	  45.408	  76.000	AttRF1	2	49	1	1539
51736	4	48	57.000	  86.000	  82.000	  49.000	  59.000	  70.000	Fill	2	49	1	1111
51736	4	49	48.000	  80.000	  81.000	  47.407	  77.000	  46.200	AttRF2	5	49	2	9117
51736	4	50	52.000	  82.000	  85.000	  58.000	  68.000	  60.000	Fill	3	49	2	3100
51736	4	51	55.000	  82.000	  83.000	  54.337	  55.000	  74.000	AttF1	2	49	1	3128
51736	4	52	55.000	  82.000	  83.000	  54.337	  79.000	  52.988	AttRF2	1	50	2	2957
51736	4	53	54.000	  82.000	  80.000	  55.350	  47.000	  82.000	AttR1	3	49	2	1323
51736	4	54	60.000	  84.000	  79.000	  50.000	  56.000	  69.000	Fill	3	50	1	1690
51736	4	55	50.000	  81.000	  82.000	  49.390	  73.000	  49.390	AttF2	6	51	1	3720
51736	4	56	50.000	  82.000	  81.000	  50.617	  50.000	  74.000	AttF1	5	51	1	10251
51736	4	57	50.000	  82.000	  81.000	  50.617	  81.000	  42.617	AttR2	3	49	2	4174
51736	4	58	51.000	  78.000	  79.000	  50.354	  70.000	  50.354	AttF2	2	49	1	2102
51736	4	59	51.000	  79.000	  86.000	  62.000	  68.000	  59.000	Fill	5	49	2	1517
51736	4	60	50.000	  82.000	  81.000	  50.617	  74.000	  50.617	AttF2	2	51	2	2787
51736	4	61	50.000	  81.000	  82.000	  49.390	  43.000	  81.000	AttR1	2	49	1	3453
51736	4	62	53.000	  84.000	  82.000	  54.293	  46.000	  84.000	AttR1	2	51	2	2309
51736	4	63	53.000	  84.000	  82.000	  54.293	  75.000	  54.293	AttF2	4	51	2	3307
51736	4	64	47.000	  81.000	  83.000	  45.867	  83.000	  36.867	AttR2	2	49	1	1896
51736	4	65	51.000	  80.000	  82.000	  49.756	  44.000	  80.000	AttR1	3	50	1	3744
51736	4	66	55.000	  82.000	  83.000	  54.337	  76.000	  54.337	AttF2	3	49	2	2534
51736	4	67	60.000	  84.000	  80.000	  49.000	  60.000	  69.000	Fill	4	50	1	1619
51736	4	68	48.000	  80.000	  81.000	  47.407	  39.000	  80.000	AttR1	5	49	2	1262
51736	4	69	50.000	  81.000	  82.000	  49.390	  82.000	  42.390	AttR2	4	51	2	5374
51736	4	70	51.000	  78.000	  79.000	  50.354	  79.000	  42.354	AttR2	3	50	1	3111
51736	4	71	51.000	  78.000	  79.000	  50.354	  42.000	  78.000	AttR1	6	51	1	2941
51736	4	72	55.000	  82.000	  83.000	  54.337	  83.000	  45.337	AttR2	1	49	1	891
51736	4	73	61.000	  85.000	  78.000	  48.000	  57.000	  67.000	Fill	4	50	1	1027
51736	4	74	53.000	  84.000	  82.000	  54.293	  77.000	  48.583	AttRF2	3	50	1	1508
51736	4	75	50.000	  82.000	  81.000	  50.617	  76.000	  46.341	AttRF2	4	49	3	2219
51736	4	76	48.000	  80.000	  81.000	  47.407	  44.481	  76.000	AttRF1	5	49	2	2262
51736	4	77	51.000	  80.000	  82.000	  49.756	  73.000	  49.756	AttF2	1	50	2	5269
51736	4	78	51.000	  80.000	  82.000	  49.756	  77.000	  49.087	AttRF2	6	49	3	1909
51736	4	79	50.000	  81.000	  82.000	  49.390	  77.000	  47.531	AttRF2	2	51	2	2275
51736	4	80	54.000	  82.000	  80.000	  55.350	  53.966	  78.000	AttRF1	4	49	3	2907
51736	5	1	49.000	  78.000	  77.000	  49.636	  72.000	  45.231	AttRF2	4	50	1	17760
51736	5	2	57.000	  86.000	  76.000	  51.000	  56.000	  67.000	Fill	5	51	1	1272
51736	5	3	49.000	  82.000	  80.000	  50.225	  40.000	  82.000	AttR1	4	51	2	8558
51736	5	4	50.000	  80.000	  78.000	  51.282	  71.000	  51.282	AttF2	2	49	1	1661
51736	5	5	50.000	  80.000	  80.000	  50.000	  80.000	  41.000	AttR2	6	51	1	893
51736	5	6	57.000	  86.000	  81.000	  50.000	  60.000	  68.000	Fill	1	49	1	885
51736	5	7	50.000	  82.000	  84.000	  60.000	  68.000	  58.000	Fill	2	51	2	1334
51736	5	8	49.000	  78.000	  85.000	  60.000	  69.000	  59.000	Fill	3	49	2	876
51736	5	9	49.000	  83.000	  85.000	  60.000	  70.000	  59.000	Fill	5	49	2	2002
51736	5	10	49.000	  78.000	  79.000	  48.380	  49.000	  69.000	AttF1	5	51	1	1389
51736	5	11	49.000	  78.000	  77.000	  49.636	  77.000	  41.636	AttR2	2	49	1	1160
51736	5	12	49.000	  78.000	  79.000	  48.380	  75.000	  47.115	AttRF2	1	49	1	1622
51736	5	13	49.000	  82.000	  80.000	  50.225	  71.000	  50.225	AttF2	2	49	1	2769
51736	5	14	52.000	  82.000	  81.000	  52.642	  50.042	  77.000	AttRF1	4	51	2	1691
51736	5	15	59.000	  84.000	  82.000	  49.000	  62.000	  68.000	Fill	5	51	1	1269
51736	5	16	50.000	  80.000	  81.000	  49.383	  76.000	  47.500	AttRF2	4	50	1	1220
51736	5	17	49.000	  78.000	  77.000	  49.636	  41.000	  78.000	AttR1	3	49	2	1646
51736	5	18	49.000	  78.000	  79.000	  48.380	  42.000	  78.000	AttR1	6	50	2	1174
51736	5	19	52.000	  80.000	  79.000	  52.658	  44.000	  80.000	AttR1	4	50	1	1942
51736	5	20	59.000	  85.000	  80.000	  50.000	  60.000	  68.000	Fill	3	50	1	2165
51736	5	21	49.000	  80.000	  79.000	  49.620	  70.000	  49.620	AttF2	6	51	1	3411
51736	5	22	49.000	  80.000	  79.000	  49.620	  41.000	  80.000	AttR1	1	49	1	3220
51736	5	23	50.000	  80.000	  81.000	  49.383	  50.000	  71.000	AttF1	3	49	2	1680
51736	5	24	50.000	  80.000	  87.000	  59.000	  66.000	  58.000	Fill	2	51	2	1400
51736	5	25	60.000	  84.000	  80.000	  51.000	  60.000	  69.000	Fill	3	50	1	1724
51736	5	26	52.000	  82.000	  81.000	  52.642	  43.000	  82.000	AttR1	3	50	1	1977
51736	5	27	51.000	  82.000	  84.000	  60.000	  69.000	  60.000	Fill	6	50	2	1618
51736	5	28	51.000	  79.000	  85.000	  59.000	  68.000	  60.000	Fill	4	51	2	1404
51736	5	29	52.000	  82.000	  81.000	  52.642	  81.000	  44.642	AttR2	6	50	2	1704
51736	5	30	48.000	  79.000	  79.000	  48.000	  48.000	  72.000	AttF1	3	49	2	1750
51736	5	31	49.000	  82.000	  80.000	  50.225	  48.342	  77.000	AttRF1	3	49	2	1739
51736	5	32	49.000	  79.000	  84.000	  58.000	  68.000	  61.000	Fill	1	50	2	1943
51736	5	33	52.000	  80.000	  79.000	  52.658	  79.000	  43.658	AttR2	5	51	1	21555
51736	5	34	49.000	  82.000	  80.000	  50.225	  76.000	  45.415	AttRF2	4	50	1	2427
51736	5	35	52.000	  80.000	  79.000	  52.658	  70.000	  52.658	AttF2	2	51	2	24515
51736	5	36	52.000	  80.000	  79.000	  52.658	  50.659	  76.000	AttRF1	5	51	1	2562
51736	5	37	52.000	  82.000	  81.000	  52.642	  77.000	  48.829	AttRF2	6	51	1	3232
51736	5	38	61.000	  85.000	  80.000	  49.000	  59.000	  67.000	Fill	1	49	1	1288
51736	5	39	50.000	  80.000	  81.000	  49.383	  73.000	  49.383	AttF2	2	51	2	3520
51736	5	40	52.000	  80.000	  79.000	  52.658	  74.000	  48.100	AttRF2	2	51	2	1661
51736	5	41	49.000	  78.000	  77.000	  49.636	  49.000	  69.000	AttF1	2	49	1	1309
51736	5	42	50.000	  80.000	  80.000	  50.000	  73.000	  50.000	AttF2	3	49	2	2275
51736	5	43	50.000	  80.000	  80.000	  50.000	  50.000	  71.000	AttF1	1	49	1	3371
51736	5	44	50.000	  80.000	  86.000	  60.000	  67.000	  59.000	Fill	6	50	2	1557
51736	5	45	52.000	  80.000	  79.000	  52.658	  52.000	  72.000	AttF1	3	49	2	1876
51736	5	46	48.000	  79.000	  79.000	  48.000	  70.000	  48.000	AttF2	5	51	1	7203
51736	5	47	50.000	  80.000	  81.000	  49.383	  41.000	  80.000	AttR1	4	51	2	1038
51736	5	48	49.000	  80.000	  79.000	  49.620	  74.000	  45.325	AttRF2	4	51	2	1294
51736	5	49	48.000	  79.000	  79.000	  48.000	  79.000	  40.000	AttR2	6	51	1	1942
51736	5	50	48.000	  79.000	  79.000	  48.000	  44.962	  74.000	AttRF1	3	49	2	947
51736	5	51	61.000	  86.000	  81.000	  47.000	  60.000	  67.000	Fill	5	51	1	976
51736	5	52	52.000	  82.000	  81.000	  52.642	  72.000	  52.642	AttF2	2	49	1	810
51736	5	53	49.000	  80.000	  79.000	  49.620	  47.108	  75.000	AttRF1	4	51	2	1445
51736	5	54	49.000	  80.000	  79.000	  49.620	  49.000	  72.000	AttF1	5	49	2	740
51736	5	55	52.000	  82.000	  81.000	  52.642	  52.000	  75.000	AttF1	1	49	1	1563
51736	5	56	50.000	  80.000	  80.000	  50.000	  42.000	  80.000	AttR1	2	49	1	1601
51736	5	57	50.000	  80.000	  81.000	  49.383	  45.725	  75.000	AttRF1	3	50	1	1251
51736	5	58	60.000	  86.000	  78.000	  51.000	  62.000	  67.000	Fill	4	50	1	1963
51736	5	59	49.000	  78.000	  79.000	  48.380	  79.000	  41.380	AttR2	2	49	1	1313
51736	5	60	48.000	  79.000	  79.000	  48.000	  41.000	  79.000	AttR1	3	50	1	1340
51736	5	61	50.000	  80.000	  80.000	  50.000	  46.875	  75.000	AttRF1	4	51	2	667
51736	5	62	61.000	  83.000	  79.000	  50.000	  60.000	  66.000	Fill	3	50	1	746
51736	5	63	50.000	  80.000	  78.000	  51.282	  74.000	  46.250	AttRF2	5	51	1	1137
51736	5	64	49.000	  80.000	  79.000	  49.620	  79.000	  40.620	AttR2	4	51	2	1390
51736	5	65	49.000	  78.000	  79.000	  48.380	  45.318	  74.000	AttRF1	2	49	1	1952
51736	5	66	50.000	  80.000	  78.000	  51.282	  78.000	  44.282	AttR2	6	50	2	1589
51736	5	67	49.000	  82.000	  80.000	  50.225	  80.000	  42.225	AttR2	3	49	2	2576
51736	5	68	61.000	  82.000	  80.000	  53.000	  58.000	  67.000	Fill	5	51	1	2940
51736	5	69	50.000	  80.000	  80.000	  50.000	  76.000	  47.500	AttRF2	5	51	1	1824
51736	5	70	50.000	  78.000	  84.000	  60.000	  67.000	  57.000	Fill	5	49	2	4883
51736	5	71	49.000	  78.000	  77.000	  49.636	  69.000	  49.636	AttF2	1	50	2	1163
51736	5	72	50.000	  80.000	  78.000	  51.282	  50.000	  73.000	AttF1	5	51	1	648
51736	5	73	49.000	  82.000	  80.000	  50.225	  49.000	  75.000	AttF1	2	51	2	1497
51736	5	74	49.000	  78.000	  77.000	  49.636	  47.058	  73.000	AttRF1	5	51	1	968
51736	5	75	50.000	  80.000	  78.000	  51.282	  49.967	  76.000	AttRF1	5	51	1	2300
51736	5	76	48.000	  79.000	  79.000	  48.000	  74.000	  44.962	AttRF2	6	51	1	1104
51736	5	77	49.000	  78.000	  79.000	  48.380	  70.000	  48.380	AttF2	4	51	2	1502
51736	5	78	50.000	  80.000	  81.000	  49.383	  81.000	  41.383	AttR2	4	51	2	1843
51736	5	79	51.000	  77.000	  85.000	  60.000	  68.000	  61.000	Fill	4	51	2	1171
51736	5	80	50.000	  80.000	  78.000	  51.282	  41.000	  80.000	AttR1	3	50	1	2861
51736	6	1	50.000	  80.000	  81.000	  49.383	  50.000	  71.000	AttF1	1	49	1	2429
51736	6	2	53.000	  78.000	  76.000	  54.395	  76.000	  45.395	AttR2	5	51	1	1196
51736	6	3	50.000	  78.000	  80.000	  48.750	  72.000	  48.750	AttF2	2	51	2	1797
51736	6	4	53.000	  78.000	  76.000	  54.395	  53.000	  69.000	AttF1	6	51	1	4113
51736	6	5	50.000	  81.000	  81.000	  50.000	  72.000	  50.000	AttF2	2	49	1	1262
51736	6	6	49.000	  81.000	  82.000	  48.402	  40.000	  81.000	AttR1	3	49	2	2581
51736	6	7	50.000	  81.000	  81.000	  50.000	  50.000	  73.000	AttF1	1	49	1	1976
51736	6	8	58.000	  83.000	  79.000	  49.000	  58.000	  69.000	Fill	5	51	1	1292
51736	6	9	50.000	  78.000	  86.000	  58.000	  67.000	  59.000	Fill	5	49	2	956
51736	6	10	53.000	  78.000	  76.000	  54.395	  44.000	  78.000	AttR1	3	49	2	13136
51736	6	11	50.000	  80.000	  83.000	  60.000	  70.000	  62.000	Fill	3	49	2	1462
51736	6	12	50.000	  80.000	  81.000	  49.383	  81.000	  42.383	AttR2	2	51	2	1973
51736	6	13	50.000	  80.000	  81.000	  49.383	  43.000	  80.000	AttR1	2	49	1	2008
51736	6	14	50.000	  81.000	  79.000	  51.266	  49.319	  76.000	AttRF1	3	51	3	1876
51736	6	15	58.000	  88.000	  79.000	  50.000	  57.000	  69.000	Fill	2	49	1	1243
51736	6	16	50.000	  81.000	  82.000	  49.390	  42.000	  81.000	AttR1	2	49	1	1988
51736	6	17	48.000	  80.000	  87.000	  58.000	  69.000	  60.000	Fill	3	49	2	869
51736	6	18	49.000	  81.000	  85.000	  60.000	  67.000	  60.000	Fill	6	50	2	901
51736	6	19	49.000	  81.000	  82.000	  48.402	  45.451	  77.000	AttRF1	4	50	1	1507
51736	6	20	50.000	  81.000	  81.000	  50.000	  46.914	  76.000	AttRF1	2	49	1	2385
51736	6	21	50.000	  81.000	  82.000	  49.390	  50.000	  73.000	AttF1	5	51	1	1803
51736	6	22	49.000	  81.000	  82.000	  48.402	  78.000	  47.185	AttRF2	6	50	2	772
51736	6	23	50.000	  81.000	  79.000	  51.266	  50.000	  73.000	AttF1	3	49	2	607
51736	6	24	50.000	  81.000	  79.000	  51.266	  74.000	  45.679	AttRF2	1	49	1	1092
51736	6	25	48.000	  79.000	  78.000	  48.615	  74.000	  44.962	AttRF2	4	51	2	825
51736	6	26	48.000	  79.000	  78.000	  48.615	  78.000	  40.615	AttR2	2	51	2	1126
51736	6	27	51.000	  77.000	  76.000	  51.671	  68.000	  51.671	AttF2	3	49	2	2491
51736	6	28	50.000	  81.000	  81.000	  50.000	  42.000	  81.000	AttR1	1	49	1	1531
51736	6	29	53.000	  78.000	  76.000	  54.395	  52.248	  73.000	AttRF1	5	51	1	1696
51736	6	30	50.000	  81.000	  79.000	  51.266	  41.000	  81.000	AttR1	6	51	1	1784
51736	6	31	51.000	  77.000	  76.000	  51.671	  51.000	  69.000	AttF1	4	50	1	1603
51736	6	32	50.000	  80.000	  81.000	  49.383	  76.000	  47.500	AttRF2	5	51	1	1349
51736	6	33	50.000	  81.000	  82.000	  49.390	  74.000	  49.390	AttF2	6	50	2	1595
51736	6	34	64.000	  86.000	  79.000	  49.000	  59.000	  69.000	Fill	3	50	1	1189
51736	6	35	49.000	  81.000	  82.000	  48.402	  49.000	  73.000	AttF1	4	51	2	4240
51736	6	36	50.000	  78.000	  80.000	  48.750	  50.000	  70.000	AttF1	5	51	1	759
51736	6	37	48.000	  79.000	  78.000	  48.615	  46.122	  74.000	AttRF1	6	50	2	2036
51736	6	38	50.000	  80.000	  87.000	  59.000	  68.000	  59.000	Fill	3	49	2	3254
51736	6	39	50.000	  81.000	  81.000	  50.000	  81.000	  43.000	AttR2	3	51	3	932
51736	6	40	60.000	  86.000	  80.000	  51.000	  60.000	  68.000	Fill	2	49	1	683
51736	6	41	50.000	  83.000	  85.000	  48.824	  45.377	  79.000	AttRF1	4	51	2	819
51736	6	42	50.000	  78.000	  80.000	  48.750	  44.484	  73.000	AttRF1	5	51	1	973
51736	6	43	50.000	  81.000	  82.000	  49.390	  78.000	  48.148	AttRF2	1	49	1	872
51736	6	44	48.000	  79.000	  78.000	  48.615	  48.000	  72.000	AttF1	4	51	2	481
51736	6	45	50.000	  80.000	  81.000	  49.383	  74.000	  49.383	AttF2	3	49	2	545
51736	6	46	50.000	  81.000	  82.000	  49.390	  82.000	  42.390	AttR2	2	49	1	222
51736	6	47	48.000	  79.000	  78.000	  48.615	  71.000	  48.615	AttF2	6	51	1	1256
51736	6	48	53.000	  79.000	  84.000	  57.000	  68.000	  60.000	Fill	5	49	2	1296
51736	6	49	51.000	  77.000	  76.000	  51.671	  76.000	  42.671	AttR2	5	51	1	1169
51736	6	50	50.000	  81.000	  82.000	  49.390	  46.379	  77.000	AttRF1	5	51	1	2475
51736	6	51	59.000	  86.000	  81.000	  53.000	  60.000	  68.000	Fill	4	50	1	1060
51736	6	52	51.000	  77.000	  76.000	  51.671	  48.952	  72.000	AttRF1	4	51	2	1268
51736	6	53	50.000	  83.000	  85.000	  48.824	  76.000	  48.824	AttF2	5	51	1	1011
51736	6	54	50.000	  83.000	  85.000	  48.824	  81.000	  48.795	AttRF2	3	49	2	1684
51736	6	55	50.000	  78.000	  80.000	  48.750	  80.000	  41.750	AttR2	1	49	1	2773
51736	6	56	50.000	  83.000	  85.000	  48.824	  85.000	  41.824	AttR2	2	51	2	1017
51736	6	57	50.000	  78.000	  80.000	  48.750	  75.000	  48.077	AttRF2	6	49	3	956
51736	6	58	53.000	  78.000	  76.000	  54.395	  71.000	  48.244	AttRF2	1	49	1	1009
51736	6	59	61.000	  86.000	  81.000	  49.000	  58.000	  69.000	Fill	5	51	1	996
51736	6	60	50.000	  81.000	  79.000	  51.266	  72.000	  51.266	AttF2	4	51	2	1325
51736	6	61	53.000	  78.000	  76.000	  54.395	  68.000	  54.395	AttF2	4	51	2	27450
51736	6	62	49.000	  79.000	  87.000	  61.000	  68.000	  60.000	Fill	5	49	2	867
51736	6	63	49.000	  81.000	  82.000	  48.402	  73.000	  48.402	AttF2	4	51	2	1043
51736	6	64	60.000	  85.000	  82.000	  49.000	  60.000	  70.000	Fill	1	49	1	747
51736	6	65	50.000	  83.000	  85.000	  48.824	  42.000	  83.000	AttR1	4	51	2	840
51736	6	66	50.000	  81.000	  85.000	  59.000	  66.000	  57.000	Fill	4	51	2	5088
51736	6	67	60.000	  82.000	  80.000	  51.000	  59.000	  68.000	Fill	2	49	1	1056
51736	6	68	58.000	  82.000	  79.000	  49.000	  58.000	  70.000	Fill	2	49	1	1529
51736	6	69	51.000	  77.000	  76.000	  51.671	  71.000	  47.026	AttRF2	3	50	1	3469
51736	6	70	50.000	  82.000	  86.000	  60.000	  69.000	  59.000	Fill	4	51	2	893
51736	6	71	50.000	  81.000	  79.000	  51.266	  79.000	  42.266	AttR2	3	51	3	8701
51736	6	72	50.000	  83.000	  85.000	  48.824	  50.000	  76.000	AttF1	4	50	1	1587
51736	6	73	57.000	  87.000	  80.000	  51.000	  59.000	  70.000	Fill	6	51	1	1021
51736	6	74	50.000	  81.000	  86.000	  61.000	  69.000	  60.000	Fill	5	49	2	1352
51736	6	75	50.000	  78.000	  80.000	  48.750	  43.000	  78.000	AttR1	5	51	1	1829
51736	6	76	48.000	  79.000	  78.000	  48.615	  40.000	  79.000	AttR1	3	49	2	880
51736	6	77	50.000	  80.000	  81.000	  49.383	  45.725	  75.000	AttRF1	3	49	2	5585
51736	6	78	50.000	  81.000	  81.000	  50.000	  76.000	  46.914	AttRF2	3	49	2	1563
51736	6	79	49.000	  81.000	  82.000	  48.402	  82.000	  40.402	AttR2	6	51	1	793
51736	6	80	51.000	  77.000	  76.000	  51.671	  44.000	  77.000	AttR1	3	49	2	948
51736	7	1	48.000	  80.000	  81.000	  47.407	  72.000	  47.407	AttF2	4	50	1	1432
51736	7	2	47.000	  81.000	  83.000	  45.867	  78.000	  45.259	AttRF2	4	50	1	880
51736	7	3	54.000	  82.000	  80.000	  55.350	  73.000	  55.350	AttF2	5	49	2	921
51736	7	4	53.000	  84.000	  82.000	  54.293	  75.000	  54.293	AttF2	3	50	1	878
51736	7	5	50.000	  81.000	  82.000	  49.390	  73.000	  49.390	AttF2	3	50	1	765
51736	7	6	50.000	  82.000	  81.000	  50.617	  74.000	  50.617	AttF2	6	50	2	708
51736	7	7	64.000	  84.000	  81.000	  50.000	  59.000	  68.000	Fill	3	50	1	591
51736	7	8	53.000	  84.000	  82.000	  54.293	  82.000	  46.293	AttR2	4	50	1	1138
51736	7	9	54.000	  82.000	  80.000	  55.350	  80.000	  46.350	AttR2	4	50	1	641
51736	7	10	61.000	  85.000	  78.000	  48.000	  57.000	  67.000	Fill	3	50	1	920
51736	7	11	49.000	  80.000	  81.000	  48.395	  76.000	  46.550	AttRF2	2	49	1	782
51736	7	12	50.000	  82.000	  81.000	  50.617	  48.743	  78.000	AttRF1	5	51	1	793
51736	7	13	51.000	  78.000	  79.000	  50.354	  79.000	  42.354	AttR2	3	49	2	739
51736	7	14	52.000	  82.000	  84.000	  58.000	  70.000	  59.000	Fill	5	49	2	881
51736	7	15	57.000	  86.000	  82.000	  49.000	  59.000	  70.000	Fill	3	50	1	759
51736	7	16	53.000	  84.000	  82.000	  54.293	  46.000	  84.000	AttR1	3	49	2	1037
51736	7	17	48.000	  80.000	  81.000	  47.407	  44.481	  76.000	AttRF1	2	49	1	764
51736	7	18	49.000	  80.000	  81.000	  48.395	  40.000	  80.000	AttR1	2	49	1	5617
51736	7	19	55.000	  82.000	  83.000	  54.337	  76.000	  54.337	AttF2	4	50	1	836
51736	7	20	47.000	  81.000	  83.000	  45.867	  40.000	  81.000	AttR1	5	49	2	820
51736	7	21	54.000	  82.000	  80.000	  55.350	  54.000	  75.000	AttF1	2	49	1	784
51736	7	22	55.000	  82.000	  83.000	  54.337	  50.409	  77.000	AttRF1	2	49	1	707
51736	7	23	55.000	  82.000	  83.000	  54.337	  55.000	  74.000	AttF1	4	50	1	823
51736	7	24	48.000	  80.000	  81.000	  47.407	  48.000	  72.000	AttF1	3	50	1	716
51736	7	25	60.000	  86.000	  78.000	  48.000	  59.000	  66.000	Fill	6	51	1	481
51736	7	26	51.000	  78.000	  79.000	  50.354	  46.530	  73.000	AttRF1	4	49	3	576
51736	7	27	55.000	  82.000	  83.000	  54.337	  79.000	  52.988	AttRF2	3	49	2	699
51736	7	28	58.000	  82.000	  77.000	  50.000	  60.000	  69.000	Fill	3	50	1	624
51736	7	29	50.000	  81.000	  82.000	  49.390	  50.000	  74.000	AttF1	3	49	2	740
51736	7	30	51.000	  80.000	  82.000	  49.756	  51.000	  73.000	AttF1	1	49	1	1089
51736	7	31	50.000	  82.000	  81.000	  50.617	  43.000	  82.000	AttR1	3	50	1	705
51736	7	32	51.000	  78.000	  79.000	  50.354	  42.000	  78.000	AttR1	4	50	1	1005
51736	7	33	55.000	  82.000	  83.000	  54.337	  83.000	  45.337	AttR2	2	49	1	624
51736	7	34	49.000	  80.000	  81.000	  48.395	  49.000	  71.000	AttF1	6	51	1	636
51736	7	35	48.000	  80.000	  81.000	  47.407	  39.000	  80.000	AttR1	4	49	3	684
51736	7	36	48.000	  80.000	  81.000	  47.407	  81.000	  39.407	AttR2	2	49	1	637
51736	7	37	49.000	  81.000	  85.000	  59.000	  68.000	  58.000	Fill	3	49	2	643
51736	7	38	47.000	  81.000	  83.000	  45.867	  47.000	  73.000	AttF1	6	49	3	1475
51736	7	39	53.000	  84.000	  82.000	  54.293	  52.968	  80.000	AttRF1	2	49	1	652
51736	7	40	50.000	  81.000	  82.000	  49.390	  82.000	  42.390	AttR2	2	49	1	1204
51736	7	41	55.000	  82.000	  83.000	  54.337	  46.000	  82.000	AttR1	4	50	1	5229
51736	7	42	58.000	  86.000	  79.000	  50.000	  57.000	  66.000	Fill	6	51	1	1000
51736	7	43	51.000	  80.000	  82.000	  49.756	  77.000	  49.087	AttRF2	1	49	1	819
51736	7	44	49.000	  80.000	  81.000	  48.395	  81.000	  40.395	AttR2	2	49	1	933
51736	7	45	53.000	  84.000	  82.000	  54.293	  77.000	  48.583	AttRF2	3	50	1	612
51736	7	46	49.000	  80.000	  81.000	  48.395	  73.000	  48.395	AttF2	4	50	1	629
51736	7	47	51.000	  79.000	  86.000	  62.000	  68.000	  59.000	Fill	2	51	2	736
51736	7	48	52.000	  82.000	  85.000	  58.000	  68.000	  60.000	Fill	6	49	3	740
51736	7	49	59.000	  87.000	  80.000	  47.000	  58.000	  69.000	Fill	5	51	1	915
51736	7	50	59.000	  85.000	  80.000	  49.000	  60.000	  69.000	Fill	6	50	2	793
51736	7	51	51.000	  80.000	  82.000	  49.756	  44.000	  80.000	AttR1	4	49	3	715
51736	7	52	47.000	  80.000	  87.000	  59.000	  69.000	  58.000	Fill	1	50	2	777
51736	7	53	51.000	  78.000	  79.000	  50.354	  51.000	  71.000	AttF1	6	51	1	1140
51736	7	54	51.000	  80.000	  82.000	  49.756	  82.000	  40.756	AttR2	4	50	1	984
51736	7	55	47.000	  81.000	  83.000	  45.867	  83.000	  36.867	AttR2	3	50	1	3355
51736	7	56	50.000	  81.000	  82.000	  49.390	  77.000	  47.531	AttRF2	2	49	1	784
51736	7	57	51.000	  78.000	  79.000	  50.354	  70.000	  50.354	AttF2	3	50	1	628
51736	7	58	50.000	  80.000	  85.000	  60.000	  69.000	  60.000	Fill	3	49	2	693
51736	7	59	49.000	  80.000	  81.000	  48.395	  45.408	  76.000	AttRF1	3	50	1	958
51736	7	60	48.000	  80.000	  81.000	  47.407	  77.000	  46.200	AttRF2	4	50	1	780
51736	7	61	51.000	  80.000	  82.000	  49.756	  46.115	  76.000	AttRF1	5	49	2	589
51736	7	62	47.000	  81.000	  83.000	  45.867	  75.000	  45.867	AttF2	6	50	2	735
51736	7	63	50.000	  78.000	  86.000	  59.000	  68.000	  60.000	Fill	3	49	2	590
51736	7	64	48.000	  79.000	  84.000	  64.000	  68.000	  59.000	Fill	3	49	2	569
51736	7	65	50.000	  82.000	  81.000	  50.617	  76.000	  46.341	AttRF2	5	51	1	810
51736	7	66	51.000	  78.000	  79.000	  50.354	  75.000	  49.038	AttRF2	4	50	1	781
51736	7	67	47.000	  84.000	  86.000	  60.000	  68.000	  59.000	Fill	2	51	2	1072
51736	7	68	60.000	  84.000	  79.000	  50.000	  56.000	  69.000	Fill	3	50	1	561
51736	7	69	51.000	  80.000	  82.000	  49.756	  73.000	  49.756	AttF2	2	49	1	717
51736	7	70	60.000	  84.000	  80.000	  49.000	  60.000	  69.000	Fill	3	50	1	507
51736	7	71	50.000	  81.000	  82.000	  49.390	  43.000	  81.000	AttR1	6	51	1	1210
51736	7	72	50.000	  81.000	  85.000	  60.000	  68.000	  59.000	Fill	4	51	2	764
51736	7	73	47.000	  81.000	  83.000	  45.867	  41.999	  76.000	AttRF1	5	51	1	1016
51736	7	74	50.000	  82.000	  81.000	  50.617	  50.000	  74.000	AttF1	4	50	1	580
51736	7	75	54.000	  82.000	  80.000	  55.350	  75.000	  49.390	AttRF2	5	49	2	6724
51736	7	76	53.000	  84.000	  82.000	  54.293	  53.000	  75.000	AttF1	5	51	1	484
51736	7	77	50.000	  81.000	  82.000	  49.390	  45.776	  76.000	AttRF1	5	51	1	668
51736	7	78	54.000	  82.000	  80.000	  55.350	  47.000	  82.000	AttR1	5	49	2	491
51736	7	79	54.000	  82.000	  80.000	  55.350	  53.966	  78.000	AttRF1	2	49	1	612
51736	7	80	50.000	  82.000	  81.000	  50.617	  81.000	  42.617	AttR2	5	51	1	982
51736	8	1	52.000	  80.000	  79.000	  52.658	  50.659	  76.000	AttRF1	5	51	1	2049
51736	8	2	52.000	  82.000	  81.000	  52.642	  50.042	  77.000	AttRF1	4	50	1	793
51736	8	3	50.000	  80.000	  80.000	  50.000	  76.000	  47.500	AttRF2	4	51	2	668
51736	8	4	49.000	  80.000	  79.000	  49.620	  47.108	  75.000	AttRF1	2	49	1	651
51736	8	5	52.000	  82.000	  81.000	  52.642	  77.000	  48.829	AttRF2	3	50	1	539
51736	8	6	61.000	  85.000	  80.000	  49.000	  59.000	  67.000	Fill	5	51	1	593
51736	8	7	52.000	  80.000	  79.000	  52.658	  70.000	  52.658	AttF2	4	50	1	587
51736	8	8	52.000	  82.000	  81.000	  52.642	  43.000	  82.000	AttR1	2	49	1	653
51736	8	9	61.000	  82.000	  80.000	  53.000	  58.000	  67.000	Fill	5	51	1	478
51736	8	10	49.000	  78.000	  77.000	  49.636	  72.000	  45.231	AttRF2	3	50	1	685
51736	8	11	49.000	  78.000	  79.000	  48.380	  45.318	  74.000	AttRF1	2	50	3	510
51736	8	12	49.000	  78.000	  85.000	  60.000	  69.000	  59.000	Fill	4	51	2	500
51736	8	13	60.000	  84.000	  80.000	  51.000	  60.000	  69.000	Fill	2	49	1	564
51736	8	14	51.000	  82.000	  84.000	  60.000	  69.000	  60.000	Fill	4	51	2	672
51736	8	15	57.000	  86.000	  76.000	  51.000	  56.000	  67.000	Fill	2	49	1	519
51736	8	16	49.000	  78.000	  79.000	  48.380	  42.000	  78.000	AttR1	6	51	1	613
51736	8	17	50.000	  78.000	  84.000	  60.000	  67.000	  57.000	Fill	5	49	2	617
51736	8	18	50.000	  82.000	  84.000	  60.000	  68.000	  58.000	Fill	3	49	2	810
51736	8	19	48.000	  79.000	  79.000	  48.000	  79.000	  40.000	AttR2	5	51	1	597
51736	8	20	50.000	  80.000	  78.000	  51.282	  71.000	  51.282	AttF2	5	51	1	831
51736	8	21	48.000	  79.000	  79.000	  48.000	  41.000	  79.000	AttR1	4	49	3	699
51736	8	22	52.000	  82.000	  81.000	  52.642	  81.000	  44.642	AttR2	3	50	1	643
51736	8	23	52.000	  82.000	  81.000	  52.642	  72.000	  52.642	AttF2	3	50	1	483
51736	8	24	49.000	  78.000	  79.000	  48.380	  70.000	  48.380	AttF2	4	50	1	500
51736	8	25	48.000	  79.000	  79.000	  48.000	  44.962	  74.000	AttRF1	3	50	1	481
51736	8	26	49.000	  82.000	  80.000	  50.225	  49.000	  75.000	AttF1	4	50	1	505
51736	8	27	49.000	  78.000	  77.000	  49.636	  69.000	  49.636	AttF2	4	51	2	820
51736	8	28	57.000	  86.000	  81.000	  50.000	  60.000	  68.000	Fill	3	50	1	592
51736	8	29	49.000	  78.000	  79.000	  48.380	  79.000	  41.380	AttR2	2	49	1	548
51736	8	30	59.000	  84.000	  82.000	  49.000	  62.000	  68.000	Fill	6	51	1	592
51736	8	31	50.000	  80.000	  78.000	  51.282	  74.000	  46.250	AttRF2	4	51	2	579
51736	8	32	49.000	  78.000	  79.000	  48.380	  75.000	  47.115	AttRF2	2	49	1	589
51736	8	33	52.000	  80.000	  79.000	  52.658	  79.000	  43.658	AttR2	6	51	1	560
51736	8	34	50.000	  80.000	  78.000	  51.282	  50.000	  73.000	AttF1	5	49	2	630
51736	8	35	50.000	  80.000	  80.000	  50.000	  50.000	  71.000	AttF1	5	50	3	440
51736	8	36	50.000	  80.000	  80.000	  50.000	  73.000	  50.000	AttF2	5	49	2	337
51736	8	37	48.000	  79.000	  79.000	  48.000	  70.000	  48.000	AttF2	6	50	2	574
51736	8	38	59.000	  85.000	  80.000	  50.000	  60.000	  68.000	Fill	3	50	1	584
51736	8	39	50.000	  80.000	  80.000	  50.000	  42.000	  80.000	AttR1	6	51	1	612
51736	8	40	49.000	  80.000	  79.000	  49.620	  41.000	  80.000	AttR1	2	49	1	629
51736	8	41	49.000	  82.000	  80.000	  50.225	  40.000	  82.000	AttR1	3	49	2	865
51736	8	42	49.000	  80.000	  79.000	  49.620	  74.000	  45.325	AttRF2	6	50	2	449
51736	8	43	50.000	  80.000	  81.000	  49.383	  81.000	  41.383	AttR2	5	51	1	608
51736	8	44	50.000	  80.000	  87.000	  59.000	  66.000	  58.000	Fill	4	49	3	522
51736	8	45	52.000	  82.000	  81.000	  52.642	  52.000	  75.000	AttF1	4	49	3	712
51736	8	46	50.000	  80.000	  81.000	  49.383	  76.000	  47.500	AttRF2	3	49	2	1182
51736	8	47	49.000	  80.000	  79.000	  49.620	  70.000	  49.620	AttF2	3	49	2	4728
51736	8	48	52.000	  80.000	  79.000	  52.658	  44.000	  80.000	AttR1	2	49	1	1997
51736	8	49	49.000	  78.000	  77.000	  49.636	  49.000	  69.000	AttF1	5	49	2	912
51736	8	50	49.000	  78.000	  77.000	  49.636	  47.058	  73.000	AttRF1	5	49	2	1444
51736	8	51	50.000	  80.000	  78.000	  51.282	  78.000	  44.282	AttR2	1	49	1	574
51736	8	52	52.000	  80.000	  79.000	  52.658	  52.000	  72.000	AttF1	5	49	2	577
51736	8	53	50.000	  80.000	  81.000	  49.383	  50.000	  71.000	AttF1	6	49	3	595
51736	8	54	61.000	  83.000	  79.000	  50.000	  60.000	  66.000	Fill	3	50	1	893
51736	8	55	48.000	  79.000	  79.000	  48.000	  74.000	  44.962	AttRF2	2	49	1	1773
51736	8	56	49.000	  80.000	  79.000	  49.620	  79.000	  40.620	AttR2	2	49	1	768
51736	8	57	50.000	  80.000	  80.000	  50.000	  80.000	  41.000	AttR2	5	49	2	1418
51736	8	58	50.000	  80.000	  86.000	  60.000	  67.000	  59.000	Fill	5	49	2	437
51736	8	59	50.000	  80.000	  81.000	  49.383	  73.000	  49.383	AttF2	3	49	2	629
51736	8	60	48.000	  79.000	  79.000	  48.000	  48.000	  72.000	AttF1	4	49	3	656
51736	8	61	49.000	  82.000	  80.000	  50.225	  71.000	  50.225	AttF2	5	49	2	632
51736	8	62	49.000	  78.000	  77.000	  49.636	  77.000	  41.636	AttR2	4	50	1	644
51736	8	63	50.000	  80.000	  80.000	  50.000	  46.875	  75.000	AttRF1	1	49	1	674
51736	8	64	49.000	  82.000	  80.000	  50.225	  80.000	  42.225	AttR2	2	50	3	754
51736	8	65	49.000	  79.000	  84.000	  58.000	  68.000	  61.000	Fill	5	49	2	512
51736	8	66	61.000	  86.000	  81.000	  47.000	  60.000	  67.000	Fill	1	49	1	661
51736	8	67	50.000	  80.000	  81.000	  49.383	  41.000	  80.000	AttR1	1	49	1	678
51736	8	68	52.000	  80.000	  79.000	  52.658	  74.000	  48.100	AttRF2	4	50	1	734
51736	8	69	51.000	  79.000	  85.000	  59.000	  68.000	  60.000	Fill	6	50	2	652
51736	8	70	50.000	  80.000	  81.000	  49.383	  45.725	  75.000	AttRF1	3	50	1	572
51736	8	71	50.000	  80.000	  78.000	  51.282	  41.000	  80.000	AttR1	3	50	1	772
51736	8	72	50.000	  80.000	  78.000	  51.282	  49.967	  76.000	AttRF1	5	49	2	713
51736	8	73	49.000	  82.000	  80.000	  50.225	  48.342	  77.000	AttRF1	2	49	1	1853
51736	8	74	60.000	  86.000	  78.000	  51.000	  62.000	  67.000	Fill	2	49	1	2277
51736	8	75	49.000	  82.000	  80.000	  50.225	  76.000	  45.415	AttRF2	5	51	1	741
51736	8	76	49.000	  78.000	  79.000	  48.380	  49.000	  69.000	AttF1	2	49	1	746
51736	8	77	49.000	  83.000	  85.000	  60.000	  70.000	  59.000	Fill	4	51	2	712
51736	8	78	51.000	  77.000	  85.000	  60.000	  68.000	  61.000	Fill	6	50	2	685
51736	8	79	49.000	  78.000	  77.000	  49.636	  41.000	  78.000	AttR1	3	49	2	525
51736	8	80	49.000	  80.000	  79.000	  49.620	  49.000	  72.000	AttF1	2	49	1	667
51736	9	1	50.000	  81.000	  81.000	  50.000	  46.914	  76.000	AttRF1	3	49	2	1399
51736	9	2	48.000	  79.000	  78.000	  48.615	  46.122	  74.000	AttRF1	1	49	1	734
51736	9	3	50.000	  83.000	  85.000	  48.824	  45.377	  79.000	AttRF1	2	49	1	754
51736	9	4	51.000	  77.000	  76.000	  51.671	  71.000	  47.026	AttRF2	3	50	1	648
51736	9	5	50.000	  81.000	  81.000	  50.000	  76.000	  46.914	AttRF2	3	49	2	728
51736	9	6	58.000	  88.000	  79.000	  50.000	  57.000	  69.000	Fill	1	49	1	717
51736	9	7	50.000	  81.000	  85.000	  59.000	  66.000	  57.000	Fill	3	49	2	818
51736	9	8	49.000	  81.000	  82.000	  48.402	  78.000	  47.185	AttRF2	3	50	1	1038
51736	9	9	53.000	  78.000	  76.000	  54.395	  76.000	  45.395	AttR2	2	49	1	822
51736	9	10	50.000	  83.000	  85.000	  48.824	  50.000	  76.000	AttF1	5	51	1	704
51736	9	11	50.000	  83.000	  85.000	  48.824	  76.000	  48.824	AttF2	4	50	1	629
51736	9	12	61.000	  86.000	  81.000	  49.000	  58.000	  69.000	Fill	2	49	1	577
51736	9	13	48.000	  79.000	  78.000	  48.615	  40.000	  79.000	AttR1	3	50	1	891
51736	9	14	50.000	  80.000	  81.000	  49.383	  43.000	  80.000	AttR1	3	49	2	565
51736	9	15	60.000	  86.000	  80.000	  51.000	  60.000	  68.000	Fill	3	50	1	521
51736	9	16	48.000	  79.000	  78.000	  48.615	  74.000	  44.962	AttRF2	5	51	1	509
51736	9	17	49.000	  81.000	  82.000	  48.402	  82.000	  40.402	AttR2	2	49	1	549
51736	9	18	60.000	  82.000	  80.000	  51.000	  59.000	  68.000	Fill	2	49	1	585
51736	9	19	49.000	  81.000	  82.000	  48.402	  40.000	  81.000	AttR1	3	50	1	899
51736	9	20	50.000	  81.000	  79.000	  51.266	  49.319	  76.000	AttRF1	4	50	1	560
51736	9	21	50.000	  80.000	  87.000	  59.000	  68.000	  59.000	Fill	1	50	2	2589
51736	9	22	50.000	  81.000	  79.000	  51.266	  72.000	  51.266	AttF2	3	50	1	751
51736	9	23	50.000	  78.000	  80.000	  48.750	  72.000	  48.750	AttF2	4	50	1	597
51736	9	24	50.000	  81.000	  82.000	  49.390	  46.379	  77.000	AttRF1	5	49	2	808
51736	9	25	50.000	  81.000	  82.000	  49.390	  82.000	  42.390	AttR2	6	50	2	660
51736	9	26	48.000	  79.000	  78.000	  48.615	  48.000	  72.000	AttF1	6	50	2	500
51736	9	27	50.000	  81.000	  82.000	  49.390	  42.000	  81.000	AttR1	6	50	2	451
51736	9	28	50.000	  80.000	  81.000	  49.383	  45.725	  75.000	AttRF1	3	49	2	547
51736	9	29	51.000	  77.000	  76.000	  51.671	  48.952	  72.000	AttRF1	5	51	1	568
51736	9	30	50.000	  83.000	  85.000	  48.824	  42.000	  83.000	AttR1	3	49	2	499
51736	9	31	50.000	  80.000	  83.000	  60.000	  70.000	  62.000	Fill	2	50	3	595
51736	9	32	51.000	  77.000	  76.000	  51.671	  76.000	  42.671	AttR2	6	51	1	2662
51736	9	33	50.000	  82.000	  86.000	  60.000	  69.000	  59.000	Fill	3	50	1	1732
51736	9	34	49.000	  81.000	  82.000	  48.402	  45.451	  77.000	AttRF1	4	49	3	579
51736	9	35	60.000	  85.000	  82.000	  49.000	  60.000	  70.000	Fill	2	49	1	581
51736	9	36	53.000	  78.000	  76.000	  54.395	  44.000	  78.000	AttR1	5	49	2	775
51736	9	37	50.000	  80.000	  81.000	  49.383	  76.000	  47.500	AttRF2	5	49	2	908
51736	9	38	50.000	  81.000	  82.000	  49.390	  74.000	  49.390	AttF2	5	49	2	640
51736	9	39	50.000	  80.000	  81.000	  49.383	  50.000	  71.000	AttF1	4	49	3	873
51736	9	40	49.000	  81.000	  85.000	  60.000	  67.000	  60.000	Fill	3	49	2	617
51736	9	41	48.000	  79.000	  78.000	  48.615	  78.000	  40.615	AttR2	5	51	1	849
51736	9	42	51.000	  77.000	  76.000	  51.671	  68.000	  51.671	AttF2	5	51	1	891
51736	9	43	50.000	  80.000	  81.000	  49.383	  81.000	  42.383	AttR2	2	49	1	555
51736	9	44	50.000	  81.000	  86.000	  61.000	  69.000	  60.000	Fill	6	50	2	641
51736	9	45	50.000	  78.000	  80.000	  48.750	  43.000	  78.000	AttR1	3	50	1	953
51736	9	46	53.000	  78.000	  76.000	  54.395	  52.248	  73.000	AttRF1	5	49	2	1109
51736	9	47	50.000	  80.000	  81.000	  49.383	  74.000	  49.383	AttF2	2	49	1	644
51736	9	48	59.000	  86.000	  81.000	  53.000	  60.000	  68.000	Fill	2	49	1	660
51736	9	49	49.000	  81.000	  82.000	  48.402	  73.000	  48.402	AttF2	3	50	1	930
51736	9	50	51.000	  77.000	  76.000	  51.671	  51.000	  69.000	AttF1	3	50	1	657
51736	9	51	58.000	  83.000	  79.000	  49.000	  58.000	  69.000	Fill	3	50	1	528
51736	9	52	50.000	  81.000	  79.000	  51.266	  41.000	  81.000	AttR1	3	50	1	613
51736	9	53	57.000	  87.000	  80.000	  51.000	  59.000	  70.000	Fill	5	51	1	680
51736	9	54	50.000	  83.000	  85.000	  48.824	  85.000	  41.824	AttR2	4	51	2	1489
51736	9	55	49.000	  81.000	  82.000	  48.402	  49.000	  73.000	AttF1	4	49	3	993
51736	9	56	50.000	  81.000	  79.000	  51.266	  74.000	  45.679	AttRF2	4	50	1	13515
51736	9	57	64.000	  86.000	  79.000	  49.000	  59.000	  69.000	Fill	2	49	1	585
51736	9	58	50.000	  81.000	  81.000	  50.000	  42.000	  81.000	AttR1	3	50	1	1338
51736	9	59	50.000	  81.000	  82.000	  49.390	  50.000	  73.000	AttF1	3	50	1	729
51736	9	60	51.000	  77.000	  76.000	  51.671	  44.000	  77.000	AttR1	3	50	1	582
51736	9	61	53.000	  78.000	  76.000	  54.395	  71.000	  48.244	AttRF2	2	50	3	4280
51736	9	62	50.000	  78.000	  80.000	  48.750	  44.484	  73.000	AttRF1	3	50	1	848
51736	9	63	49.000	  79.000	  87.000	  61.000	  68.000	  60.000	Fill	6	50	2	609
51736	9	64	48.000	  80.000	  87.000	  58.000	  69.000	  60.000	Fill	4	51	2	884
51736	9	65	50.000	  81.000	  81.000	  50.000	  50.000	  73.000	AttF1	4	50	1	4299
51736	9	66	48.000	  79.000	  78.000	  48.615	  71.000	  48.615	AttF2	4	50	1	563
51736	9	67	50.000	  78.000	  80.000	  48.750	  50.000	  70.000	AttF1	2	49	1	608
51736	9	68	50.000	  81.000	  81.000	  50.000	  81.000	  43.000	AttR2	2	49	1	603
51736	9	69	50.000	  78.000	  86.000	  58.000	  67.000	  59.000	Fill	1	49	1	526
51736	9	70	53.000	  78.000	  76.000	  54.395	  53.000	  69.000	AttF1	2	49	1	539
51736	9	71	53.000	  79.000	  84.000	  57.000	  68.000	  60.000	Fill	5	49	2	568
51736	9	72	53.000	  78.000	  76.000	  54.395	  68.000	  54.395	AttF2	2	51	2	475
51736	9	73	50.000	  78.000	  80.000	  48.750	  75.000	  48.077	AttRF2	3	50	1	643
51736	9	74	50.000	  81.000	  79.000	  51.266	  50.000	  73.000	AttF1	3	50	1	467
51736	9	75	50.000	  81.000	  81.000	  50.000	  72.000	  50.000	AttF2	2	50	3	580
51736	9	76	58.000	  82.000	  79.000	  49.000	  58.000	  70.000	Fill	3	50	1	557
51736	9	77	50.000	  81.000	  79.000	  51.266	  79.000	  42.266	AttR2	3	50	1	467
51736	9	78	50.000	  81.000	  82.000	  49.390	  78.000	  48.148	AttRF2	4	50	1	452
51736	9	79	50.000	  78.000	  80.000	  48.750	  80.000	  41.750	AttR2	3	49	2	355
51736	9	80	50.000	  83.000	  85.000	  48.824	  81.000	  48.795	AttRF2	2	49	1	665
