username: 52306, Experiment time (minutes): 22
Operating system: Windows 7
Manufacturer: Adobe Windows
Player type: ActiveX
Version: WIN 10,3,181,26

username	blkNum	trlNum	Rect1Height	Rect1Width	Rect2Height	Rect2Width	Rect3Height	Rect3Width	Effect	StimPosition	rawResp	response	RT
52306	0	1	50	85	85	50	80	50	Att2	5	51	1	4649
52306	0	2	85	60	80	50	65	60	Fill	5	51	1	1529
52306	0	3	50	80	80	50	32	125	Com1	4	50	1	4571
52306	1	1	58.000	  82.000	  77.000	  50.000	  60.000	  69.000	Fill	1	49	1	1653
52306	1	2	51.000	  78.000	  79.000	  50.354	  75.000	  49.038	AttRF2	5	51	1	1731
52306	1	3	49.000	  80.000	  81.000	  48.395	  76.000	  46.550	AttRF2	4	50	1	1419
52306	1	4	49.000	  80.000	  81.000	  48.395	  73.000	  48.395	AttF2	4	50	1	1108
52306	1	5	50.000	  80.000	  85.000	  60.000	  69.000	  60.000	Fill	4	51	2	2013
52306	1	6	50.000	  81.000	  82.000	  49.390	  50.000	  74.000	AttF1	2	49	1	1981
52306	1	7	51.000	  78.000	  79.000	  50.354	  46.530	  73.000	AttRF1	2	49	1	671
52306	1	8	48.000	  80.000	  81.000	  47.407	  39.000	  80.000	AttR1	2	50	3	1498
52306	1	9	51.000	  78.000	  79.000	  50.354	  42.000	  78.000	AttR1	5	49	2	1170
52306	1	10	50.000	  81.000	  82.000	  49.390	  82.000	  42.390	AttR2	2	49	1	1295
52306	1	11	47.000	  80.000	  87.000	  59.000	  69.000	  58.000	Fill	3	49	2	1092
52306	1	12	60.000	  84.000	  80.000	  49.000	  60.000	  69.000	Fill	3	50	1	1014
52306	1	13	50.000	  81.000	  82.000	  49.390	  43.000	  81.000	AttR1	4	50	1	967
52306	1	14	58.000	  86.000	  79.000	  50.000	  57.000	  66.000	Fill	4	50	1	1482
52306	1	15	48.000	  80.000	  81.000	  47.407	  77.000	  46.200	AttRF2	1	49	1	936
52306	1	16	50.000	  82.000	  81.000	  50.617	  50.000	  74.000	AttF1	4	49	3	733
52306	1	17	54.000	  82.000	  80.000	  55.350	  54.000	  75.000	AttF1	4	50	1	1030
52306	1	18	59.000	  87.000	  80.000	  47.000	  58.000	  69.000	Fill	3	50	1	593
52306	1	19	50.000	  78.000	  86.000	  59.000	  68.000	  60.000	Fill	6	50	2	842
52306	1	20	54.000	  82.000	  80.000	  55.350	  75.000	  49.390	AttRF2	2	51	2	1654
52306	1	21	50.000	  81.000	  82.000	  49.390	  73.000	  49.390	AttF2	3	50	1	1388
52306	1	22	55.000	  82.000	  83.000	  54.337	  76.000	  54.337	AttF2	4	50	1	702
52306	1	23	51.000	  78.000	  79.000	  50.354	  51.000	  71.000	AttF1	3	50	1	858
52306	1	24	53.000	  84.000	  82.000	  54.293	  82.000	  46.293	AttR2	3	49	2	920
52306	1	25	64.000	  84.000	  81.000	  50.000	  59.000	  68.000	Fill	2	49	1	686
52306	1	26	48.000	  80.000	  81.000	  47.407	  72.000	  47.407	AttF2	2	49	1	1372
52306	1	27	54.000	  82.000	  80.000	  55.350	  53.966	  78.000	AttRF1	2	51	2	920
52306	1	28	55.000	  82.000	  83.000	  54.337	  46.000	  82.000	AttR1	2	49	1	655
52306	1	29	54.000	  82.000	  80.000	  55.350	  73.000	  55.350	AttF2	3	50	1	640
52306	1	30	53.000	  84.000	  82.000	  54.293	  77.000	  48.583	AttRF2	2	49	1	1014
52306	1	31	50.000	  82.000	  81.000	  50.617	  48.743	  78.000	AttRF1	4	49	3	811
52306	1	32	50.000	  82.000	  81.000	  50.617	  81.000	  42.617	AttR2	6	51	1	827
52306	1	33	47.000	  81.000	  83.000	  45.867	  78.000	  45.259	AttRF2	5	51	1	983
52306	1	34	59.000	  85.000	  80.000	  49.000	  60.000	  69.000	Fill	1	49	1	670
52306	1	35	47.000	  81.000	  83.000	  45.867	  75.000	  45.867	AttF2	1	49	1	686
52306	1	36	49.000	  80.000	  81.000	  48.395	  49.000	  71.000	AttF1	5	51	1	749
52306	1	37	51.000	  78.000	  79.000	  50.354	  70.000	  50.354	AttF2	5	49	2	733
52306	1	38	49.000	  80.000	  81.000	  48.395	  40.000	  80.000	AttR1	3	51	3	577
52306	1	39	55.000	  82.000	  83.000	  54.337	  79.000	  52.988	AttRF2	2	50	3	499
52306	1	40	50.000	  82.000	  81.000	  50.617	  76.000	  46.341	AttRF2	5	49	2	546
52306	1	41	60.000	  86.000	  78.000	  48.000	  59.000	  66.000	Fill	2	49	1	733
52306	1	42	51.000	  80.000	  82.000	  49.756	  77.000	  49.087	AttRF2	1	51	3	920
52306	1	43	51.000	  78.000	  79.000	  50.354	  79.000	  42.354	AttR2	2	49	1	468
52306	1	44	49.000	  80.000	  81.000	  48.395	  81.000	  40.395	AttR2	2	51	2	592
52306	1	45	47.000	  81.000	  83.000	  45.867	  40.000	  81.000	AttR1	6	50	2	624
52306	1	46	51.000	  80.000	  82.000	  49.756	  51.000	  73.000	AttF1	2	49	1	452
52306	1	47	55.000	  82.000	  83.000	  54.337	  83.000	  45.337	AttR2	5	51	1	546
52306	1	48	48.000	  79.000	  84.000	  64.000	  68.000	  59.000	Fill	4	51	2	624
52306	1	49	51.000	  80.000	  82.000	  49.756	  82.000	  40.756	AttR2	2	51	2	624
52306	1	50	51.000	  80.000	  82.000	  49.756	  46.115	  76.000	AttRF1	6	51	1	718
52306	1	51	57.000	  86.000	  82.000	  49.000	  59.000	  70.000	Fill	3	51	3	546
52306	1	52	50.000	  82.000	  81.000	  50.617	  43.000	  82.000	AttR1	5	50	3	702
52306	1	53	60.000	  84.000	  79.000	  50.000	  56.000	  69.000	Fill	4	50	1	530
52306	1	54	54.000	  82.000	  80.000	  55.350	  80.000	  46.350	AttR2	3	50	1	561
52306	1	55	52.000	  82.000	  85.000	  58.000	  68.000	  60.000	Fill	4	51	2	1201
52306	1	56	50.000	  82.000	  81.000	  50.617	  74.000	  50.617	AttF2	6	51	1	671
52306	1	57	51.000	  80.000	  82.000	  49.756	  73.000	  49.756	AttF2	4	50	1	999
52306	1	58	53.000	  84.000	  82.000	  54.293	  75.000	  54.293	AttF2	2	49	1	717
52306	1	59	51.000	  79.000	  86.000	  62.000	  68.000	  59.000	Fill	2	51	2	562
52306	1	60	61.000	  85.000	  78.000	  48.000	  57.000	  67.000	Fill	5	51	1	436
52306	1	61	53.000	  84.000	  82.000	  54.293	  52.968	  80.000	AttRF1	4	50	1	1060
52306	1	62	50.000	  81.000	  82.000	  49.390	  77.000	  47.531	AttRF2	2	49	1	562
52306	1	63	47.000	  84.000	  86.000	  60.000	  68.000	  59.000	Fill	4	51	2	499
52306	1	64	53.000	  84.000	  82.000	  54.293	  53.000	  75.000	AttF1	2	49	1	499
52306	1	65	52.000	  82.000	  84.000	  58.000	  70.000	  59.000	Fill	4	51	2	546
52306	1	66	49.000	  80.000	  81.000	  48.395	  45.408	  76.000	AttRF1	2	49	1	577
52306	1	67	51.000	  80.000	  82.000	  49.756	  44.000	  80.000	AttR1	5	51	1	717
52306	1	68	55.000	  82.000	  83.000	  54.337	  50.409	  77.000	AttRF1	3	50	1	453
52306	1	69	47.000	  81.000	  83.000	  45.867	  83.000	  36.867	AttR2	6	51	1	639
52306	1	70	55.000	  82.000	  83.000	  54.337	  55.000	  74.000	AttF1	6	51	1	733
52306	1	71	47.000	  81.000	  83.000	  45.867	  47.000	  73.000	AttF1	4	50	1	484
52306	1	72	48.000	  80.000	  81.000	  47.407	  48.000	  72.000	AttF1	5	51	1	951
52306	1	73	48.000	  80.000	  81.000	  47.407	  44.481	  76.000	AttRF1	5	51	1	655
52306	1	74	54.000	  82.000	  80.000	  55.350	  47.000	  82.000	AttR1	2	50	3	609
52306	1	75	50.000	  81.000	  85.000	  60.000	  68.000	  59.000	Fill	2	49	1	562
52306	1	76	47.000	  81.000	  83.000	  45.867	  41.999	  76.000	AttRF1	1	50	2	1123
52306	1	77	48.000	  80.000	  81.000	  47.407	  81.000	  39.407	AttR2	2	49	1	592
52306	1	78	53.000	  84.000	  82.000	  54.293	  46.000	  84.000	AttR1	3	51	3	609
52306	1	79	49.000	  81.000	  85.000	  59.000	  68.000	  58.000	Fill	4	50	1	390
52306	1	80	50.000	  81.000	  82.000	  49.390	  45.776	  76.000	AttRF1	1	49	1	468
52306	2	1	50.000	  80.000	  80.000	  50.000	  42.000	  80.000	AttR1	5	50	3	2418
52306	2	2	49.000	  80.000	  79.000	  49.620	  47.108	  75.000	AttRF1	3	49	2	546
52306	2	3	50.000	  80.000	  87.000	  59.000	  66.000	  58.000	Fill	3	51	3	374
52306	2	4	61.000	  86.000	  81.000	  47.000	  60.000	  67.000	Fill	5	50	3	343
52306	2	5	48.000	  79.000	  79.000	  48.000	  70.000	  48.000	AttF2	4	49	3	343
52306	2	6	57.000	  86.000	  81.000	  50.000	  60.000	  68.000	Fill	5	50	3	297
52306	2	7	60.000	  84.000	  80.000	  51.000	  60.000	  69.000	Fill	4	51	2	219
52306	2	8	49.000	  78.000	  77.000	  49.636	  49.000	  69.000	AttF1	4	50	1	280
52306	2	9	50.000	  80.000	  86.000	  60.000	  67.000	  59.000	Fill	2	50	3	468
52306	2	10	50.000	  80.000	  81.000	  49.383	  81.000	  41.383	AttR2	3	51	3	281
52306	2	11	49.000	  78.000	  79.000	  48.380	  49.000	  69.000	AttF1	5	50	3	249
52306	2	12	50.000	  80.000	  81.000	  49.383	  76.000	  47.500	AttRF2	6	49	3	156
52306	2	13	50.000	  80.000	  78.000	  51.282	  71.000	  51.282	AttF2	5	50	3	109
52306	2	14	52.000	  80.000	  79.000	  52.658	  79.000	  43.658	AttR2	6	51	1	78
52306	2	15	51.000	  82.000	  84.000	  60.000	  69.000	  60.000	Fill	4	50	1	531
52306	2	16	49.000	  80.000	  79.000	  49.620	  74.000	  45.325	AttRF2	6	49	3	234
52306	2	17	52.000	  82.000	  81.000	  52.642	  81.000	  44.642	AttR2	4	50	1	32
52306	2	18	49.000	  78.000	  79.000	  48.380	  70.000	  48.380	AttF2	6	50	2	141
52306	2	19	52.000	  80.000	  79.000	  52.658	  70.000	  52.658	AttF2	5	51	1	187
52306	2	20	59.000	  85.000	  80.000	  50.000	  60.000	  68.000	Fill	4	51	2	219
52306	2	21	50.000	  78.000	  84.000	  60.000	  67.000	  57.000	Fill	2	50	3	234
52306	2	22	50.000	  82.000	  84.000	  60.000	  68.000	  58.000	Fill	5	50	3	218
52306	2	23	49.000	  78.000	  79.000	  48.380	  45.318	  74.000	AttRF1	4	49	3	203
52306	2	24	52.000	  80.000	  79.000	  52.658	  44.000	  80.000	AttR1	4	50	1	172
52306	2	25	49.000	  80.000	  79.000	  49.620	  41.000	  80.000	AttR1	1	51	3	172
52306	2	26	50.000	  80.000	  78.000	  51.282	  78.000	  44.282	AttR2	3	50	1	125
52306	2	27	49.000	  78.000	  77.000	  49.636	  41.000	  78.000	AttR1	3	50	1	94
52306	2	28	50.000	  80.000	  81.000	  49.383	  50.000	  71.000	AttF1	6	50	2	172
52306	2	29	50.000	  80.000	  81.000	  49.383	  41.000	  80.000	AttR1	4	50	1	140
52306	2	30	50.000	  80.000	  78.000	  51.282	  41.000	  80.000	AttR1	1	51	3	188
52306	2	31	50.000	  80.000	  78.000	  51.282	  50.000	  73.000	AttF1	4	49	3	234
52306	2	32	48.000	  79.000	  79.000	  48.000	  79.000	  40.000	AttR2	1	49	1	141
52306	2	33	49.000	  78.000	  79.000	  48.380	  75.000	  47.115	AttRF2	2	49	1	94
52306	2	34	51.000	  79.000	  85.000	  59.000	  68.000	  60.000	Fill	1	50	2	328
52306	2	35	52.000	  80.000	  79.000	  52.658	  74.000	  48.100	AttRF2	4	51	2	78
52306	2	36	48.000	  79.000	  79.000	  48.000	  44.962	  74.000	AttRF1	3	49	2	62
52306	2	37	49.000	  83.000	  85.000	  60.000	  70.000	  59.000	Fill	3	50	1	78
52306	2	38	50.000	  80.000	  81.000	  49.383	  45.725	  75.000	AttRF1	5	51	1	468
52306	2	39	52.000	  80.000	  79.000	  52.658	  52.000	  72.000	AttF1	2	49	1	390
52306	2	40	52.000	  82.000	  81.000	  52.642	  72.000	  52.642	AttF2	5	50	3	78
52306	2	41	52.000	  82.000	  81.000	  52.642	  77.000	  48.829	AttRF2	1	50	2	0
52306	2	42	50.000	  80.000	  78.000	  51.282	  49.967	  76.000	AttRF1	3	51	3	93
52306	2	43	60.000	  86.000	  78.000	  51.000	  62.000	  67.000	Fill	5	49	2	406
52306	2	44	52.000	  82.000	  81.000	  52.642	  50.042	  77.000	AttRF1	3	50	1	453
52306	2	45	49.000	  78.000	  79.000	  48.380	  42.000	  78.000	AttR1	1	51	3	63
52306	2	46	48.000	  79.000	  79.000	  48.000	  48.000	  72.000	AttF1	6	49	3	406
52306	2	47	49.000	  82.000	  80.000	  50.225	  80.000	  42.225	AttR2	4	49	3	281
52306	2	48	50.000	  80.000	  80.000	  50.000	  73.000	  50.000	AttF2	3	50	1	171
52306	2	49	49.000	  78.000	  77.000	  49.636	  77.000	  41.636	AttR2	2	50	3	218
52306	2	50	49.000	  78.000	  77.000	  49.636	  47.058	  73.000	AttRF1	3	51	3	187
52306	2	51	52.000	  82.000	  81.000	  52.642	  52.000	  75.000	AttF1	3	49	2	140
52306	2	52	49.000	  78.000	  85.000	  60.000	  69.000	  59.000	Fill	3	50	1	218
52306	2	53	49.000	  80.000	  79.000	  49.620	  79.000	  40.620	AttR2	5	51	1	187
52306	2	54	50.000	  80.000	  80.000	  50.000	  80.000	  41.000	AttR2	3	51	3	187
52306	2	55	50.000	  80.000	  80.000	  50.000	  76.000	  47.500	AttRF2	5	50	3	94
52306	2	56	51.000	  77.000	  85.000	  60.000	  68.000	  61.000	Fill	1	49	1	124
52306	2	57	61.000	  82.000	  80.000	  53.000	  58.000	  67.000	Fill	3	50	1	141
52306	2	58	49.000	  82.000	  80.000	  50.225	  48.342	  77.000	AttRF1	2	51	2	172
52306	2	59	49.000	  80.000	  79.000	  49.620	  70.000	  49.620	AttF2	6	50	2	47
52306	2	60	61.000	  83.000	  79.000	  50.000	  60.000	  66.000	Fill	5	50	3	125
52306	2	61	57.000	  86.000	  76.000	  51.000	  56.000	  67.000	Fill	3	50	1	265
52306	2	62	49.000	  79.000	  84.000	  58.000	  68.000	  61.000	Fill	6	50	2	265
52306	2	63	50.000	  80.000	  81.000	  49.383	  73.000	  49.383	AttF2	2	50	3	249
52306	2	64	52.000	  80.000	  79.000	  52.658	  50.659	  76.000	AttRF1	1	49	1	234
52306	2	65	59.000	  84.000	  82.000	  49.000	  62.000	  68.000	Fill	4	50	1	265
52306	2	66	49.000	  78.000	  77.000	  49.636	  69.000	  49.636	AttF2	3	51	3	156
52306	2	67	49.000	  78.000	  79.000	  48.380	  79.000	  41.380	AttR2	2	51	2	281
52306	2	68	49.000	  80.000	  79.000	  49.620	  49.000	  72.000	AttF1	2	50	3	234
52306	2	69	49.000	  82.000	  80.000	  50.225	  76.000	  45.415	AttRF2	2	49	1	125
52306	2	70	49.000	  82.000	  80.000	  50.225	  49.000	  75.000	AttF1	3	50	1	203
52306	2	71	49.000	  78.000	  77.000	  49.636	  72.000	  45.231	AttRF2	3	51	3	250
52306	2	72	50.000	  80.000	  80.000	  50.000	  50.000	  71.000	AttF1	2	50	3	110
52306	2	73	61.000	  85.000	  80.000	  49.000	  59.000	  67.000	Fill	3	49	2	124
52306	2	74	52.000	  82.000	  81.000	  52.642	  43.000	  82.000	AttR1	1	50	2	297
52306	2	75	48.000	  79.000	  79.000	  48.000	  74.000	  44.962	AttRF2	2	50	3	125
52306	2	76	48.000	  79.000	  79.000	  48.000	  41.000	  79.000	AttR1	5	51	1	219
52306	2	77	49.000	  82.000	  80.000	  50.225	  71.000	  50.225	AttF2	5	51	1	375
52306	2	78	50.000	  80.000	  80.000	  50.000	  46.875	  75.000	AttRF1	2	50	3	110
52306	2	79	50.000	  80.000	  78.000	  51.282	  74.000	  46.250	AttRF2	4	49	3	94
52306	2	80	49.000	  82.000	  80.000	  50.225	  40.000	  82.000	AttR1	3	50	1	62
52306	3	1	50.000	  81.000	  82.000	  49.390	  42.000	  81.000	AttR1	2	50	3	577
52306	3	2	51.000	  77.000	  76.000	  51.671	  71.000	  47.026	AttRF2	6	49	3	62
52306	3	3	48.000	  79.000	  78.000	  48.615	  46.122	  74.000	AttRF1	5	51	1	437
52306	3	4	50.000	  83.000	  85.000	  48.824	  76.000	  48.824	AttF2	4	51	2	47
52306	3	5	50.000	  81.000	  82.000	  49.390	  82.000	  42.390	AttR2	1	50	2	375
52306	3	6	50.000	  81.000	  82.000	  49.390	  50.000	  73.000	AttF1	5	50	3	0
52306	3	7	53.000	  79.000	  84.000	  57.000	  68.000	  60.000	Fill	5	50	3	468
52306	3	8	51.000	  77.000	  76.000	  51.671	  48.952	  72.000	AttRF1	3	51	3	250
52306	3	9	50.000	  83.000	  85.000	  48.824	  50.000	  76.000	AttF1	4	51	2	62
52306	3	10	49.000	  81.000	  82.000	  48.402	  82.000	  40.402	AttR2	4	49	3	421
52306	3	11	49.000	  81.000	  82.000	  48.402	  78.000	  47.185	AttRF2	4	49	3	0
52306	3	12	50.000	  83.000	  85.000	  48.824	  42.000	  83.000	AttR1	3	50	1	437
52306	3	13	50.000	  81.000	  79.000	  51.266	  79.000	  42.266	AttR2	2	51	2	203
52306	3	14	50.000	  82.000	  86.000	  60.000	  69.000	  59.000	Fill	5	50	3	140
52306	3	15	50.000	  81.000	  85.000	  59.000	  66.000	  57.000	Fill	6	49	3	62
52306	3	16	50.000	  80.000	  87.000	  59.000	  68.000	  59.000	Fill	3	49	2	62
52306	3	17	53.000	  78.000	  76.000	  54.395	  52.248	  73.000	AttRF1	1	49	1	78
52306	3	18	50.000	  80.000	  81.000	  49.383	  43.000	  80.000	AttR1	4	49	3	78
52306	3	19	59.000	  86.000	  81.000	  53.000	  60.000	  68.000	Fill	2	50	3	577
52306	3	20	48.000	  80.000	  87.000	  58.000	  69.000	  60.000	Fill	1	49	1	94
52306	3	21	50.000	  80.000	  81.000	  49.383	  74.000	  49.383	AttF2	3	50	1	406
52306	3	22	50.000	  80.000	  81.000	  49.383	  76.000	  47.500	AttRF2	4	49	3	655
52306	3	23	50.000	  83.000	  85.000	  48.824	  81.000	  48.795	AttRF2	3	51	3	406
52306	3	24	50.000	  78.000	  86.000	  58.000	  67.000	  59.000	Fill	6	51	1	312
52306	3	25	50.000	  78.000	  80.000	  48.750	  44.484	  73.000	AttRF1	2	50	3	219
52306	3	26	50.000	  81.000	  82.000	  49.390	  74.000	  49.390	AttF2	2	49	1	171
52306	3	27	50.000	  78.000	  80.000	  48.750	  75.000	  48.077	AttRF2	2	49	1	296
52306	3	28	49.000	  79.000	  87.000	  61.000	  68.000	  60.000	Fill	4	51	2	484
52306	3	29	53.000	  78.000	  76.000	  54.395	  44.000	  78.000	AttR1	1	50	2	374
52306	3	30	50.000	  80.000	  81.000	  49.383	  45.725	  75.000	AttRF1	2	49	1	219
52306	3	31	50.000	  81.000	  82.000	  49.390	  78.000	  48.148	AttRF2	1	49	1	78
52306	3	32	57.000	  87.000	  80.000	  51.000	  59.000	  70.000	Fill	5	49	2	31
52306	3	33	50.000	  78.000	  80.000	  48.750	  80.000	  41.750	AttR2	3	51	3	468
52306	3	34	50.000	  81.000	  81.000	  50.000	  46.914	  76.000	AttRF1	3	51	3	125
52306	3	35	51.000	  77.000	  76.000	  51.671	  68.000	  51.671	AttF2	6	49	3	546
52306	3	36	53.000	  78.000	  76.000	  54.395	  76.000	  45.395	AttR2	1	51	3	577
52306	3	37	50.000	  81.000	  79.000	  51.266	  74.000	  45.679	AttRF2	4	49	3	141
52306	3	38	60.000	  85.000	  82.000	  49.000	  60.000	  70.000	Fill	2	50	3	250
52306	3	39	50.000	  81.000	  81.000	  50.000	  50.000	  73.000	AttF1	6	49	3	437
52306	3	40	50.000	  80.000	  81.000	  49.383	  81.000	  42.383	AttR2	3	50	1	468
52306	3	41	60.000	  86.000	  80.000	  51.000	  60.000	  68.000	Fill	3	51	3	187
52306	3	42	48.000	  79.000	  78.000	  48.615	  74.000	  44.962	AttRF2	5	50	3	0
52306	3	43	60.000	  82.000	  80.000	  51.000	  59.000	  68.000	Fill	5	49	2	468
52306	3	44	51.000	  77.000	  76.000	  51.671	  44.000	  77.000	AttR1	4	49	3	203
52306	3	45	61.000	  86.000	  81.000	  49.000	  58.000	  69.000	Fill	3	50	1	110
52306	3	46	48.000	  79.000	  78.000	  48.615	  48.000	  72.000	AttF1	4	51	2	140
52306	3	47	49.000	  81.000	  82.000	  48.402	  49.000	  73.000	AttF1	3	50	1	78
52306	3	48	64.000	  86.000	  79.000	  49.000	  59.000	  69.000	Fill	6	51	1	109
52306	3	49	50.000	  78.000	  80.000	  48.750	  50.000	  70.000	AttF1	6	49	3	468
52306	3	50	50.000	  80.000	  81.000	  49.383	  50.000	  71.000	AttF1	2	50	3	94
52306	3	51	50.000	  81.000	  81.000	  50.000	  76.000	  46.914	AttRF2	4	51	2	31
52306	3	52	50.000	  80.000	  83.000	  60.000	  70.000	  62.000	Fill	5	50	3	15
52306	3	53	50.000	  78.000	  80.000	  48.750	  43.000	  78.000	AttR1	4	49	3	15
52306	3	54	53.000	  78.000	  76.000	  54.395	  71.000	  48.244	AttRF2	2	50	3	0
52306	3	55	50.000	  81.000	  79.000	  51.266	  72.000	  51.266	AttF2	4	51	2	0
52306	3	56	50.000	  81.000	  81.000	  50.000	  81.000	  43.000	AttR2	5	51	1	515
52306	3	57	49.000	  81.000	  82.000	  48.402	  73.000	  48.402	AttF2	3	50	1	78
52306	3	58	50.000	  78.000	  80.000	  48.750	  72.000	  48.750	AttF2	5	50	3	140
52306	3	59	50.000	  81.000	  82.000	  49.390	  46.379	  77.000	AttRF1	5	49	2	78
52306	3	60	48.000	  79.000	  78.000	  48.615	  78.000	  40.615	AttR2	4	50	1	109
52306	3	61	49.000	  81.000	  82.000	  48.402	  40.000	  81.000	AttR1	3	51	3	63
52306	3	62	58.000	  82.000	  79.000	  49.000	  58.000	  70.000	Fill	2	50	3	0
52306	3	63	50.000	  83.000	  85.000	  48.824	  45.377	  79.000	AttRF1	5	49	2	78
52306	3	64	49.000	  81.000	  82.000	  48.402	  45.451	  77.000	AttRF1	5	50	3	109
52306	3	65	48.000	  79.000	  78.000	  48.615	  71.000	  48.615	AttF2	5	51	1	530
52306	3	66	50.000	  81.000	  86.000	  61.000	  69.000	  60.000	Fill	5	49	2	327
52306	3	67	50.000	  81.000	  81.000	  50.000	  72.000	  50.000	AttF2	3	49	2	125
52306	3	68	50.000	  81.000	  79.000	  51.266	  41.000	  81.000	AttR1	4	49	3	156
52306	3	69	51.000	  77.000	  76.000	  51.671	  51.000	  69.000	AttF1	3	50	1	187
52306	3	70	50.000	  83.000	  85.000	  48.824	  85.000	  41.824	AttR2	6	50	2	32
52306	3	71	48.000	  79.000	  78.000	  48.615	  40.000	  79.000	AttR1	6	51	1	125
52306	3	72	58.000	  83.000	  79.000	  49.000	  58.000	  69.000	Fill	2	50	3	218
52306	3	73	49.000	  81.000	  85.000	  60.000	  67.000	  60.000	Fill	3	49	2	109
52306	3	74	53.000	  78.000	  76.000	  54.395	  53.000	  69.000	AttF1	2	50	3	202
52306	3	75	58.000	  88.000	  79.000	  50.000	  57.000	  69.000	Fill	3	51	3	187
52306	3	76	50.000	  81.000	  79.000	  51.266	  50.000	  73.000	AttF1	2	50	3	140
52306	3	77	50.000	  81.000	  81.000	  50.000	  42.000	  81.000	AttR1	1	49	1	156
52306	3	78	53.000	  78.000	  76.000	  54.395	  68.000	  54.395	AttF2	6	50	2	109
52306	3	79	51.000	  77.000	  76.000	  51.671	  76.000	  42.671	AttR2	6	51	1	297
52306	3	80	50.000	  81.000	  79.000	  51.266	  49.319	  76.000	AttRF1	2	50	3	188
52306	4	1	47.000	  80.000	  87.000	  59.000	  69.000	  58.000	Fill	1	50	2	499
52306	4	2	59.000	  85.000	  80.000	  49.000	  60.000	  69.000	Fill	5	51	1	468
52306	4	3	54.000	  82.000	  80.000	  55.350	  47.000	  82.000	AttR1	3	49	2	437
52306	4	4	50.000	  81.000	  82.000	  49.390	  45.776	  76.000	AttRF1	2	49	1	437
52306	4	5	55.000	  82.000	  83.000	  54.337	  46.000	  82.000	AttR1	4	49	3	188
52306	4	6	51.000	  79.000	  86.000	  62.000	  68.000	  59.000	Fill	2	49	1	499
52306	4	7	50.000	  82.000	  81.000	  50.617	  48.743	  78.000	AttRF1	3	50	1	406
52306	4	8	50.000	  81.000	  82.000	  49.390	  50.000	  74.000	AttF1	3	51	3	219
52306	4	9	50.000	  82.000	  81.000	  50.617	  81.000	  42.617	AttR2	4	49	3	156
52306	4	10	50.000	  82.000	  81.000	  50.617	  43.000	  82.000	AttR1	6	51	1	156
52306	4	11	53.000	  84.000	  82.000	  54.293	  82.000	  46.293	AttR2	4	49	3	0
52306	4	12	50.000	  80.000	  85.000	  60.000	  69.000	  60.000	Fill	3	51	3	0
52306	4	13	50.000	  81.000	  82.000	  49.390	  43.000	  81.000	AttR1	2	50	3	281
52306	4	14	49.000	  80.000	  81.000	  48.395	  76.000	  46.550	AttRF2	6	50	2	109
52306	4	15	58.000	  82.000	  77.000	  50.000	  60.000	  69.000	Fill	3	50	1	125
52306	4	16	51.000	  80.000	  82.000	  49.756	  82.000	  40.756	AttR2	2	50	3	124
52306	4	17	50.000	  78.000	  86.000	  59.000	  68.000	  60.000	Fill	6	49	3	266
52306	4	18	54.000	  82.000	  80.000	  55.350	  54.000	  75.000	AttF1	2	51	2	406
52306	4	19	50.000	  81.000	  82.000	  49.390	  73.000	  49.390	AttF2	6	49	3	203
52306	4	20	49.000	  80.000	  81.000	  48.395	  40.000	  80.000	AttR1	5	51	1	297
52306	4	21	53.000	  84.000	  82.000	  54.293	  77.000	  48.583	AttRF2	4	49	3	156
52306	4	22	52.000	  82.000	  85.000	  58.000	  68.000	  60.000	Fill	4	51	2	249
52306	4	23	64.000	  84.000	  81.000	  50.000	  59.000	  68.000	Fill	2	49	1	62
52306	4	24	50.000	  81.000	  85.000	  60.000	  68.000	  59.000	Fill	5	51	1	171
52306	4	25	51.000	  78.000	  79.000	  50.354	  42.000	  78.000	AttR1	1	49	1	203
52306	4	26	47.000	  81.000	  83.000	  45.867	  41.999	  76.000	AttRF1	3	51	3	187
52306	4	27	50.000	  82.000	  81.000	  50.617	  74.000	  50.617	AttF2	3	49	2	109
52306	4	28	55.000	  82.000	  83.000	  54.337	  79.000	  52.988	AttRF2	4	51	2	78
52306	4	29	48.000	  80.000	  81.000	  47.407	  72.000	  47.407	AttF2	2	51	2	32
52306	4	30	49.000	  80.000	  81.000	  48.395	  49.000	  71.000	AttF1	5	49	2	141
52306	4	31	51.000	  80.000	  82.000	  49.756	  77.000	  49.087	AttRF2	3	51	3	156
52306	4	32	61.000	  85.000	  78.000	  48.000	  57.000	  67.000	Fill	6	49	3	109
52306	4	33	48.000	  80.000	  81.000	  47.407	  77.000	  46.200	AttRF2	5	51	1	171
52306	4	34	50.000	  82.000	  81.000	  50.617	  50.000	  74.000	AttF1	1	49	1	109
52306	4	35	53.000	  84.000	  82.000	  54.293	  53.000	  75.000	AttF1	2	51	2	172
52306	4	36	54.000	  82.000	  80.000	  55.350	  73.000	  55.350	AttF2	5	49	2	63
52306	4	37	54.000	  82.000	  80.000	  55.350	  75.000	  49.390	AttRF2	6	51	1	202
52306	4	38	48.000	  79.000	  84.000	  64.000	  68.000	  59.000	Fill	1	49	1	140
52306	4	39	51.000	  80.000	  82.000	  49.756	  51.000	  73.000	AttF1	4	51	2	265
52306	4	40	49.000	  80.000	  81.000	  48.395	  45.408	  76.000	AttRF1	5	50	3	31
52306	4	41	48.000	  80.000	  81.000	  47.407	  39.000	  80.000	AttR1	2	51	2	187
52306	4	42	55.000	  82.000	  83.000	  54.337	  55.000	  74.000	AttF1	5	49	2	62
52306	4	43	47.000	  81.000	  83.000	  45.867	  83.000	  36.867	AttR2	3	51	3	172
52306	4	44	52.000	  82.000	  84.000	  58.000	  70.000	  59.000	Fill	1	49	1	219
52306	4	45	51.000	  78.000	  79.000	  50.354	  51.000	  71.000	AttF1	1	51	3	234
52306	4	46	55.000	  82.000	  83.000	  54.337	  76.000	  54.337	AttF2	6	49	3	141
52306	4	47	53.000	  84.000	  82.000	  54.293	  46.000	  84.000	AttR1	1	51	3	265
52306	4	48	49.000	  80.000	  81.000	  48.395	  81.000	  40.395	AttR2	1	49	1	249
52306	4	49	55.000	  82.000	  83.000	  54.337	  83.000	  45.337	AttR2	3	51	3	499
52306	4	50	60.000	  86.000	  78.000	  48.000	  59.000	  66.000	Fill	6	50	2	31
52306	4	51	50.000	  81.000	  82.000	  49.390	  82.000	  42.390	AttR2	5	51	1	78
52306	4	52	60.000	  84.000	  79.000	  50.000	  56.000	  69.000	Fill	5	49	2	218
52306	4	53	50.000	  82.000	  81.000	  50.617	  76.000	  46.341	AttRF2	5	51	1	156
52306	4	54	49.000	  81.000	  85.000	  59.000	  68.000	  58.000	Fill	4	50	1	31
52306	4	55	47.000	  81.000	  83.000	  45.867	  75.000	  45.867	AttF2	5	49	2	62
52306	4	56	59.000	  87.000	  80.000	  47.000	  58.000	  69.000	Fill	3	50	1	125
52306	4	57	53.000	  84.000	  82.000	  54.293	  52.968	  80.000	AttRF1	4	51	2	156
52306	4	58	48.000	  80.000	  81.000	  47.407	  44.481	  76.000	AttRF1	1	49	1	62
52306	4	59	49.000	  80.000	  81.000	  48.395	  73.000	  48.395	AttF2	3	49	2	31
52306	4	60	47.000	  81.000	  83.000	  45.867	  78.000	  45.259	AttRF2	1	51	3	63
52306	4	61	51.000	  78.000	  79.000	  50.354	  79.000	  42.354	AttR2	2	49	1	156
52306	4	62	53.000	  84.000	  82.000	  54.293	  75.000	  54.293	AttF2	3	51	3	78
52306	4	63	51.000	  80.000	  82.000	  49.756	  44.000	  80.000	AttR1	6	49	3	93
52306	4	64	47.000	  81.000	  83.000	  45.867	  40.000	  81.000	AttR1	1	51	3	109
52306	4	65	51.000	  80.000	  82.000	  49.756	  73.000	  49.756	AttF2	2	49	1	109
52306	4	66	58.000	  86.000	  79.000	  50.000	  57.000	  66.000	Fill	6	51	1	218
52306	4	67	55.000	  82.000	  83.000	  54.337	  50.409	  77.000	AttRF1	3	49	2	249
52306	4	68	47.000	  81.000	  83.000	  45.867	  47.000	  73.000	AttF1	3	51	3	312
52306	4	69	48.000	  80.000	  81.000	  47.407	  81.000	  39.407	AttR2	2	49	1	218
52306	4	70	57.000	  86.000	  82.000	  49.000	  59.000	  70.000	Fill	6	50	2	31
52306	4	71	48.000	  80.000	  81.000	  47.407	  48.000	  72.000	AttF1	5	51	1	265
52306	4	72	54.000	  82.000	  80.000	  55.350	  53.966	  78.000	AttRF1	1	51	3	421
52306	4	73	50.000	  81.000	  82.000	  49.390	  77.000	  47.531	AttRF2	4	50	1	343
52306	4	74	51.000	  78.000	  79.000	  50.354	  46.530	  73.000	AttRF1	1	50	2	93
52306	4	75	60.000	  84.000	  80.000	  49.000	  60.000	  69.000	Fill	5	51	1	62
52306	4	76	51.000	  78.000	  79.000	  50.354	  75.000	  49.038	AttRF2	2	50	3	172
52306	4	77	47.000	  84.000	  86.000	  60.000	  68.000	  59.000	Fill	4	52	0	312
52306	4	78	51.000	  78.000	  79.000	  50.354	  70.000	  50.354	AttF2	5	52	0	156
52306	4	79	51.000	  80.000	  82.000	  49.756	  46.115	  76.000	AttRF1	4	52	0	109
52306	4	80	54.000	  82.000	  80.000	  55.350	  80.000	  46.350	AttR2	3	52	0	62
52306	5	1	52.000	  80.000	  79.000	  52.658	  70.000	  52.658	AttF2	5	49	2	1216
52306	5	2	49.000	  80.000	  79.000	  49.620	  41.000	  80.000	AttR1	5	51	1	172
52306	5	3	60.000	  86.000	  78.000	  51.000	  62.000	  67.000	Fill	6	49	3	0
52306	5	4	49.000	  79.000	  84.000	  58.000	  68.000	  61.000	Fill	5	50	3	188
52306	5	5	50.000	  80.000	  78.000	  51.282	  71.000	  51.282	AttF2	3	49	2	78
52306	5	6	49.000	  82.000	  80.000	  50.225	  49.000	  75.000	AttF1	4	50	1	32
52306	5	7	49.000	  80.000	  79.000	  49.620	  79.000	  40.620	AttR2	1	49	1	187
52306	5	8	61.000	  83.000	  79.000	  50.000	  60.000	  66.000	Fill	6	51	1	78
52306	5	9	50.000	  80.000	  87.000	  59.000	  66.000	  58.000	Fill	4	49	3	140
52306	5	10	50.000	  80.000	  78.000	  51.282	  41.000	  80.000	AttR1	3	51	3	0
52306	5	11	50.000	  80.000	  78.000	  51.282	  74.000	  46.250	AttRF2	6	51	1	125
52306	5	12	49.000	  78.000	  77.000	  49.636	  41.000	  78.000	AttR1	4	50	1	62
52306	5	13	52.000	  82.000	  81.000	  52.642	  72.000	  52.642	AttF2	3	50	1	31
52306	5	14	50.000	  80.000	  78.000	  51.282	  49.967	  76.000	AttRF1	2	49	1	109
52306	5	15	49.000	  78.000	  79.000	  48.380	  75.000	  47.115	AttRF2	4	51	2	297
52306	5	16	50.000	  80.000	  80.000	  50.000	  73.000	  50.000	AttF2	5	51	1	110
52306	5	17	49.000	  78.000	  79.000	  48.380	  42.000	  78.000	AttR1	4	50	1	15
52306	5	18	50.000	  80.000	  81.000	  49.383	  41.000	  80.000	AttR1	1	51	3	16
52306	5	19	52.000	  82.000	  81.000	  52.642	  50.042	  77.000	AttRF1	3	50	1	47
52306	5	20	59.000	  84.000	  82.000	  49.000	  62.000	  68.000	Fill	3	50	1	390
52306	5	21	50.000	  80.000	  86.000	  60.000	  67.000	  59.000	Fill	5	49	2	78
52306	5	22	50.000	  80.000	  80.000	  50.000	  46.875	  75.000	AttRF1	5	49	2	31
52306	5	23	49.000	  78.000	  77.000	  49.636	  49.000	  69.000	AttF1	3	51	3	296
52306	5	24	49.000	  80.000	  79.000	  49.620	  49.000	  72.000	AttF1	1	49	1	31
52306	5	25	52.000	  80.000	  79.000	  52.658	  50.659	  76.000	AttRF1	3	51	3	203
52306	5	26	49.000	  78.000	  79.000	  48.380	  45.318	  74.000	AttRF1	1	51	3	63
52306	5	27	49.000	  78.000	  77.000	  49.636	  69.000	  49.636	AttF2	4	51	2	109
52306	5	28	59.000	  85.000	  80.000	  50.000	  60.000	  68.000	Fill	2	50	3	140
52306	5	29	51.000	  79.000	  85.000	  59.000	  68.000	  60.000	Fill	5	49	2	202
52306	5	30	52.000	  80.000	  79.000	  52.658	  52.000	  72.000	AttF1	4	49	3	249
52306	5	31	61.000	  82.000	  80.000	  53.000	  58.000	  67.000	Fill	2	49	1	141
52306	5	32	48.000	  79.000	  79.000	  48.000	  48.000	  72.000	AttF1	3	51	3	0
52306	5	33	51.000	  82.000	  84.000	  60.000	  69.000	  60.000	Fill	2	51	2	296
52306	5	34	52.000	  82.000	  81.000	  52.642	  52.000	  75.000	AttF1	3	50	1	0
52306	5	35	50.000	  80.000	  81.000	  49.383	  73.000	  49.383	AttF2	1	49	1	125
52306	5	36	52.000	  82.000	  81.000	  52.642	  77.000	  48.829	AttRF2	3	51	3	171
52306	5	37	50.000	  78.000	  84.000	  60.000	  67.000	  57.000	Fill	5	51	1	62
52306	5	38	57.000	  86.000	  81.000	  50.000	  60.000	  68.000	Fill	1	51	3	110
52306	5	39	61.000	  86.000	  81.000	  47.000	  60.000	  67.000	Fill	6	49	3	250
52306	5	40	49.000	  80.000	  79.000	  49.620	  74.000	  45.325	AttRF2	4	50	1	47
52306	5	41	49.000	  83.000	  85.000	  60.000	  70.000	  59.000	Fill	3	51	3	47
52306	5	42	52.000	  82.000	  81.000	  52.642	  43.000	  82.000	AttR1	6	50	2	374
52306	5	43	49.000	  82.000	  80.000	  50.225	  80.000	  42.225	AttR2	5	51	1	187
52306	5	44	50.000	  80.000	  81.000	  49.383	  45.725	  75.000	AttRF1	4	49	3	15
52306	5	45	49.000	  82.000	  80.000	  50.225	  76.000	  45.415	AttRF2	3	49	2	109
52306	5	46	48.000	  79.000	  79.000	  48.000	  70.000	  48.000	AttF2	4	50	1	31
52306	5	47	48.000	  79.000	  79.000	  48.000	  74.000	  44.962	AttRF2	5	51	1	297
52306	5	48	50.000	  80.000	  81.000	  49.383	  50.000	  71.000	AttF1	2	49	1	343
52306	5	49	52.000	  80.000	  79.000	  52.658	  44.000	  80.000	AttR1	3	50	1	343
52306	5	50	50.000	  80.000	  81.000	  49.383	  76.000	  47.500	AttRF2	5	51	1	171
52306	5	51	50.000	  80.000	  81.000	  49.383	  81.000	  41.383	AttR2	5	50	3	421
52306	5	52	51.000	  77.000	  85.000	  60.000	  68.000	  61.000	Fill	2	51	2	62
52306	5	53	57.000	  86.000	  76.000	  51.000	  56.000	  67.000	Fill	4	51	2	31
52306	5	54	49.000	  82.000	  80.000	  50.225	  40.000	  82.000	AttR1	4	50	1	390
52306	5	55	48.000	  79.000	  79.000	  48.000	  41.000	  79.000	AttR1	3	51	3	78
52306	5	56	50.000	  80.000	  80.000	  50.000	  80.000	  41.000	AttR2	3	49	2	234
52306	5	57	49.000	  78.000	  77.000	  49.636	  72.000	  45.231	AttRF2	5	49	2	47
52306	5	58	49.000	  78.000	  79.000	  48.380	  70.000	  48.380	AttF2	3	50	1	0
52306	5	59	60.000	  84.000	  80.000	  51.000	  60.000	  69.000	Fill	6	51	1	78
52306	5	60	50.000	  80.000	  80.000	  50.000	  50.000	  71.000	AttF1	5	49	2	109
52306	5	61	50.000	  80.000	  78.000	  51.282	  78.000	  44.282	AttR2	5	49	2	187
52306	5	62	49.000	  78.000	  77.000	  49.636	  47.058	  73.000	AttRF1	1	49	1	140
52306	5	63	49.000	  80.000	  79.000	  49.620	  70.000	  49.620	AttF2	4	50	1	15
52306	5	64	61.000	  85.000	  80.000	  49.000	  59.000	  67.000	Fill	3	51	3	0
52306	5	65	49.000	  82.000	  80.000	  50.225	  48.342	  77.000	AttRF1	2	51	2	374
52306	5	66	49.000	  78.000	  77.000	  49.636	  77.000	  41.636	AttR2	2	51	2	109
52306	5	67	52.000	  80.000	  79.000	  52.658	  79.000	  43.658	AttR2	5	49	2	234
52306	5	68	49.000	  80.000	  79.000	  49.620	  47.108	  75.000	AttRF1	3	50	1	140
52306	5	69	48.000	  79.000	  79.000	  48.000	  79.000	  40.000	AttR2	5	50	3	62
52306	5	70	52.000	  82.000	  81.000	  52.642	  81.000	  44.642	AttR2	5	49	2	156
52306	5	71	49.000	  78.000	  79.000	  48.380	  49.000	  69.000	AttF1	1	51	3	78
52306	5	72	52.000	  80.000	  79.000	  52.658	  74.000	  48.100	AttRF2	1	49	1	15
52306	5	73	50.000	  80.000	  80.000	  50.000	  76.000	  47.500	AttRF2	3	51	3	172
52306	5	74	49.000	  78.000	  79.000	  48.380	  79.000	  41.380	AttR2	6	49	3	188
52306	5	75	50.000	  80.000	  80.000	  50.000	  42.000	  80.000	AttR1	4	51	2	218
52306	5	76	50.000	  80.000	  78.000	  51.282	  50.000	  73.000	AttF1	2	49	1	437
52306	5	77	48.000	  79.000	  79.000	  48.000	  44.962	  74.000	AttRF1	3	49	2	125
52306	5	78	49.000	  82.000	  80.000	  50.225	  71.000	  50.225	AttF2	5	49	2	140
52306	5	79	50.000	  82.000	  84.000	  60.000	  68.000	  58.000	Fill	4	50	1	171
52306	5	80	49.000	  78.000	  85.000	  60.000	  69.000	  59.000	Fill	2	50	3	484
52306	6	1	49.000	  81.000	  82.000	  48.402	  78.000	  47.185	AttRF2	3	50	1	970
52306	6	2	50.000	  83.000	  85.000	  48.824	  45.377	  79.000	AttRF1	4	49	3	483
52306	6	3	49.000	  79.000	  87.000	  61.000	  68.000	  60.000	Fill	2	51	2	655
52306	6	4	53.000	  78.000	  76.000	  54.395	  44.000	  78.000	AttR1	1	50	2	468
52306	6	5	60.000	  85.000	  82.000	  49.000	  60.000	  70.000	Fill	4	50	1	468
52306	6	6	48.000	  79.000	  78.000	  48.615	  74.000	  44.962	AttRF2	1	49	1	561
52306	6	7	50.000	  81.000	  81.000	  50.000	  42.000	  81.000	AttR1	4	51	2	437
52306	6	8	50.000	  80.000	  81.000	  49.383	  76.000	  47.500	AttRF2	4	50	1	250
52306	6	9	48.000	  79.000	  78.000	  48.615	  46.122	  74.000	AttRF1	5	49	2	390
52306	6	10	53.000	  78.000	  76.000	  54.395	  52.248	  73.000	AttRF1	6	50	2	281
52306	6	11	48.000	  79.000	  78.000	  48.615	  78.000	  40.615	AttR2	4	51	2	218
52306	6	12	60.000	  86.000	  80.000	  51.000	  60.000	  68.000	Fill	4	50	1	281
52306	6	13	50.000	  83.000	  85.000	  48.824	  81.000	  48.795	AttRF2	3	50	1	265
52306	6	14	50.000	  78.000	  80.000	  48.750	  43.000	  78.000	AttR1	2	50	3	234
52306	6	15	50.000	  78.000	  80.000	  48.750	  44.484	  73.000	AttRF1	4	49	3	140
52306	6	16	50.000	  80.000	  81.000	  49.383	  43.000	  80.000	AttR1	3	49	2	312
52306	6	17	50.000	  81.000	  81.000	  50.000	  72.000	  50.000	AttF2	3	49	2	437
52306	6	18	50.000	  82.000	  86.000	  60.000	  69.000	  59.000	Fill	4	50	1	172
52306	6	19	57.000	  87.000	  80.000	  51.000	  59.000	  70.000	Fill	4	51	2	280
52306	6	20	49.000	  81.000	  82.000	  48.402	  73.000	  48.402	AttF2	5	49	2	281
52306	6	21	51.000	  77.000	  76.000	  51.671	  71.000	  47.026	AttRF2	2	50	3	109
52306	6	22	50.000	  81.000	  86.000	  61.000	  69.000	  60.000	Fill	4	49	3	452
52306	6	23	51.000	  77.000	  76.000	  51.671	  48.952	  72.000	AttRF1	3	51	3	374
52306	6	24	49.000	  81.000	  82.000	  48.402	  82.000	  40.402	AttR2	2	50	3	46
52306	6	25	48.000	  79.000	  78.000	  48.615	  71.000	  48.615	AttF2	6	51	1	188
52306	6	26	58.000	  82.000	  79.000	  49.000	  58.000	  70.000	Fill	6	49	3	62
52306	6	27	50.000	  83.000	  85.000	  48.824	  50.000	  76.000	AttF1	6	51	1	156
52306	6	28	51.000	  77.000	  76.000	  51.671	  44.000	  77.000	AttR1	6	50	2	1950
52306	6	29	50.000	  80.000	  81.000	  49.383	  50.000	  71.000	AttF1	4	51	2	328
52306	6	30	49.000	  81.000	  82.000	  48.402	  45.451	  77.000	AttRF1	5	50	3	218
52306	6	31	50.000	  78.000	  80.000	  48.750	  50.000	  70.000	AttF1	5	49	2	453
52306	6	32	50.000	  81.000	  82.000	  49.390	  78.000	  48.148	AttRF2	3	50	1	187
52306	6	33	50.000	  81.000	  82.000	  49.390	  74.000	  49.390	AttF2	3	51	3	171
52306	6	34	51.000	  77.000	  76.000	  51.671	  68.000	  51.671	AttF2	2	49	1	234
52306	6	35	53.000	  78.000	  76.000	  54.395	  71.000	  48.244	AttRF2	4	50	1	78
52306	6	36	53.000	  78.000	  76.000	  54.395	  53.000	  69.000	AttF1	3	51	3	140
52306	6	37	50.000	  81.000	  82.000	  49.390	  42.000	  81.000	AttR1	1	50	2	344
52306	6	38	59.000	  86.000	  81.000	  53.000	  60.000	  68.000	Fill	3	50	1	0
52306	6	39	51.000	  77.000	  76.000	  51.671	  76.000	  42.671	AttR2	5	50	3	15
52306	6	40	50.000	  80.000	  81.000	  49.383	  45.725	  75.000	AttRF1	3	50	1	15
52306	6	41	49.000	  81.000	  82.000	  48.402	  40.000	  81.000	AttR1	1	50	2	905
52306	6	42	48.000	  79.000	  78.000	  48.615	  40.000	  79.000	AttR1	5	49	2	0
52306	6	43	50.000	  80.000	  83.000	  60.000	  70.000	  62.000	Fill	5	49	2	16
52306	6	44	50.000	  81.000	  82.000	  49.390	  82.000	  42.390	AttR2	5	49	2	16
52306	6	45	50.000	  78.000	  80.000	  48.750	  75.000	  48.077	AttRF2	2	49	1	0
52306	6	46	53.000	  79.000	  84.000	  57.000	  68.000	  60.000	Fill	4	49	3	16
52306	6	47	58.000	  88.000	  79.000	  50.000	  57.000	  69.000	Fill	2	49	1	16
52306	6	48	50.000	  83.000	  85.000	  48.824	  76.000	  48.824	AttF2	2	49	1	15
52306	6	49	53.000	  78.000	  76.000	  54.395	  68.000	  54.395	AttF2	5	49	2	0
52306	6	50	50.000	  81.000	  79.000	  51.266	  74.000	  45.679	AttRF2	6	49	3	16
52306	6	51	50.000	  83.000	  85.000	  48.824	  42.000	  83.000	AttR1	4	49	3	16
52306	6	52	50.000	  81.000	  82.000	  49.390	  50.000	  73.000	AttF1	6	49	3	15
52306	6	53	50.000	  81.000	  82.000	  49.390	  46.379	  77.000	AttRF1	1	49	1	0
52306	6	54	50.000	  81.000	  79.000	  51.266	  72.000	  51.266	AttF2	4	49	3	15
52306	6	55	50.000	  81.000	  85.000	  59.000	  66.000	  57.000	Fill	3	49	2	16
52306	6	56	48.000	  80.000	  87.000	  58.000	  69.000	  60.000	Fill	4	49	3	0
52306	6	57	48.000	  79.000	  78.000	  48.615	  48.000	  72.000	AttF1	1	49	1	0
52306	6	58	50.000	  81.000	  79.000	  51.266	  50.000	  73.000	AttF1	4	49	3	15
52306	6	59	50.000	  80.000	  81.000	  49.383	  74.000	  49.383	AttF2	2	49	1	31
52306	6	60	50.000	  78.000	  86.000	  58.000	  67.000	  59.000	Fill	4	49	3	0
52306	6	61	53.000	  78.000	  76.000	  54.395	  76.000	  45.395	AttR2	5	49	2	16
52306	6	62	49.000	  81.000	  85.000	  60.000	  67.000	  60.000	Fill	1	49	1	16
52306	6	63	50.000	  78.000	  80.000	  48.750	  80.000	  41.750	AttR2	2	49	1	32
52306	6	64	50.000	  80.000	  81.000	  49.383	  81.000	  42.383	AttR2	5	49	2	0
52306	6	65	50.000	  81.000	  81.000	  50.000	  76.000	  46.914	AttRF2	2	49	1	15
52306	6	66	60.000	  82.000	  80.000	  51.000	  59.000	  68.000	Fill	1	49	1	15
52306	6	67	50.000	  80.000	  87.000	  59.000	  68.000	  59.000	Fill	3	49	2	0
52306	6	68	50.000	  81.000	  81.000	  50.000	  50.000	  73.000	AttF1	3	49	2	0
52306	6	69	61.000	  86.000	  81.000	  49.000	  58.000	  69.000	Fill	2	49	1	15
52306	6	70	50.000	  78.000	  80.000	  48.750	  72.000	  48.750	AttF2	1	49	1	0
52306	6	71	49.000	  81.000	  82.000	  48.402	  49.000	  73.000	AttF1	2	49	1	0
52306	6	72	58.000	  83.000	  79.000	  49.000	  58.000	  69.000	Fill	6	49	3	0
52306	6	73	50.000	  81.000	  81.000	  50.000	  46.914	  76.000	AttRF1	5	49	2	16
52306	6	74	50.000	  81.000	  79.000	  51.266	  79.000	  42.266	AttR2	6	49	3	0
52306	6	75	64.000	  86.000	  79.000	  49.000	  59.000	  69.000	Fill	4	49	3	0
52306	6	76	51.000	  77.000	  76.000	  51.671	  51.000	  69.000	AttF1	1	49	1	16
52306	6	77	50.000	  81.000	  79.000	  51.266	  41.000	  81.000	AttR1	5	49	2	16
52306	6	78	50.000	  81.000	  79.000	  51.266	  49.319	  76.000	AttRF1	5	49	2	31
52306	6	79	50.000	  83.000	  85.000	  48.824	  85.000	  41.824	AttR2	6	49	3	16
52306	6	80	50.000	  81.000	  81.000	  50.000	  81.000	  43.000	AttR2	5	49	2	15
52306	7	1	59.000	  85.000	  80.000	  49.000	  60.000	  69.000	Fill	2	50	3	639
52306	7	2	61.000	  85.000	  78.000	  48.000	  57.000	  67.000	Fill	4	49	3	281
52306	7	3	60.000	  84.000	  79.000	  50.000	  56.000	  69.000	Fill	5	49	2	15
52306	7	4	54.000	  82.000	  80.000	  55.350	  54.000	  75.000	AttF1	3	49	2	0
52306	7	5	48.000	  80.000	  81.000	  47.407	  39.000	  80.000	AttR1	2	49	1	15
52306	7	6	47.000	  81.000	  83.000	  45.867	  78.000	  45.259	AttRF2	3	49	2	15
52306	7	7	51.000	  80.000	  82.000	  49.756	  73.000	  49.756	AttF2	1	49	1	16
52306	7	8	49.000	  80.000	  81.000	  48.395	  49.000	  71.000	AttF1	6	49	3	0
52306	7	9	54.000	  82.000	  80.000	  55.350	  47.000	  82.000	AttR1	5	49	2	15
52306	7	10	50.000	  81.000	  82.000	  49.390	  50.000	  74.000	AttF1	2	49	1	31
52306	7	11	50.000	  81.000	  82.000	  49.390	  82.000	  42.390	AttR2	5	49	2	16
52306	7	12	50.000	  81.000	  82.000	  49.390	  43.000	  81.000	AttR1	2	49	1	0
52306	7	13	53.000	  84.000	  82.000	  54.293	  77.000	  48.583	AttRF2	3	49	2	16
52306	7	14	47.000	  84.000	  86.000	  60.000	  68.000	  59.000	Fill	6	49	3	32
52306	7	15	52.000	  82.000	  84.000	  58.000	  70.000	  59.000	Fill	2	49	1	31
52306	7	16	55.000	  82.000	  83.000	  54.337	  83.000	  45.337	AttR2	5	49	2	15
52306	7	17	48.000	  80.000	  81.000	  47.407	  72.000	  47.407	AttF2	3	49	2	16
52306	7	18	51.000	  80.000	  82.000	  49.756	  82.000	  40.756	AttR2	5	49	2	0
52306	7	19	58.000	  82.000	  77.000	  50.000	  60.000	  69.000	Fill	4	49	3	0
52306	7	20	53.000	  84.000	  82.000	  54.293	  82.000	  46.293	AttR2	2	49	1	0
52306	7	21	49.000	  80.000	  81.000	  48.395	  45.408	  76.000	AttRF1	4	49	3	16
52306	7	22	47.000	  81.000	  83.000	  45.867	  40.000	  81.000	AttR1	4	49	3	0
52306	7	23	50.000	  82.000	  81.000	  50.617	  76.000	  46.341	AttRF2	1	49	1	16
52306	7	24	50.000	  82.000	  81.000	  50.617	  74.000	  50.617	AttF2	4	49	3	0
52306	7	25	55.000	  82.000	  83.000	  54.337	  55.000	  74.000	AttF1	3	49	2	16
52306	7	26	55.000	  82.000	  83.000	  54.337	  76.000	  54.337	AttF2	5	49	2	0
52306	7	27	55.000	  82.000	  83.000	  54.337	  46.000	  82.000	AttR1	3	49	2	0
52306	7	28	49.000	  80.000	  81.000	  48.395	  76.000	  46.550	AttRF2	1	49	1	15
52306	7	29	54.000	  82.000	  80.000	  55.350	  53.966	  78.000	AttRF1	6	49	3	15
52306	7	30	49.000	  80.000	  81.000	  48.395	  81.000	  40.395	AttR2	4	49	3	0
52306	7	31	58.000	  86.000	  79.000	  50.000	  57.000	  66.000	Fill	1	49	1	0
52306	7	32	51.000	  78.000	  79.000	  50.354	  51.000	  71.000	AttF1	5	49	2	15
52306	7	33	49.000	  80.000	  81.000	  48.395	  40.000	  80.000	AttR1	5	49	2	0
52306	7	34	51.000	  78.000	  79.000	  50.354	  46.530	  73.000	AttRF1	2	49	1	0
52306	7	35	53.000	  84.000	  82.000	  54.293	  52.968	  80.000	AttRF1	2	49	1	0
52306	7	36	50.000	  82.000	  81.000	  50.617	  43.000	  82.000	AttR1	5	49	2	16
52306	7	37	53.000	  84.000	  82.000	  54.293	  75.000	  54.293	AttF2	1	49	1	0
52306	7	38	59.000	  87.000	  80.000	  47.000	  58.000	  69.000	Fill	5	49	2	0
52306	7	39	48.000	  79.000	  84.000	  64.000	  68.000	  59.000	Fill	6	49	3	16
52306	7	40	50.000	  82.000	  81.000	  50.617	  48.743	  78.000	AttRF1	5	49	2	16
52306	7	41	48.000	  80.000	  81.000	  47.407	  48.000	  72.000	AttF1	4	50	1	3619
52306	7	42	51.000	  78.000	  79.000	  50.354	  79.000	  42.354	AttR2	6	49	3	140
52306	7	43	54.000	  82.000	  80.000	  55.350	  73.000	  55.350	AttF2	2	49	1	0
52306	7	44	53.000	  84.000	  82.000	  54.293	  53.000	  75.000	AttF1	5	49	2	15
52306	7	45	57.000	  86.000	  82.000	  49.000	  59.000	  70.000	Fill	4	49	3	0
52306	7	46	55.000	  82.000	  83.000	  54.337	  50.409	  77.000	AttRF1	4	49	3	0
52306	7	47	50.000	  82.000	  81.000	  50.617	  50.000	  74.000	AttF1	2	49	1	16
52306	7	48	47.000	  81.000	  83.000	  45.867	  47.000	  73.000	AttF1	6	49	3	0
52306	7	49	53.000	  84.000	  82.000	  54.293	  46.000	  84.000	AttR1	3	49	2	0
52306	7	50	50.000	  80.000	  85.000	  60.000	  69.000	  60.000	Fill	4	49	3	15
52306	7	51	51.000	  80.000	  82.000	  49.756	  51.000	  73.000	AttF1	5	49	2	0
52306	7	52	51.000	  80.000	  82.000	  49.756	  44.000	  80.000	AttR1	3	49	2	15
52306	7	53	55.000	  82.000	  83.000	  54.337	  79.000	  52.988	AttRF2	2	49	1	16
52306	7	54	47.000	  80.000	  87.000	  59.000	  69.000	  58.000	Fill	5	49	2	16
52306	7	55	64.000	  84.000	  81.000	  50.000	  59.000	  68.000	Fill	3	49	2	0
52306	7	56	51.000	  79.000	  86.000	  62.000	  68.000	  59.000	Fill	5	49	2	15
52306	7	57	48.000	  80.000	  81.000	  47.407	  44.481	  76.000	AttRF1	1	49	1	16
52306	7	58	47.000	  81.000	  83.000	  45.867	  83.000	  36.867	AttR2	5	49	2	0
52306	7	59	51.000	  78.000	  79.000	  50.354	  42.000	  78.000	AttR1	2	49	1	16
52306	7	60	60.000	  86.000	  78.000	  48.000	  59.000	  66.000	Fill	4	49	3	16
52306	7	61	51.000	  78.000	  79.000	  50.354	  70.000	  50.354	AttF2	6	49	3	16
52306	7	62	54.000	  82.000	  80.000	  55.350	  80.000	  46.350	AttR2	1	49	1	0
52306	7	63	52.000	  82.000	  85.000	  58.000	  68.000	  60.000	Fill	2	49	1	16
52306	7	64	49.000	  80.000	  81.000	  48.395	  73.000	  48.395	AttF2	4	49	3	15
52306	7	65	48.000	  80.000	  81.000	  47.407	  81.000	  39.407	AttR2	6	49	3	15
52306	7	66	54.000	  82.000	  80.000	  55.350	  75.000	  49.390	AttRF2	3	49	2	0
52306	7	67	49.000	  81.000	  85.000	  59.000	  68.000	  58.000	Fill	3	49	2	16
52306	7	68	50.000	  81.000	  82.000	  49.390	  73.000	  49.390	AttF2	5	49	2	15
52306	7	69	50.000	  78.000	  86.000	  59.000	  68.000	  60.000	Fill	1	49	1	0
52306	7	70	51.000	  78.000	  79.000	  50.354	  75.000	  49.038	AttRF2	2	49	1	0
52306	7	71	47.000	  81.000	  83.000	  45.867	  41.999	  76.000	AttRF1	4	49	3	0
52306	7	72	48.000	  80.000	  81.000	  47.407	  77.000	  46.200	AttRF2	3	49	2	16
52306	7	73	51.000	  80.000	  82.000	  49.756	  46.115	  76.000	AttRF1	3	49	2	0
52306	7	74	47.000	  81.000	  83.000	  45.867	  75.000	  45.867	AttF2	1	49	1	15
52306	7	75	51.000	  80.000	  82.000	  49.756	  77.000	  49.087	AttRF2	4	49	3	16
52306	7	76	50.000	  81.000	  82.000	  49.390	  45.776	  76.000	AttRF1	4	49	3	16
52306	7	77	60.000	  84.000	  80.000	  49.000	  60.000	  69.000	Fill	6	49	3	0
52306	7	78	50.000	  82.000	  81.000	  50.617	  81.000	  42.617	AttR2	1	49	1	16
52306	7	79	50.000	  81.000	  85.000	  60.000	  68.000	  59.000	Fill	2	49	1	16
52306	7	80	50.000	  81.000	  82.000	  49.390	  77.000	  47.531	AttRF2	5	49	2	0
52306	8	1	49.000	  80.000	  79.000	  49.620	  41.000	  80.000	AttR1	5	50	3	671
52306	8	2	50.000	  80.000	  80.000	  50.000	  80.000	  41.000	AttR2	3	51	3	63
52306	8	3	49.000	  83.000	  85.000	  60.000	  70.000	  59.000	Fill	4	50	1	16
52306	8	4	50.000	  80.000	  80.000	  50.000	  50.000	  71.000	AttF1	5	50	3	78
52306	8	5	50.000	  80.000	  78.000	  51.282	  49.967	  76.000	AttRF1	4	51	2	15
52306	8	6	49.000	  78.000	  79.000	  48.380	  70.000	  48.380	AttF2	3	50	1	0
52306	8	7	49.000	  78.000	  85.000	  60.000	  69.000	  59.000	Fill	4	50	1	0
52306	8	8	49.000	  78.000	  79.000	  48.380	  75.000	  47.115	AttRF2	6	51	1	47
52306	8	9	52.000	  80.000	  79.000	  52.658	  70.000	  52.658	AttF2	2	50	3	219
52306	8	10	48.000	  79.000	  79.000	  48.000	  48.000	  72.000	AttF1	4	49	3	171
52306	8	11	51.000	  82.000	  84.000	  60.000	  69.000	  60.000	Fill	2	50	3	109
52306	8	12	49.000	  82.000	  80.000	  50.225	  80.000	  42.225	AttR2	3	49	2	0
52306	8	13	50.000	  78.000	  84.000	  60.000	  67.000	  57.000	Fill	4	51	2	78
52306	8	14	57.000	  86.000	  76.000	  51.000	  56.000	  67.000	Fill	2	49	1	156
52306	8	15	61.000	  83.000	  79.000	  50.000	  60.000	  66.000	Fill	6	49	3	46
52306	8	16	50.000	  80.000	  80.000	  50.000	  42.000	  80.000	AttR1	6	50	2	0
52306	8	17	48.000	  79.000	  79.000	  48.000	  74.000	  44.962	AttRF2	5	49	2	16
52306	8	18	50.000	  80.000	  81.000	  49.383	  45.725	  75.000	AttRF1	3	49	2	15
52306	8	19	57.000	  86.000	  81.000	  50.000	  60.000	  68.000	Fill	1	49	1	0
52306	8	20	48.000	  79.000	  79.000	  48.000	  41.000	  79.000	AttR1	3	49	2	15
52306	8	21	48.000	  79.000	  79.000	  48.000	  79.000	  40.000	AttR2	4	49	3	16
52306	8	22	52.000	  82.000	  81.000	  52.642	  72.000	  52.642	AttF2	6	49	3	16
52306	8	23	50.000	  80.000	  81.000	  49.383	  76.000	  47.500	AttRF2	1	49	1	0
52306	8	24	61.000	  82.000	  80.000	  53.000	  58.000	  67.000	Fill	4	49	3	0
52306	8	25	49.000	  82.000	  80.000	  50.225	  76.000	  45.415	AttRF2	6	49	3	16
52306	8	26	52.000	  82.000	  81.000	  52.642	  52.000	  75.000	AttF1	6	49	3	31
52306	8	27	49.000	  82.000	  80.000	  50.225	  49.000	  75.000	AttF1	1	49	1	0
52306	8	28	49.000	  78.000	  77.000	  49.636	  77.000	  41.636	AttR2	1	49	1	16
52306	8	29	49.000	  78.000	  77.000	  49.636	  72.000	  45.231	AttRF2	6	49	3	16
52306	8	30	49.000	  78.000	  79.000	  48.380	  79.000	  41.380	AttR2	3	49	2	0
52306	8	31	50.000	  80.000	  80.000	  50.000	  46.875	  75.000	AttRF1	4	49	3	0
52306	8	32	60.000	  86.000	  78.000	  51.000	  62.000	  67.000	Fill	3	49	2	16
52306	8	33	59.000	  85.000	  80.000	  50.000	  60.000	  68.000	Fill	2	49	1	0
52306	8	34	50.000	  80.000	  78.000	  51.282	  50.000	  73.000	AttF1	5	49	2	0
52306	8	35	50.000	  80.000	  87.000	  59.000	  66.000	  58.000	Fill	1	49	1	0
52306	8	36	50.000	  80.000	  80.000	  50.000	  73.000	  50.000	AttF2	1	49	1	16
52306	8	37	49.000	  78.000	  79.000	  48.380	  45.318	  74.000	AttRF1	4	49	3	0
52306	8	38	49.000	  80.000	  79.000	  49.620	  74.000	  45.325	AttRF2	3	49	2	0
52306	8	39	50.000	  80.000	  81.000	  49.383	  73.000	  49.383	AttF2	3	49	2	16
52306	8	40	49.000	  78.000	  79.000	  48.380	  49.000	  69.000	AttF1	4	49	3	16
52306	8	41	49.000	  78.000	  77.000	  49.636	  49.000	  69.000	AttF1	4	49	3	31
52306	8	42	49.000	  80.000	  79.000	  49.620	  49.000	  72.000	AttF1	4	49	3	15
52306	8	43	50.000	  80.000	  81.000	  49.383	  50.000	  71.000	AttF1	3	49	2	16
52306	8	44	50.000	  80.000	  81.000	  49.383	  41.000	  80.000	AttR1	2	49	1	16
52306	8	45	50.000	  82.000	  84.000	  60.000	  68.000	  58.000	Fill	4	49	3	0
52306	8	46	61.000	  85.000	  80.000	  49.000	  59.000	  67.000	Fill	5	49	2	15
52306	8	47	50.000	  80.000	  80.000	  50.000	  76.000	  47.500	AttRF2	3	49	2	16
52306	8	48	61.000	  86.000	  81.000	  47.000	  60.000	  67.000	Fill	3	49	2	0
52306	8	49	52.000	  82.000	  81.000	  52.642	  81.000	  44.642	AttR2	4	49	3	0
52306	8	50	49.000	  80.000	  79.000	  49.620	  79.000	  40.620	AttR2	4	49	3	0
52306	8	51	52.000	  80.000	  79.000	  52.658	  52.000	  72.000	AttF1	2	49	1	16
52306	8	52	49.000	  82.000	  80.000	  50.225	  48.342	  77.000	AttRF1	5	49	2	0
52306	8	53	52.000	  80.000	  79.000	  52.658	  44.000	  80.000	AttR1	4	49	3	16
52306	8	54	52.000	  82.000	  81.000	  52.642	  77.000	  48.829	AttRF2	4	49	3	15
52306	8	55	48.000	  79.000	  79.000	  48.000	  44.962	  74.000	AttRF1	3	49	2	15
52306	8	56	49.000	  78.000	  77.000	  49.636	  69.000	  49.636	AttF2	4	49	3	0
52306	8	57	50.000	  80.000	  78.000	  51.282	  41.000	  80.000	AttR1	3	49	2	16
52306	8	58	50.000	  80.000	  81.000	  49.383	  81.000	  41.383	AttR2	5	49	2	0
52306	8	59	52.000	  82.000	  81.000	  52.642	  50.042	  77.000	AttRF1	4	49	3	16
52306	8	60	59.000	  84.000	  82.000	  49.000	  62.000	  68.000	Fill	5	49	2	16
52306	8	61	50.000	  80.000	  78.000	  51.282	  74.000	  46.250	AttRF2	2	49	1	31
52306	8	62	50.000	  80.000	  78.000	  51.282	  71.000	  51.282	AttF2	4	49	3	16
52306	8	63	51.000	  79.000	  85.000	  59.000	  68.000	  60.000	Fill	2	49	1	15
52306	8	64	49.000	  79.000	  84.000	  58.000	  68.000	  61.000	Fill	6	49	3	15
52306	8	65	49.000	  78.000	  77.000	  49.636	  41.000	  78.000	AttR1	4	49	3	0
52306	8	66	49.000	  80.000	  79.000	  49.620	  70.000	  49.620	AttF2	5	50	3	234
52306	8	67	49.000	  82.000	  80.000	  50.225	  40.000	  82.000	AttR1	3	49	2	265
52306	8	68	52.000	  82.000	  81.000	  52.642	  43.000	  82.000	AttR1	4	49	3	0
52306	8	69	60.000	  84.000	  80.000	  51.000	  60.000	  69.000	Fill	5	50	3	171
52306	8	70	49.000	  78.000	  77.000	  49.636	  47.058	  73.000	AttRF1	5	50	3	0
52306	8	71	50.000	  80.000	  86.000	  60.000	  67.000	  59.000	Fill	5	51	1	250
52306	8	72	50.000	  80.000	  78.000	  51.282	  78.000	  44.282	AttR2	3	51	3	31
52306	8	73	49.000	  82.000	  80.000	  50.225	  71.000	  50.225	AttF2	1	49	1	344
52306	8	74	52.000	  80.000	  79.000	  52.658	  74.000	  48.100	AttRF2	3	50	1	422
52306	8	75	52.000	  80.000	  79.000	  52.658	  50.659	  76.000	AttRF1	5	51	1	110
52306	8	76	49.000	  80.000	  79.000	  49.620	  47.108	  75.000	AttRF1	5	49	2	453
52306	8	77	49.000	  78.000	  79.000	  48.380	  42.000	  78.000	AttR1	1	49	1	15
52306	8	78	52.000	  80.000	  79.000	  52.658	  79.000	  43.658	AttR2	6	50	2	31
52306	8	79	48.000	  79.000	  79.000	  48.000	  70.000	  48.000	AttF2	6	51	1	390
52306	8	80	51.000	  77.000	  85.000	  60.000	  68.000	  61.000	Fill	5	51	1	15
52306	9	1	50.000	  78.000	  80.000	  48.750	  72.000	  48.750	AttF2	6	50	2	359
52306	9	2	53.000	  79.000	  84.000	  57.000	  68.000	  60.000	Fill	4	49	3	63
52306	9	3	50.000	  80.000	  81.000	  49.383	  74.000	  49.383	AttF2	4	49	3	0
52306	9	4	50.000	  78.000	  80.000	  48.750	  44.484	  73.000	AttRF1	4	49	3	16
52306	9	5	51.000	  77.000	  76.000	  51.671	  44.000	  77.000	AttR1	3	49	2	0
52306	9	6	60.000	  85.000	  82.000	  49.000	  60.000	  70.000	Fill	5	49	2	16
52306	9	7	49.000	  79.000	  87.000	  61.000	  68.000	  60.000	Fill	3	49	2	0
52306	9	8	50.000	  81.000	  79.000	  51.266	  50.000	  73.000	AttF1	2	49	1	0
52306	9	9	50.000	  81.000	  81.000	  50.000	  81.000	  43.000	AttR2	6	49	3	0
52306	9	10	49.000	  81.000	  82.000	  48.402	  49.000	  73.000	AttF1	2	49	1	16
52306	9	11	49.000	  81.000	  82.000	  48.402	  40.000	  81.000	AttR1	3	49	2	0
52306	9	12	53.000	  78.000	  76.000	  54.395	  53.000	  69.000	AttF1	3	49	2	16
52306	9	13	50.000	  83.000	  85.000	  48.824	  45.377	  79.000	AttRF1	5	49	2	16
52306	9	14	59.000	  86.000	  81.000	  53.000	  60.000	  68.000	Fill	3	49	2	16
52306	9	15	50.000	  81.000	  79.000	  51.266	  41.000	  81.000	AttR1	6	49	3	0
52306	9	16	58.000	  83.000	  79.000	  49.000	  58.000	  69.000	Fill	5	49	2	16
52306	9	17	48.000	  79.000	  78.000	  48.615	  74.000	  44.962	AttRF2	5	49	2	15
52306	9	18	49.000	  81.000	  82.000	  48.402	  73.000	  48.402	AttF2	2	49	1	0
52306	9	19	50.000	  81.000	  81.000	  50.000	  50.000	  73.000	AttF1	4	49	3	0
52306	9	20	50.000	  80.000	  83.000	  60.000	  70.000	  62.000	Fill	4	49	3	0
52306	9	21	50.000	  83.000	  85.000	  48.824	  76.000	  48.824	AttF2	3	49	2	15
52306	9	22	50.000	  81.000	  79.000	  51.266	  79.000	  42.266	AttR2	6	49	3	0
52306	9	23	48.000	  79.000	  78.000	  48.615	  48.000	  72.000	AttF1	3	49	2	15
52306	9	24	50.000	  81.000	  79.000	  51.266	  74.000	  45.679	AttRF2	3	49	2	16
52306	9	25	50.000	  80.000	  87.000	  59.000	  68.000	  59.000	Fill	4	49	3	16
52306	9	26	53.000	  78.000	  76.000	  54.395	  52.248	  73.000	AttRF1	2	49	1	0
52306	9	27	48.000	  79.000	  78.000	  48.615	  71.000	  48.615	AttF2	2	49	1	0
52306	9	28	48.000	  79.000	  78.000	  48.615	  40.000	  79.000	AttR1	5	49	2	16
52306	9	29	50.000	  81.000	  82.000	  49.390	  42.000	  81.000	AttR1	3	49	2	0
52306	9	30	50.000	  81.000	  79.000	  51.266	  72.000	  51.266	AttF2	2	49	1	0
52306	9	31	60.000	  82.000	  80.000	  51.000	  59.000	  68.000	Fill	1	49	1	0
52306	9	32	57.000	  87.000	  80.000	  51.000	  59.000	  70.000	Fill	3	49	2	16
52306	9	33	51.000	  77.000	  76.000	  51.671	  76.000	  42.671	AttR2	4	49	3	0
52306	9	34	50.000	  78.000	  86.000	  58.000	  67.000	  59.000	Fill	1	49	1	0
52306	9	35	53.000	  78.000	  76.000	  54.395	  44.000	  78.000	AttR1	3	49	2	0
52306	9	36	50.000	  78.000	  80.000	  48.750	  43.000	  78.000	AttR1	2	49	1	15
52306	9	37	50.000	  81.000	  82.000	  49.390	  46.379	  77.000	AttRF1	4	49	3	0
52306	9	38	50.000	  78.000	  80.000	  48.750	  75.000	  48.077	AttRF2	5	49	2	0
52306	9	39	50.000	  83.000	  85.000	  48.824	  85.000	  41.824	AttR2	1	49	1	15
52306	9	40	49.000	  81.000	  82.000	  48.402	  45.451	  77.000	AttRF1	5	49	2	0
52306	9	41	53.000	  78.000	  76.000	  54.395	  71.000	  48.244	AttRF2	5	49	2	0
52306	9	42	50.000	  81.000	  79.000	  51.266	  49.319	  76.000	AttRF1	4	49	3	0
52306	9	43	50.000	  80.000	  81.000	  49.383	  81.000	  42.383	AttR2	2	49	1	31
52306	9	44	61.000	  86.000	  81.000	  49.000	  58.000	  69.000	Fill	3	49	2	0
52306	9	45	50.000	  80.000	  81.000	  49.383	  43.000	  80.000	AttR1	1	49	1	0
52306	9	46	50.000	  81.000	  81.000	  50.000	  46.914	  76.000	AttRF1	6	49	3	16
52306	9	47	58.000	  82.000	  79.000	  49.000	  58.000	  70.000	Fill	5	49	2	0
52306	9	48	50.000	  81.000	  82.000	  49.390	  74.000	  49.390	AttF2	6	49	3	0
52306	9	49	51.000	  77.000	  76.000	  51.671	  48.952	  72.000	AttRF1	1	49	1	16
52306	9	50	50.000	  81.000	  82.000	  49.390	  82.000	  42.390	AttR2	6	49	3	16
52306	9	51	48.000	  79.000	  78.000	  48.615	  46.122	  74.000	AttRF1	3	49	2	0
52306	9	52	50.000	  81.000	  81.000	  50.000	  76.000	  46.914	AttRF2	2	49	1	0
52306	9	53	50.000	  78.000	  80.000	  48.750	  50.000	  70.000	AttF1	2	49	1	15
52306	9	54	49.000	  81.000	  85.000	  60.000	  67.000	  60.000	Fill	4	49	3	0
52306	9	55	50.000	  83.000	  85.000	  48.824	  50.000	  76.000	AttF1	3	49	2	0
52306	9	56	50.000	  83.000	  85.000	  48.824	  42.000	  83.000	AttR1	4	49	3	0
52306	9	57	51.000	  77.000	  76.000	  51.671	  68.000	  51.671	AttF2	3	49	2	15
52306	9	58	49.000	  81.000	  82.000	  48.402	  82.000	  40.402	AttR2	1	49	1	0
52306	9	59	51.000	  77.000	  76.000	  51.671	  51.000	  69.000	AttF1	5	49	2	0
52306	9	60	50.000	  80.000	  81.000	  49.383	  45.725	  75.000	AttRF1	1	49	1	0
52306	9	61	50.000	  80.000	  81.000	  49.383	  50.000	  71.000	AttF1	5	49	2	16
52306	9	62	50.000	  81.000	  86.000	  61.000	  69.000	  60.000	Fill	6	49	3	0
52306	9	63	50.000	  83.000	  85.000	  48.824	  81.000	  48.795	AttRF2	1	49	1	0
52306	9	64	49.000	  81.000	  82.000	  48.402	  78.000	  47.185	AttRF2	6	49	3	16
52306	9	65	50.000	  80.000	  81.000	  49.383	  76.000	  47.500	AttRF2	5	49	2	0
52306	9	66	50.000	  81.000	  82.000	  49.390	  78.000	  48.148	AttRF2	1	49	1	31
52306	9	67	48.000	  80.000	  87.000	  58.000	  69.000	  60.000	Fill	1	49	1	16
52306	9	68	50.000	  78.000	  80.000	  48.750	  80.000	  41.750	AttR2	6	49	3	15
52306	9	69	50.000	  82.000	  86.000	  60.000	  69.000	  59.000	Fill	2	49	1	0
52306	9	70	50.000	  81.000	  81.000	  50.000	  72.000	  50.000	AttF2	4	49	3	0
52306	9	71	50.000	  81.000	  82.000	  49.390	  50.000	  73.000	AttF1	1	49	1	0
52306	9	72	50.000	  81.000	  81.000	  50.000	  42.000	  81.000	AttR1	5	49	2	16
52306	9	73	53.000	  78.000	  76.000	  54.395	  68.000	  54.395	AttF2	5	49	2	0
52306	9	74	53.000	  78.000	  76.000	  54.395	  76.000	  45.395	AttR2	1	49	1	15
52306	9	75	48.000	  79.000	  78.000	  48.615	  78.000	  40.615	AttR2	4	49	3	0
52306	9	76	64.000	  86.000	  79.000	  49.000	  59.000	  69.000	Fill	4	49	3	16
52306	9	77	60.000	  86.000	  80.000	  51.000	  60.000	  68.000	Fill	4	49	3	0
52306	9	78	50.000	  81.000	  85.000	  59.000	  66.000	  57.000	Fill	4	49	3	16
52306	9	79	58.000	  88.000	  79.000	  50.000	  57.000	  69.000	Fill	2	49	1	0
52306	9	80	51.000	  77.000	  76.000	  51.671	  71.000	  47.026	AttRF2	5	49	2	16
