username: 52498, Experiment time (minutes): 33
Operating system: Windows Vista
Manufacturer: Google Windows
Player type: PlugIn
Version: WIN 10,3,183,5

username	blkNum	trlNum	Rect1Height	Rect1Width	Rect2Height	Rect2Width	Rect3Height	Rect3Width	Effect	StimPosition	rawResp	response	RT
52498	0	1	85	60	80	50	65	60	Fill	3	50	1	1651
52498	0	2	50	85	85	50	80	50	Att2	4	51	2	1472
52498	0	3	50	80	80	50	32	125	Com1	6	51	1	1485
52498	1	1	47.000	  81.000	  83.000	  45.867	  78.000	  45.259	AttRF2	6	51	1	2175
52498	1	2	52.000	  82.000	  85.000	  58.000	  68.000	  60.000	Fill	5	49	2	750
52498	1	3	60.000	  84.000	  80.000	  49.000	  60.000	  69.000	Fill	4	50	1	791
52498	1	4	50.000	  81.000	  82.000	  49.390	  50.000	  74.000	AttF1	6	51	1	841
52498	1	5	48.000	  80.000	  81.000	  47.407	  39.000	  80.000	AttR1	6	50	2	2263
52498	1	6	51.000	  80.000	  82.000	  49.756	  77.000	  49.087	AttRF2	6	50	2	2041
52498	1	7	55.000	  82.000	  83.000	  54.337	  83.000	  45.337	AttR2	4	50	1	2446
52498	1	8	47.000	  84.000	  86.000	  60.000	  68.000	  59.000	Fill	4	51	2	1183
52498	1	9	53.000	  84.000	  82.000	  54.293	  46.000	  84.000	AttR1	5	49	2	1309
52498	1	10	50.000	  81.000	  82.000	  49.390	  77.000	  47.531	AttRF2	2	49	1	910
52498	1	11	49.000	  80.000	  81.000	  48.395	  81.000	  40.395	AttR2	4	50	1	1486
52498	1	12	60.000	  84.000	  79.000	  50.000	  56.000	  69.000	Fill	6	51	1	969
52498	1	13	61.000	  85.000	  78.000	  48.000	  57.000	  67.000	Fill	6	51	1	768
52498	1	14	51.000	  78.000	  79.000	  50.354	  75.000	  49.038	AttRF2	1	49	1	1631
52498	1	15	49.000	  80.000	  81.000	  48.395	  45.408	  76.000	AttRF1	1	50	2	1437
52498	1	16	60.000	  86.000	  78.000	  48.000	  59.000	  66.000	Fill	3	50	1	712
52498	1	17	51.000	  78.000	  79.000	  50.354	  42.000	  78.000	AttR1	6	51	1	1123
52498	1	18	50.000	  82.000	  81.000	  50.617	  43.000	  82.000	AttR1	2	49	1	824
52498	1	19	59.000	  87.000	  80.000	  47.000	  58.000	  69.000	Fill	3	50	1	723
52498	1	20	50.000	  82.000	  81.000	  50.617	  81.000	  42.617	AttR2	1	49	1	772
52498	1	21	55.000	  82.000	  83.000	  54.337	  50.409	  77.000	AttRF1	4	50	1	1510
52498	1	22	57.000	  86.000	  82.000	  49.000	  59.000	  70.000	Fill	4	50	1	1073
52498	1	23	51.000	  80.000	  82.000	  49.756	  44.000	  80.000	AttR1	5	51	1	766
52498	1	24	59.000	  85.000	  80.000	  49.000	  60.000	  69.000	Fill	3	50	1	630
52498	1	25	54.000	  82.000	  80.000	  55.350	  47.000	  82.000	AttR1	5	49	2	1554
52498	1	26	50.000	  80.000	  85.000	  60.000	  69.000	  60.000	Fill	1	50	2	605
52498	1	27	48.000	  80.000	  81.000	  47.407	  48.000	  72.000	AttF1	5	49	2	1642
52498	1	28	51.000	  80.000	  82.000	  49.756	  46.115	  76.000	AttRF1	5	51	1	1039
52498	1	29	48.000	  80.000	  81.000	  47.407	  81.000	  39.407	AttR2	3	50	1	972
52498	1	30	47.000	  81.000	  83.000	  45.867	  40.000	  81.000	AttR1	3	50	1	920
52498	1	31	47.000	  81.000	  83.000	  45.867	  47.000	  73.000	AttF1	4	51	2	1320
52498	1	32	51.000	  78.000	  79.000	  50.354	  70.000	  50.354	AttF2	5	51	1	2136
52498	1	33	51.000	  78.000	  79.000	  50.354	  46.530	  73.000	AttRF1	1	50	2	2141
52498	1	34	49.000	  80.000	  81.000	  48.395	  76.000	  46.550	AttRF2	3	50	1	2199
52498	1	35	54.000	  82.000	  80.000	  55.350	  73.000	  55.350	AttF2	2	51	2	1053
52498	1	36	51.000	  78.000	  79.000	  50.354	  51.000	  71.000	AttF1	3	50	1	1356
52498	1	37	50.000	  81.000	  82.000	  49.390	  43.000	  81.000	AttR1	4	50	1	936
52498	1	38	51.000	  80.000	  82.000	  49.756	  51.000	  73.000	AttF1	2	49	1	2898
52498	1	39	48.000	  80.000	  81.000	  47.407	  77.000	  46.200	AttRF2	4	50	1	883
52498	1	40	58.000	  82.000	  77.000	  50.000	  60.000	  69.000	Fill	3	50	1	1090
52498	1	41	48.000	  80.000	  81.000	  47.407	  72.000	  47.407	AttF2	5	51	1	1134
52498	1	42	50.000	  82.000	  81.000	  50.617	  74.000	  50.617	AttF2	6	51	1	807
52498	1	43	50.000	  81.000	  82.000	  49.390	  82.000	  42.390	AttR2	5	51	1	3929
52498	1	44	50.000	  82.000	  81.000	  50.617	  76.000	  46.341	AttRF2	5	51	1	1018
52498	1	45	50.000	  81.000	  82.000	  49.390	  73.000	  49.390	AttF2	3	50	1	645
52498	1	46	55.000	  82.000	  83.000	  54.337	  46.000	  82.000	AttR1	5	51	1	909
52498	1	47	49.000	  80.000	  81.000	  48.395	  49.000	  71.000	AttF1	6	51	1	838
52498	1	48	51.000	  80.000	  82.000	  49.756	  82.000	  40.756	AttR2	3	49	2	993
52498	1	49	51.000	  78.000	  79.000	  50.354	  79.000	  42.354	AttR2	2	49	1	788
52498	1	50	49.000	  81.000	  85.000	  59.000	  68.000	  58.000	Fill	5	49	2	1169
52498	1	51	51.000	  79.000	  86.000	  62.000	  68.000	  59.000	Fill	2	51	2	622
52498	1	52	50.000	  78.000	  86.000	  59.000	  68.000	  60.000	Fill	1	50	2	617
52498	1	53	53.000	  84.000	  82.000	  54.293	  77.000	  48.583	AttRF2	4	50	1	927
52498	1	54	50.000	  81.000	  82.000	  49.390	  45.776	  76.000	AttRF1	5	51	1	673
52498	1	55	48.000	  80.000	  81.000	  47.407	  44.481	  76.000	AttRF1	4	50	1	2252
52498	1	56	52.000	  82.000	  84.000	  58.000	  70.000	  59.000	Fill	3	49	2	979
52498	1	57	53.000	  84.000	  82.000	  54.293	  53.000	  75.000	AttF1	3	50	1	1798
52498	1	58	50.000	  82.000	  81.000	  50.617	  48.743	  78.000	AttRF1	4	50	1	1077
52498	1	59	49.000	  80.000	  81.000	  48.395	  40.000	  80.000	AttR1	5	49	2	929
52498	1	60	54.000	  82.000	  80.000	  55.350	  53.966	  78.000	AttRF1	3	50	1	1156
52498	1	61	64.000	  84.000	  81.000	  50.000	  59.000	  68.000	Fill	2	49	1	765
52498	1	62	50.000	  82.000	  81.000	  50.617	  50.000	  74.000	AttF1	1	51	3	969
52498	1	63	55.000	  82.000	  83.000	  54.337	  55.000	  74.000	AttF1	3	50	1	725
52498	1	64	47.000	  81.000	  83.000	  45.867	  75.000	  45.867	AttF2	2	49	1	668
52498	1	65	51.000	  80.000	  82.000	  49.756	  73.000	  49.756	AttF2	2	49	1	1910
52498	1	66	50.000	  81.000	  85.000	  60.000	  68.000	  59.000	Fill	3	49	2	1270
52498	1	67	47.000	  81.000	  83.000	  45.867	  83.000	  36.867	AttR2	1	50	2	1071
52498	1	68	49.000	  80.000	  81.000	  48.395	  73.000	  48.395	AttF2	5	51	1	2678
52498	1	69	53.000	  84.000	  82.000	  54.293	  75.000	  54.293	AttF2	6	50	2	1196
52498	1	70	54.000	  82.000	  80.000	  55.350	  75.000	  49.390	AttRF2	4	50	1	1868
52498	1	71	58.000	  86.000	  79.000	  50.000	  57.000	  66.000	Fill	1	49	1	1551
52498	1	72	53.000	  84.000	  82.000	  54.293	  52.968	  80.000	AttRF1	6	51	1	1354
52498	1	73	54.000	  82.000	  80.000	  55.350	  54.000	  75.000	AttF1	5	51	1	1062
52498	1	74	53.000	  84.000	  82.000	  54.293	  82.000	  46.293	AttR2	1	49	1	3193
52498	1	75	47.000	  80.000	  87.000	  59.000	  69.000	  58.000	Fill	4	51	2	679
52498	1	76	54.000	  82.000	  80.000	  55.350	  80.000	  46.350	AttR2	4	50	1	1341
52498	1	77	47.000	  81.000	  83.000	  45.867	  41.999	  76.000	AttRF1	4	50	1	893
52498	1	78	48.000	  79.000	  84.000	  64.000	  68.000	  59.000	Fill	2	51	2	745
52498	1	79	55.000	  82.000	  83.000	  54.337	  76.000	  54.337	AttF2	6	50	2	1240
52498	1	80	55.000	  82.000	  83.000	  54.337	  79.000	  52.988	AttRF2	4	50	1	1842
52498	2	1	50.000	  80.000	  78.000	  51.282	  78.000	  44.282	AttR2	5	51	1	1582
52498	2	2	49.000	  82.000	  80.000	  50.225	  48.342	  77.000	AttRF1	4	50	1	852
52498	2	3	59.000	  84.000	  82.000	  49.000	  62.000	  68.000	Fill	5	51	1	968
52498	2	4	59.000	  85.000	  80.000	  50.000	  60.000	  68.000	Fill	3	50	1	525
52498	2	5	52.000	  80.000	  79.000	  52.658	  74.000	  48.100	AttRF2	2	51	2	1281
52498	2	6	49.000	  78.000	  85.000	  60.000	  69.000	  59.000	Fill	2	51	2	619
52498	2	7	51.000	  77.000	  85.000	  60.000	  68.000	  61.000	Fill	3	49	2	930
52498	2	8	50.000	  80.000	  78.000	  51.282	  71.000	  51.282	AttF2	2	51	2	739
52498	2	9	52.000	  80.000	  79.000	  52.658	  50.659	  76.000	AttRF1	4	51	2	1577
52498	2	10	49.000	  80.000	  79.000	  49.620	  74.000	  45.325	AttRF2	2	51	2	1316
52498	2	11	52.000	  82.000	  81.000	  52.642	  81.000	  44.642	AttR2	5	51	1	860
52498	2	12	49.000	  78.000	  77.000	  49.636	  69.000	  49.636	AttF2	2	49	1	829
52498	2	13	49.000	  78.000	  77.000	  49.636	  49.000	  69.000	AttF1	5	51	1	955
52498	2	14	49.000	  80.000	  79.000	  49.620	  79.000	  40.620	AttR2	4	50	1	636
52498	2	15	51.000	  79.000	  85.000	  59.000	  68.000	  60.000	Fill	3	49	2	812
52498	2	16	48.000	  79.000	  79.000	  48.000	  70.000	  48.000	AttF2	5	51	1	749
52498	2	17	52.000	  80.000	  79.000	  52.658	  44.000	  80.000	AttR1	6	51	1	1265
52498	2	18	50.000	  80.000	  86.000	  60.000	  67.000	  59.000	Fill	5	49	2	609
52498	2	19	50.000	  80.000	  80.000	  50.000	  42.000	  80.000	AttR1	5	49	2	1276
52498	2	20	50.000	  80.000	  78.000	  51.282	  50.000	  73.000	AttF1	5	51	1	821
52498	2	21	50.000	  80.000	  80.000	  50.000	  73.000	  50.000	AttF2	5	51	1	696
52498	2	22	48.000	  79.000	  79.000	  48.000	  74.000	  44.962	AttRF2	3	49	2	1463
52498	2	23	50.000	  80.000	  81.000	  49.383	  41.000	  80.000	AttR1	2	49	1	800
52498	2	24	48.000	  79.000	  79.000	  48.000	  79.000	  40.000	AttR2	3	50	1	643
52498	2	25	48.000	  79.000	  79.000	  48.000	  44.962	  74.000	AttRF1	3	49	2	3204
52498	2	26	48.000	  79.000	  79.000	  48.000	  41.000	  79.000	AttR1	2	49	1	2472
52498	2	27	48.000	  79.000	  79.000	  48.000	  48.000	  72.000	AttF1	3	50	1	1203
52498	2	28	61.000	  82.000	  80.000	  53.000	  58.000	  67.000	Fill	6	51	1	850
52498	2	29	50.000	  80.000	  81.000	  49.383	  50.000	  71.000	AttF1	5	51	1	1280
52498	2	30	49.000	  82.000	  80.000	  50.225	  80.000	  42.225	AttR2	4	50	1	725
52498	2	31	49.000	  78.000	  79.000	  48.380	  49.000	  69.000	AttF1	3	50	1	1078
52498	2	32	60.000	  86.000	  78.000	  51.000	  62.000	  67.000	Fill	2	49	1	652
52498	2	33	49.000	  82.000	  80.000	  50.225	  76.000	  45.415	AttRF2	6	51	1	904
52498	2	34	49.000	  80.000	  79.000	  49.620	  70.000	  49.620	AttF2	3	49	2	1226
52498	2	35	51.000	  82.000	  84.000	  60.000	  69.000	  60.000	Fill	3	49	2	1029
52498	2	36	50.000	  80.000	  81.000	  49.383	  45.725	  75.000	AttRF1	5	51	1	735
52498	2	37	50.000	  80.000	  80.000	  50.000	  50.000	  71.000	AttF1	2	49	1	936
52498	2	38	49.000	  83.000	  85.000	  60.000	  70.000	  59.000	Fill	5	49	2	658
52498	2	39	50.000	  80.000	  87.000	  59.000	  66.000	  58.000	Fill	4	51	2	751
52498	2	40	49.000	  80.000	  79.000	  49.620	  41.000	  80.000	AttR1	4	50	1	726
52498	2	41	50.000	  80.000	  81.000	  49.383	  76.000	  47.500	AttRF2	6	51	1	1363
52498	2	42	49.000	  82.000	  80.000	  50.225	  71.000	  50.225	AttF2	3	49	2	1362
52498	2	43	52.000	  80.000	  79.000	  52.658	  52.000	  72.000	AttF1	1	49	1	987
52498	2	44	49.000	  78.000	  79.000	  48.380	  70.000	  48.380	AttF2	5	51	1	765
52498	2	45	61.000	  86.000	  81.000	  47.000	  60.000	  67.000	Fill	4	50	1	598
52498	2	46	49.000	  78.000	  79.000	  48.380	  42.000	  78.000	AttR1	2	49	1	1053
52498	2	47	61.000	  83.000	  79.000	  50.000	  60.000	  66.000	Fill	3	50	1	652
52498	2	48	49.000	  78.000	  77.000	  49.636	  72.000	  45.231	AttRF2	1	49	1	2097
52498	2	49	57.000	  86.000	  81.000	  50.000	  60.000	  68.000	Fill	3	50	1	536
52498	2	50	49.000	  80.000	  79.000	  49.620	  49.000	  72.000	AttF1	5	51	1	1005
52498	2	51	49.000	  78.000	  77.000	  49.636	  47.058	  73.000	AttRF1	4	50	1	511
52498	2	52	60.000	  84.000	  80.000	  51.000	  60.000	  69.000	Fill	1	49	1	699
52498	2	53	50.000	  80.000	  78.000	  51.282	  41.000	  80.000	AttR1	5	51	1	812
52498	2	54	52.000	  82.000	  81.000	  52.642	  77.000	  48.829	AttRF2	2	49	1	803
52498	2	55	50.000	  80.000	  80.000	  50.000	  76.000	  47.500	AttRF2	3	50	1	983
52498	2	56	50.000	  80.000	  81.000	  49.383	  81.000	  41.383	AttR2	2	51	2	1100
52498	2	57	49.000	  78.000	  79.000	  48.380	  79.000	  41.380	AttR2	2	51	2	1628
52498	2	58	52.000	  82.000	  81.000	  52.642	  50.042	  77.000	AttRF1	3	50	1	842
52498	2	59	52.000	  80.000	  79.000	  52.658	  79.000	  43.658	AttR2	6	50	2	525
52498	2	60	52.000	  82.000	  81.000	  52.642	  72.000	  52.642	AttF2	5	49	2	1034
52498	2	61	49.000	  82.000	  80.000	  50.225	  40.000	  82.000	AttR1	6	51	1	762
52498	2	62	49.000	  78.000	  77.000	  49.636	  77.000	  41.636	AttR2	5	51	1	757
52498	2	63	50.000	  80.000	  80.000	  50.000	  46.875	  75.000	AttRF1	1	49	1	751
52498	2	64	50.000	  78.000	  84.000	  60.000	  67.000	  57.000	Fill	4	51	2	878
52498	2	65	49.000	  80.000	  79.000	  49.620	  47.108	  75.000	AttRF1	5	51	1	1133
52498	2	66	49.000	  82.000	  80.000	  50.225	  49.000	  75.000	AttF1	5	51	1	860
52498	2	67	49.000	  79.000	  84.000	  58.000	  68.000	  61.000	Fill	3	49	2	670
52498	2	68	50.000	  80.000	  80.000	  50.000	  80.000	  41.000	AttR2	1	49	1	873
52498	2	69	50.000	  80.000	  78.000	  51.282	  74.000	  46.250	AttRF2	3	50	1	661
52498	2	70	52.000	  82.000	  81.000	  52.642	  52.000	  75.000	AttF1	2	49	1	994
52498	2	71	50.000	  80.000	  81.000	  49.383	  73.000	  49.383	AttF2	2	49	1	884
52498	2	72	50.000	  82.000	  84.000	  60.000	  68.000	  58.000	Fill	2	51	2	653
52498	2	73	61.000	  85.000	  80.000	  49.000	  59.000	  67.000	Fill	2	49	1	561
52498	2	74	49.000	  78.000	  79.000	  48.380	  75.000	  47.115	AttRF2	5	51	1	852
52498	2	75	57.000	  86.000	  76.000	  51.000	  56.000	  67.000	Fill	2	49	1	670
52498	2	76	52.000	  82.000	  81.000	  52.642	  43.000	  82.000	AttR1	5	51	1	755
52498	2	77	49.000	  78.000	  79.000	  48.380	  45.318	  74.000	AttRF1	3	49	2	1337
52498	2	78	52.000	  80.000	  79.000	  52.658	  70.000	  52.658	AttF2	3	50	1	574
52498	2	79	50.000	  80.000	  78.000	  51.282	  49.967	  76.000	AttRF1	5	51	1	772
52498	2	80	49.000	  78.000	  77.000	  49.636	  41.000	  78.000	AttR1	6	51	1	1053
52498	3	1	50.000	  80.000	  81.000	  49.383	  76.000	  47.500	AttRF2	3	49	2	1766
52498	3	2	50.000	  83.000	  85.000	  48.824	  76.000	  48.824	AttF2	6	51	1	605
52498	3	3	58.000	  88.000	  79.000	  50.000	  57.000	  69.000	Fill	5	51	1	493
52498	3	4	50.000	  81.000	  79.000	  51.266	  74.000	  45.679	AttRF2	5	49	2	751
52498	3	5	50.000	  81.000	  81.000	  50.000	  81.000	  43.000	AttR2	2	51	2	449
52498	3	6	50.000	  81.000	  79.000	  51.266	  72.000	  51.266	AttF2	4	50	1	625
52498	3	7	50.000	  83.000	  85.000	  48.824	  85.000	  41.824	AttR2	2	49	1	592
52498	3	8	51.000	  77.000	  76.000	  51.671	  48.952	  72.000	AttRF1	4	50	1	908
52498	3	9	50.000	  82.000	  86.000	  60.000	  69.000	  59.000	Fill	5	49	2	510
52498	3	10	50.000	  80.000	  81.000	  49.383	  50.000	  71.000	AttF1	1	50	2	687
52498	3	11	50.000	  81.000	  81.000	  50.000	  46.914	  76.000	AttRF1	6	50	2	477
52498	3	12	51.000	  77.000	  76.000	  51.671	  51.000	  69.000	AttF1	2	51	2	474
52498	3	13	48.000	  79.000	  78.000	  48.615	  71.000	  48.615	AttF2	1	50	2	705
52498	3	14	53.000	  78.000	  76.000	  54.395	  71.000	  48.244	AttRF2	5	51	1	860
52498	3	15	50.000	  80.000	  83.000	  60.000	  70.000	  62.000	Fill	1	51	3	912
52498	3	16	53.000	  78.000	  76.000	  54.395	  68.000	  54.395	AttF2	2	51	2	651
52498	3	17	49.000	  79.000	  87.000	  61.000	  68.000	  60.000	Fill	5	49	2	604
52498	3	18	60.000	  85.000	  82.000	  49.000	  60.000	  70.000	Fill	1	49	1	666
52498	3	19	50.000	  83.000	  85.000	  48.824	  45.377	  79.000	AttRF1	5	51	1	602
52498	3	20	50.000	  78.000	  80.000	  48.750	  44.484	  73.000	AttRF1	4	51	2	793
52498	3	21	50.000	  81.000	  79.000	  51.266	  50.000	  73.000	AttF1	4	50	1	936
52498	3	22	53.000	  78.000	  76.000	  54.395	  52.248	  73.000	AttRF1	4	50	1	530
52498	3	23	53.000	  79.000	  84.000	  57.000	  68.000	  60.000	Fill	5	49	2	926
52498	3	24	50.000	  83.000	  85.000	  48.824	  42.000	  83.000	AttR1	2	49	1	734
52498	3	25	58.000	  83.000	  79.000	  49.000	  58.000	  69.000	Fill	4	50	1	624
52498	3	26	50.000	  80.000	  81.000	  49.383	  43.000	  80.000	AttR1	3	50	1	717
52498	3	27	50.000	  81.000	  86.000	  61.000	  69.000	  60.000	Fill	2	51	2	608
52498	3	28	60.000	  86.000	  80.000	  51.000	  60.000	  68.000	Fill	5	51	1	710
52498	3	29	50.000	  78.000	  80.000	  48.750	  50.000	  70.000	AttF1	5	51	1	1009
52498	3	30	50.000	  78.000	  80.000	  48.750	  75.000	  48.077	AttRF2	2	49	1	1497
52498	3	31	50.000	  83.000	  85.000	  48.824	  81.000	  48.795	AttRF2	5	50	3	1474
52498	3	32	50.000	  81.000	  79.000	  51.266	  79.000	  42.266	AttR2	2	49	1	773
52498	3	33	49.000	  81.000	  82.000	  48.402	  78.000	  47.185	AttRF2	6	50	2	685
52498	3	34	50.000	  81.000	  85.000	  59.000	  66.000	  57.000	Fill	1	50	2	556
52498	3	35	51.000	  77.000	  76.000	  51.671	  71.000	  47.026	AttRF2	4	50	1	787
52498	3	36	61.000	  86.000	  81.000	  49.000	  58.000	  69.000	Fill	3	50	1	669
52498	3	37	50.000	  81.000	  82.000	  49.390	  50.000	  73.000	AttF1	1	49	1	1335
52498	3	38	60.000	  82.000	  80.000	  51.000	  59.000	  68.000	Fill	6	51	1	2384
52498	3	39	50.000	  80.000	  81.000	  49.383	  45.725	  75.000	AttRF1	5	49	2	1131
52498	3	40	48.000	  79.000	  78.000	  48.615	  48.000	  72.000	AttF1	1	50	2	1664
52498	3	41	49.000	  81.000	  85.000	  60.000	  67.000	  60.000	Fill	1	50	2	727
52498	3	42	50.000	  78.000	  80.000	  48.750	  43.000	  78.000	AttR1	1	49	1	894
52498	3	43	50.000	  81.000	  81.000	  50.000	  72.000	  50.000	AttF2	3	49	2	1605
52498	3	44	50.000	  81.000	  79.000	  51.266	  49.319	  76.000	AttRF1	2	51	2	693
52498	3	45	53.000	  78.000	  76.000	  54.395	  76.000	  45.395	AttR2	6	50	2	882
52498	3	46	50.000	  81.000	  82.000	  49.390	  74.000	  49.390	AttF2	5	51	1	795
52498	3	47	50.000	  80.000	  81.000	  49.383	  81.000	  42.383	AttR2	2	49	1	706
52498	3	48	51.000	  77.000	  76.000	  51.671	  76.000	  42.671	AttR2	4	50	1	623
52498	3	49	64.000	  86.000	  79.000	  49.000	  59.000	  69.000	Fill	4	50	1	689
52498	3	50	49.000	  81.000	  82.000	  48.402	  73.000	  48.402	AttF2	5	51	1	832
52498	3	51	50.000	  81.000	  81.000	  50.000	  42.000	  81.000	AttR1	2	49	1	835
52498	3	52	50.000	  83.000	  85.000	  48.824	  50.000	  76.000	AttF1	2	49	1	1576
52498	3	53	50.000	  81.000	  82.000	  49.390	  82.000	  42.390	AttR2	5	51	1	618
52498	3	54	50.000	  78.000	  80.000	  48.750	  80.000	  41.750	AttR2	2	51	2	1271
52498	3	55	48.000	  80.000	  87.000	  58.000	  69.000	  60.000	Fill	6	50	2	738
52498	3	56	48.000	  79.000	  78.000	  48.615	  78.000	  40.615	AttR2	1	49	1	1674
52498	3	57	51.000	  77.000	  76.000	  51.671	  44.000	  77.000	AttR1	5	51	1	819
52498	3	58	50.000	  80.000	  81.000	  49.383	  74.000	  49.383	AttF2	4	50	1	572
52498	3	59	49.000	  81.000	  82.000	  48.402	  45.451	  77.000	AttRF1	2	49	1	751
52498	3	60	50.000	  81.000	  82.000	  49.390	  78.000	  48.148	AttRF2	5	51	1	707
52498	3	61	59.000	  86.000	  81.000	  53.000	  60.000	  68.000	Fill	5	51	1	747
52498	3	62	48.000	  79.000	  78.000	  48.615	  46.122	  74.000	AttRF1	3	50	1	917
52498	3	63	58.000	  82.000	  79.000	  49.000	  58.000	  70.000	Fill	5	51	1	667
52498	3	64	49.000	  81.000	  82.000	  48.402	  40.000	  81.000	AttR1	5	49	2	1170
52498	3	65	50.000	  81.000	  81.000	  50.000	  50.000	  73.000	AttF1	5	51	1	706
52498	3	66	50.000	  81.000	  82.000	  49.390	  42.000	  81.000	AttR1	5	51	1	678
52498	3	67	53.000	  78.000	  76.000	  54.395	  53.000	  69.000	AttF1	3	50	1	544
52498	3	68	50.000	  81.000	  82.000	  49.390	  46.379	  77.000	AttRF1	2	49	1	727
52498	3	69	57.000	  87.000	  80.000	  51.000	  59.000	  70.000	Fill	4	50	1	595
52498	3	70	50.000	  78.000	  80.000	  48.750	  72.000	  48.750	AttF2	3	50	1	1346
52498	3	71	50.000	  78.000	  86.000	  58.000	  67.000	  59.000	Fill	6	50	2	458
52498	3	72	49.000	  81.000	  82.000	  48.402	  82.000	  40.402	AttR2	3	49	2	952
52498	3	73	50.000	  81.000	  79.000	  51.266	  41.000	  81.000	AttR1	5	51	1	1334
52498	3	74	50.000	  81.000	  81.000	  50.000	  76.000	  46.914	AttRF2	2	51	2	2145
52498	3	75	49.000	  81.000	  82.000	  48.402	  49.000	  73.000	AttF1	3	50	1	781
52498	3	76	48.000	  79.000	  78.000	  48.615	  74.000	  44.962	AttRF2	4	50	1	1456
52498	3	77	48.000	  79.000	  78.000	  48.615	  40.000	  79.000	AttR1	5	51	1	777
52498	3	78	50.000	  80.000	  87.000	  59.000	  68.000	  59.000	Fill	5	49	2	986
52498	3	79	53.000	  78.000	  76.000	  54.395	  44.000	  78.000	AttR1	3	50	1	1314
52498	3	80	51.000	  77.000	  76.000	  51.671	  68.000	  51.671	AttF2	5	51	1	2706
52498	4	1	54.000	  82.000	  80.000	  55.350	  47.000	  82.000	AttR1	5	49	2	914
52498	4	2	58.000	  82.000	  77.000	  50.000	  60.000	  69.000	Fill	3	50	1	579
52498	4	3	55.000	  82.000	  83.000	  54.337	  46.000	  82.000	AttR1	6	51	1	901
52498	4	4	47.000	  81.000	  83.000	  45.867	  75.000	  45.867	AttF2	1	49	1	1081
52498	4	5	51.000	  78.000	  79.000	  50.354	  75.000	  49.038	AttRF2	2	51	2	783
52498	4	6	55.000	  82.000	  83.000	  54.337	  83.000	  45.337	AttR2	3	49	2	653
52498	4	7	51.000	  80.000	  82.000	  49.756	  51.000	  73.000	AttF1	4	50	1	631
52498	4	8	47.000	  81.000	  83.000	  45.867	  83.000	  36.867	AttR2	3	50	1	732
52498	4	9	47.000	  80.000	  87.000	  59.000	  69.000	  58.000	Fill	1	50	2	523
52498	4	10	51.000	  78.000	  79.000	  50.354	  42.000	  78.000	AttR1	6	51	1	985
52498	4	11	49.000	  80.000	  81.000	  48.395	  45.408	  76.000	AttRF1	3	50	1	658
52498	4	12	51.000	  80.000	  82.000	  49.756	  44.000	  80.000	AttR1	3	50	1	587
52498	4	13	50.000	  81.000	  82.000	  49.390	  43.000	  81.000	AttR1	2	49	1	619
52498	4	14	49.000	  80.000	  81.000	  48.395	  40.000	  80.000	AttR1	3	50	1	841
52498	4	15	54.000	  82.000	  80.000	  55.350	  54.000	  75.000	AttF1	6	50	2	585
52498	4	16	50.000	  82.000	  81.000	  50.617	  81.000	  42.617	AttR2	5	51	1	560
52498	4	17	64.000	  84.000	  81.000	  50.000	  59.000	  68.000	Fill	2	49	1	658
52498	4	18	54.000	  82.000	  80.000	  55.350	  75.000	  49.390	AttRF2	5	51	1	498
52498	4	19	47.000	  84.000	  86.000	  60.000	  68.000	  59.000	Fill	2	49	1	1082
52498	4	20	55.000	  82.000	  83.000	  54.337	  79.000	  52.988	AttRF2	2	49	1	599
52498	4	21	48.000	  80.000	  81.000	  47.407	  44.481	  76.000	AttRF1	3	50	1	761
52498	4	22	49.000	  80.000	  81.000	  48.395	  76.000	  46.550	AttRF2	4	50	1	592
52498	4	23	51.000	  78.000	  79.000	  50.354	  70.000	  50.354	AttF2	4	50	1	692
52498	4	24	48.000	  80.000	  81.000	  47.407	  81.000	  39.407	AttR2	1	49	1	680
52498	4	25	48.000	  80.000	  81.000	  47.407	  39.000	  80.000	AttR1	3	50	1	607
52498	4	26	53.000	  84.000	  82.000	  54.293	  46.000	  84.000	AttR1	2	49	1	639
52498	4	27	49.000	  80.000	  81.000	  48.395	  73.000	  48.395	AttF2	3	50	1	537
52498	4	28	61.000	  85.000	  78.000	  48.000	  57.000	  67.000	Fill	5	51	1	585
52498	4	29	53.000	  84.000	  82.000	  54.293	  53.000	  75.000	AttF1	6	51	1	902
52498	4	30	52.000	  82.000	  85.000	  58.000	  68.000	  60.000	Fill	2	51	2	745
52498	4	31	49.000	  80.000	  81.000	  48.395	  81.000	  40.395	AttR2	2	49	1	568
52498	4	32	47.000	  81.000	  83.000	  45.867	  47.000	  73.000	AttF1	6	51	1	855
52498	4	33	48.000	  80.000	  81.000	  47.407	  77.000	  46.200	AttRF2	1	49	1	601
52498	4	34	50.000	  82.000	  81.000	  50.617	  76.000	  46.341	AttRF2	5	51	1	1915
52498	4	35	54.000	  82.000	  80.000	  55.350	  53.966	  78.000	AttRF1	6	50	2	578
52498	4	36	51.000	  80.000	  82.000	  49.756	  82.000	  40.756	AttR2	1	49	1	1008
52498	4	37	55.000	  82.000	  83.000	  54.337	  55.000	  74.000	AttF1	5	51	1	780
52498	4	38	55.000	  82.000	  83.000	  54.337	  50.409	  77.000	AttRF1	4	50	1	950
52498	4	39	50.000	  81.000	  82.000	  49.390	  77.000	  47.531	AttRF2	3	50	1	863
52498	4	40	50.000	  80.000	  85.000	  60.000	  69.000	  60.000	Fill	1	50	2	536
52498	4	41	47.000	  81.000	  83.000	  45.867	  78.000	  45.259	AttRF2	4	51	2	1161
52498	4	42	50.000	  81.000	  82.000	  49.390	  50.000	  74.000	AttF1	3	50	1	706
52498	4	43	51.000	  78.000	  79.000	  50.354	  51.000	  71.000	AttF1	4	51	2	1665
52498	4	44	50.000	  82.000	  81.000	  50.617	  48.743	  78.000	AttRF1	2	49	1	761
52498	4	45	51.000	  80.000	  82.000	  49.756	  73.000	  49.756	AttF2	5	51	1	824
52498	4	46	50.000	  81.000	  82.000	  49.390	  73.000	  49.390	AttF2	5	51	1	766
52498	4	47	51.000	  79.000	  86.000	  62.000	  68.000	  59.000	Fill	5	49	2	1018
52498	4	48	57.000	  86.000	  82.000	  49.000	  59.000	  70.000	Fill	6	51	1	660
52498	4	49	51.000	  78.000	  79.000	  50.354	  46.530	  73.000	AttRF1	1	49	1	1251
52498	4	50	53.000	  84.000	  82.000	  54.293	  77.000	  48.583	AttRF2	4	50	1	585
52498	4	51	51.000	  80.000	  82.000	  49.756	  77.000	  49.087	AttRF2	4	50	1	758
52498	4	52	47.000	  81.000	  83.000	  45.867	  41.999	  76.000	AttRF1	2	49	1	645
52498	4	53	49.000	  81.000	  85.000	  59.000	  68.000	  58.000	Fill	2	51	2	708
52498	4	54	60.000	  86.000	  78.000	  48.000	  59.000	  66.000	Fill	2	49	1	593
52498	4	55	50.000	  82.000	  81.000	  50.617	  74.000	  50.617	AttF2	5	51	1	682
52498	4	56	49.000	  80.000	  81.000	  48.395	  49.000	  71.000	AttF1	4	50	1	1039
52498	4	57	51.000	  80.000	  82.000	  49.756	  46.115	  76.000	AttRF1	5	51	1	659
52498	4	58	60.000	  84.000	  79.000	  50.000	  56.000	  69.000	Fill	2	49	1	512
52498	4	59	60.000	  84.000	  80.000	  49.000	  60.000	  69.000	Fill	5	51	1	606
52498	4	60	48.000	  80.000	  81.000	  47.407	  72.000	  47.407	AttF2	4	50	1	521
52498	4	61	50.000	  82.000	  81.000	  50.617	  50.000	  74.000	AttF1	4	50	1	652
52498	4	62	54.000	  82.000	  80.000	  55.350	  80.000	  46.350	AttR2	2	49	1	604
52498	4	63	50.000	  81.000	  82.000	  49.390	  82.000	  42.390	AttR2	3	50	1	813
52498	4	64	55.000	  82.000	  83.000	  54.337	  76.000	  54.337	AttF2	2	49	1	725
52498	4	65	51.000	  78.000	  79.000	  50.354	  79.000	  42.354	AttR2	1	49	1	891
52498	4	66	53.000	  84.000	  82.000	  54.293	  82.000	  46.293	AttR2	5	51	1	611
52498	4	67	54.000	  82.000	  80.000	  55.350	  73.000	  55.350	AttF2	4	50	1	801
52498	4	68	59.000	  85.000	  80.000	  49.000	  60.000	  69.000	Fill	3	50	1	512
52498	4	69	47.000	  81.000	  83.000	  45.867	  40.000	  81.000	AttR1	6	51	1	576
52498	4	70	53.000	  84.000	  82.000	  54.293	  75.000	  54.293	AttF2	5	49	2	1035
52498	4	71	48.000	  80.000	  81.000	  47.407	  48.000	  72.000	AttF1	3	50	1	627
52498	4	72	58.000	  86.000	  79.000	  50.000	  57.000	  66.000	Fill	2	49	1	619
52498	4	73	50.000	  81.000	  82.000	  49.390	  45.776	  76.000	AttRF1	4	50	1	617
52498	4	74	53.000	  84.000	  82.000	  54.293	  52.968	  80.000	AttRF1	3	50	1	588
52498	4	75	50.000	  78.000	  86.000	  59.000	  68.000	  60.000	Fill	6	50	2	568
52498	4	76	50.000	  82.000	  81.000	  50.617	  43.000	  82.000	AttR1	4	50	1	1154
52498	4	77	50.000	  81.000	  85.000	  60.000	  68.000	  59.000	Fill	1	50	2	605
52498	4	78	52.000	  82.000	  84.000	  58.000	  70.000	  59.000	Fill	2	51	2	662
52498	4	79	48.000	  79.000	  84.000	  64.000	  68.000	  59.000	Fill	5	49	2	843
52498	4	80	59.000	  87.000	  80.000	  47.000	  58.000	  69.000	Fill	4	50	1	493
52498	5	1	50.000	  80.000	  80.000	  50.000	  76.000	  47.500	AttRF2	2	49	1	1053
52498	5	2	50.000	  80.000	  87.000	  59.000	  66.000	  58.000	Fill	2	51	2	649
52498	5	3	49.000	  78.000	  77.000	  49.636	  41.000	  78.000	AttR1	4	50	1	694
52498	5	4	49.000	  82.000	  80.000	  50.225	  48.342	  77.000	AttRF1	3	50	1	862
52498	5	5	49.000	  78.000	  85.000	  60.000	  69.000	  59.000	Fill	5	49	2	525
52498	5	6	50.000	  82.000	  84.000	  60.000	  68.000	  58.000	Fill	4	51	2	553
52498	5	7	52.000	  82.000	  81.000	  52.642	  52.000	  75.000	AttF1	4	50	1	836
52498	5	8	52.000	  82.000	  81.000	  52.642	  77.000	  48.829	AttRF2	2	49	1	900
52498	5	9	49.000	  78.000	  77.000	  49.636	  49.000	  69.000	AttF1	4	51	2	603
52498	5	10	49.000	  80.000	  79.000	  49.620	  49.000	  72.000	AttF1	5	51	1	904
52498	5	11	50.000	  80.000	  78.000	  51.282	  49.967	  76.000	AttRF1	2	49	1	543
52498	5	12	61.000	  83.000	  79.000	  50.000	  60.000	  66.000	Fill	3	50	1	435
52498	5	13	50.000	  80.000	  78.000	  51.282	  50.000	  73.000	AttF1	5	51	1	753
52498	5	14	59.000	  84.000	  82.000	  49.000	  62.000	  68.000	Fill	1	49	1	646
52498	5	15	49.000	  78.000	  79.000	  48.380	  70.000	  48.380	AttF2	2	49	1	692
52498	5	16	52.000	  82.000	  81.000	  52.642	  43.000	  82.000	AttR1	5	51	1	737
52498	5	17	49.000	  79.000	  84.000	  58.000	  68.000	  61.000	Fill	2	51	2	987
52498	5	18	49.000	  82.000	  80.000	  50.225	  76.000	  45.415	AttRF2	5	51	1	665
52498	5	19	49.000	  78.000	  77.000	  49.636	  69.000	  49.636	AttF2	5	49	2	642
52498	5	20	49.000	  80.000	  79.000	  49.620	  47.108	  75.000	AttRF1	3	49	2	556
52498	5	21	50.000	  80.000	  86.000	  60.000	  67.000	  59.000	Fill	4	51	2	672
52498	5	22	49.000	  78.000	  79.000	  48.380	  49.000	  69.000	AttF1	2	49	1	938
52498	5	23	51.000	  77.000	  85.000	  60.000	  68.000	  61.000	Fill	2	51	2	609
52498	5	24	51.000	  82.000	  84.000	  60.000	  69.000	  60.000	Fill	5	49	2	641
52498	5	25	50.000	  80.000	  80.000	  50.000	  42.000	  80.000	AttR1	1	49	1	1400
52498	5	26	61.000	  82.000	  80.000	  53.000	  58.000	  67.000	Fill	3	50	1	803
52498	5	27	49.000	  80.000	  79.000	  49.620	  74.000	  45.325	AttRF2	5	51	1	998
52498	5	28	60.000	  86.000	  78.000	  51.000	  62.000	  67.000	Fill	2	49	1	1453
52498	5	29	49.000	  83.000	  85.000	  60.000	  70.000	  59.000	Fill	4	51	2	1338
52498	5	30	59.000	  85.000	  80.000	  50.000	  60.000	  68.000	Fill	1	49	1	1130
52498	5	31	49.000	  82.000	  80.000	  50.225	  71.000	  50.225	AttF2	2	49	1	1768
52498	5	32	52.000	  82.000	  81.000	  52.642	  50.042	  77.000	AttRF1	2	49	1	2626
52498	5	33	48.000	  79.000	  79.000	  48.000	  41.000	  79.000	AttR1	2	49	1	774
52498	5	34	52.000	  80.000	  79.000	  52.658	  52.000	  72.000	AttF1	3	50	1	791
52498	5	35	50.000	  80.000	  81.000	  49.383	  41.000	  80.000	AttR1	6	51	1	939
52498	5	36	49.000	  78.000	  77.000	  49.636	  72.000	  45.231	AttRF2	4	50	1	739
52498	5	37	57.000	  86.000	  81.000	  50.000	  60.000	  68.000	Fill	5	51	1	1105
52498	5	38	50.000	  80.000	  81.000	  49.383	  73.000	  49.383	AttF2	6	50	2	1260
52498	5	39	50.000	  80.000	  80.000	  50.000	  73.000	  50.000	AttF2	5	49	2	858
52498	5	40	49.000	  78.000	  79.000	  48.380	  45.318	  74.000	AttRF1	5	51	1	1181
52498	5	41	50.000	  80.000	  81.000	  49.383	  81.000	  41.383	AttR2	3	49	2	2176
52498	5	42	51.000	  79.000	  85.000	  59.000	  68.000	  60.000	Fill	2	51	2	839
52498	5	43	52.000	  80.000	  79.000	  52.658	  44.000	  80.000	AttR1	2	49	1	1137
52498	5	44	52.000	  80.000	  79.000	  52.658	  70.000	  52.658	AttF2	3	50	1	915
52498	5	45	52.000	  80.000	  79.000	  52.658	  50.659	  76.000	AttRF1	2	49	1	707
52498	5	46	48.000	  79.000	  79.000	  48.000	  48.000	  72.000	AttF1	3	50	1	1029
52498	5	47	49.000	  78.000	  77.000	  49.636	  47.058	  73.000	AttRF1	2	51	2	755
52498	5	48	50.000	  80.000	  81.000	  49.383	  45.725	  75.000	AttRF1	6	51	1	813
52498	5	49	49.000	  78.000	  79.000	  48.380	  79.000	  41.380	AttR2	1	49	1	763
52498	5	50	49.000	  78.000	  79.000	  48.380	  42.000	  78.000	AttR1	4	50	1	644
52498	5	51	50.000	  80.000	  78.000	  51.282	  71.000	  51.282	AttF2	1	50	2	640
52498	5	52	50.000	  80.000	  78.000	  51.282	  78.000	  44.282	AttR2	5	51	1	580
52498	5	53	49.000	  82.000	  80.000	  50.225	  49.000	  75.000	AttF1	3	50	1	684
52498	5	54	48.000	  79.000	  79.000	  48.000	  79.000	  40.000	AttR2	3	50	1	646
52498	5	55	49.000	  80.000	  79.000	  49.620	  41.000	  80.000	AttR1	6	51	1	842
52498	5	56	52.000	  82.000	  81.000	  52.642	  81.000	  44.642	AttR2	3	50	1	572
52498	5	57	49.000	  78.000	  79.000	  48.380	  75.000	  47.115	AttRF2	4	50	1	1317
52498	5	58	57.000	  86.000	  76.000	  51.000	  56.000	  67.000	Fill	2	49	1	586
52498	5	59	49.000	  82.000	  80.000	  50.225	  40.000	  82.000	AttR1	4	50	1	589
52498	5	60	50.000	  80.000	  80.000	  50.000	  46.875	  75.000	AttRF1	5	51	1	644
52498	5	61	60.000	  84.000	  80.000	  51.000	  60.000	  69.000	Fill	5	51	1	724
52498	5	62	50.000	  80.000	  81.000	  49.383	  50.000	  71.000	AttF1	4	50	1	702
52498	5	63	49.000	  80.000	  79.000	  49.620	  79.000	  40.620	AttR2	6	51	1	617
52498	5	64	52.000	  80.000	  79.000	  52.658	  74.000	  48.100	AttRF2	4	50	1	575
52498	5	65	49.000	  78.000	  77.000	  49.636	  77.000	  41.636	AttR2	3	50	1	640
52498	5	66	49.000	  82.000	  80.000	  50.225	  80.000	  42.225	AttR2	4	50	1	518
52498	5	67	52.000	  80.000	  79.000	  52.658	  79.000	  43.658	AttR2	1	49	1	1365
52498	5	68	48.000	  79.000	  79.000	  48.000	  70.000	  48.000	AttF2	1	49	1	865
52498	5	69	50.000	  80.000	  81.000	  49.383	  76.000	  47.500	AttRF2	4	50	1	685
52498	5	70	50.000	  80.000	  78.000	  51.282	  74.000	  46.250	AttRF2	2	51	2	879
52498	5	71	50.000	  80.000	  78.000	  51.282	  41.000	  80.000	AttR1	4	50	1	929
52498	5	72	61.000	  85.000	  80.000	  49.000	  59.000	  67.000	Fill	2	49	1	562
52498	5	73	49.000	  80.000	  79.000	  49.620	  70.000	  49.620	AttF2	5	51	1	695
52498	5	74	50.000	  80.000	  80.000	  50.000	  50.000	  71.000	AttF1	3	50	1	864
52498	5	75	52.000	  82.000	  81.000	  52.642	  72.000	  52.642	AttF2	2	51	2	1207
52498	5	76	48.000	  79.000	  79.000	  48.000	  74.000	  44.962	AttRF2	5	51	1	740
52498	5	77	48.000	  79.000	  79.000	  48.000	  44.962	  74.000	AttRF1	6	51	1	1094
52498	5	78	61.000	  86.000	  81.000	  47.000	  60.000	  67.000	Fill	5	51	1	1175
52498	5	79	50.000	  80.000	  80.000	  50.000	  80.000	  41.000	AttR2	3	49	2	1114
52498	5	80	50.000	  78.000	  84.000	  60.000	  67.000	  57.000	Fill	5	49	2	746
52498	6	1	50.000	  81.000	  81.000	  50.000	  50.000	  73.000	AttF1	3	50	1	998
52498	6	2	58.000	  88.000	  79.000	  50.000	  57.000	  69.000	Fill	3	50	1	512
52498	6	3	50.000	  80.000	  81.000	  49.383	  81.000	  42.383	AttR2	3	50	1	514
52498	6	4	53.000	  78.000	  76.000	  54.395	  53.000	  69.000	AttF1	6	51	1	643
52498	6	5	50.000	  81.000	  79.000	  51.266	  79.000	  42.266	AttR2	2	49	1	608
52498	6	6	50.000	  81.000	  81.000	  50.000	  81.000	  43.000	AttR2	1	50	2	1164
52498	6	7	50.000	  83.000	  85.000	  48.824	  50.000	  76.000	AttF1	5	51	1	752
52498	6	8	50.000	  81.000	  79.000	  51.266	  72.000	  51.266	AttF2	6	51	1	853
52498	6	9	51.000	  77.000	  76.000	  51.671	  48.952	  72.000	AttRF1	5	51	1	715
52498	6	10	50.000	  81.000	  79.000	  51.266	  74.000	  45.679	AttRF2	1	49	1	813
52498	6	11	50.000	  78.000	  80.000	  48.750	  44.484	  73.000	AttRF1	6	51	1	658
52498	6	12	53.000	  78.000	  76.000	  54.395	  76.000	  45.395	AttR2	2	49	1	719
52498	6	13	49.000	  81.000	  82.000	  48.402	  82.000	  40.402	AttR2	2	49	1	679
52498	6	14	50.000	  78.000	  80.000	  48.750	  75.000	  48.077	AttRF2	6	51	1	763
52498	6	15	50.000	  80.000	  81.000	  49.383	  74.000	  49.383	AttF2	2	49	1	699
52498	6	16	57.000	  87.000	  80.000	  51.000	  59.000	  70.000	Fill	4	50	1	560
52498	6	17	49.000	  81.000	  82.000	  48.402	  45.451	  77.000	AttRF1	1	49	1	1271
52498	6	18	50.000	  83.000	  85.000	  48.824	  45.377	  79.000	AttRF1	4	50	1	555
52498	6	19	50.000	  81.000	  81.000	  50.000	  46.914	  76.000	AttRF1	2	49	1	940
52498	6	20	50.000	  81.000	  79.000	  51.266	  50.000	  73.000	AttF1	1	51	3	990
52498	6	21	50.000	  78.000	  80.000	  48.750	  43.000	  78.000	AttR1	2	49	1	716
52498	6	22	50.000	  78.000	  86.000	  58.000	  67.000	  59.000	Fill	3	49	2	1109
52498	6	23	50.000	  80.000	  87.000	  59.000	  68.000	  59.000	Fill	4	51	2	751
52498	6	24	50.000	  80.000	  83.000	  60.000	  70.000	  62.000	Fill	4	50	1	716
52498	6	25	50.000	  83.000	  85.000	  48.824	  76.000	  48.824	AttF2	1	49	1	935
52498	6	26	48.000	  80.000	  87.000	  58.000	  69.000	  60.000	Fill	6	50	2	509
52498	6	27	50.000	  83.000	  85.000	  48.824	  42.000	  83.000	AttR1	4	50	1	847
52498	6	28	50.000	  81.000	  82.000	  49.390	  46.379	  77.000	AttRF1	5	51	1	707
52498	6	29	50.000	  81.000	  79.000	  51.266	  49.319	  76.000	AttRF1	3	50	1	631
52498	6	30	50.000	  81.000	  82.000	  49.390	  78.000	  48.148	AttRF2	3	50	1	546
52498	6	31	51.000	  77.000	  76.000	  51.671	  44.000	  77.000	AttR1	3	50	1	467
52498	6	32	60.000	  86.000	  80.000	  51.000	  60.000	  68.000	Fill	4	50	1	737
52498	6	33	50.000	  83.000	  85.000	  48.824	  85.000	  41.824	AttR2	5	51	1	808
52498	6	34	48.000	  79.000	  78.000	  48.615	  71.000	  48.615	AttF2	5	51	1	727
52498	6	35	50.000	  83.000	  85.000	  48.824	  81.000	  48.795	AttRF2	5	51	1	556
52498	6	36	50.000	  80.000	  81.000	  49.383	  76.000	  47.500	AttRF2	3	51	3	734
52498	6	37	50.000	  81.000	  81.000	  50.000	  72.000	  50.000	AttF2	4	50	1	705
52498	6	38	50.000	  81.000	  82.000	  49.390	  74.000	  49.390	AttF2	3	50	1	500
52498	6	39	64.000	  86.000	  79.000	  49.000	  59.000	  69.000	Fill	5	51	1	594
52498	6	40	51.000	  77.000	  76.000	  51.671	  51.000	  69.000	AttF1	2	49	1	828
52498	6	41	49.000	  81.000	  82.000	  48.402	  40.000	  81.000	AttR1	3	50	1	511
52498	6	42	58.000	  83.000	  79.000	  49.000	  58.000	  69.000	Fill	4	50	1	481
52498	6	43	51.000	  77.000	  76.000	  51.671	  68.000	  51.671	AttF2	5	51	1	797
52498	6	44	48.000	  79.000	  78.000	  48.615	  46.122	  74.000	AttRF1	4	50	1	849
52498	6	45	49.000	  81.000	  82.000	  48.402	  49.000	  73.000	AttF1	5	51	1	840
52498	6	46	50.000	  78.000	  80.000	  48.750	  80.000	  41.750	AttR2	5	51	1	605
52498	6	47	53.000	  78.000	  76.000	  54.395	  44.000	  78.000	AttR1	5	51	1	884
52498	6	48	60.000	  82.000	  80.000	  51.000	  59.000	  68.000	Fill	4	49	3	651
52498	6	49	51.000	  77.000	  76.000	  51.671	  76.000	  42.671	AttR2	6	51	1	844
52498	6	50	61.000	  86.000	  81.000	  49.000	  58.000	  69.000	Fill	6	51	1	660
52498	6	51	50.000	  82.000	  86.000	  60.000	  69.000	  59.000	Fill	5	49	2	930
52498	6	52	50.000	  81.000	  85.000	  59.000	  66.000	  57.000	Fill	2	51	2	701
52498	6	53	53.000	  78.000	  76.000	  54.395	  52.248	  73.000	AttRF1	5	51	1	809
52498	6	54	50.000	  81.000	  79.000	  51.266	  41.000	  81.000	AttR1	1	49	1	1001
52498	6	55	59.000	  86.000	  81.000	  53.000	  60.000	  68.000	Fill	1	49	1	680
52498	6	56	50.000	  81.000	  82.000	  49.390	  42.000	  81.000	AttR1	4	50	1	667
52498	6	57	49.000	  81.000	  82.000	  48.402	  78.000	  47.185	AttRF2	3	50	1	763
52498	6	58	53.000	  78.000	  76.000	  54.395	  71.000	  48.244	AttRF2	5	51	1	723
52498	6	59	50.000	  78.000	  80.000	  48.750	  50.000	  70.000	AttF1	2	49	1	1613
52498	6	60	48.000	  79.000	  78.000	  48.615	  40.000	  79.000	AttR1	1	49	1	934
52498	6	61	50.000	  81.000	  81.000	  50.000	  42.000	  81.000	AttR1	5	51	1	651
52498	6	62	60.000	  85.000	  82.000	  49.000	  60.000	  70.000	Fill	2	49	1	610
52498	6	63	51.000	  77.000	  76.000	  51.671	  71.000	  47.026	AttRF2	3	50	1	666
52498	6	64	58.000	  82.000	  79.000	  49.000	  58.000	  70.000	Fill	2	49	1	760
52498	6	65	50.000	  81.000	  81.000	  50.000	  76.000	  46.914	AttRF2	3	50	1	641
52498	6	66	53.000	  79.000	  84.000	  57.000	  68.000	  60.000	Fill	2	51	2	898
52498	6	67	49.000	  81.000	  82.000	  48.402	  73.000	  48.402	AttF2	5	49	2	1199
52498	6	68	50.000	  78.000	  80.000	  48.750	  72.000	  48.750	AttF2	6	51	1	683
52498	6	69	50.000	  80.000	  81.000	  49.383	  43.000	  80.000	AttR1	5	49	2	660
52498	6	70	50.000	  81.000	  82.000	  49.390	  50.000	  73.000	AttF1	6	51	1	552
52498	6	71	53.000	  78.000	  76.000	  54.395	  68.000	  54.395	AttF2	1	50	2	599
52498	6	72	48.000	  79.000	  78.000	  48.615	  78.000	  40.615	AttR2	3	50	1	596
52498	6	73	48.000	  79.000	  78.000	  48.615	  74.000	  44.962	AttRF2	2	51	2	1033
52498	6	74	49.000	  79.000	  87.000	  61.000	  68.000	  60.000	Fill	4	51	2	557
52498	6	75	50.000	  80.000	  81.000	  49.383	  45.725	  75.000	AttRF1	2	49	1	861
52498	6	76	50.000	  81.000	  86.000	  61.000	  69.000	  60.000	Fill	6	50	2	545
52498	6	77	48.000	  79.000	  78.000	  48.615	  48.000	  72.000	AttF1	4	50	1	594
52498	6	78	50.000	  81.000	  82.000	  49.390	  82.000	  42.390	AttR2	1	49	1	619
52498	6	79	50.000	  80.000	  81.000	  49.383	  50.000	  71.000	AttF1	5	51	1	500
52498	6	80	49.000	  81.000	  85.000	  60.000	  67.000	  60.000	Fill	6	50	2	586
52498	7	1	59.000	  87.000	  80.000	  47.000	  58.000	  69.000	Fill	5	51	1	1415
52498	7	2	47.000	  80.000	  87.000	  59.000	  69.000	  58.000	Fill	6	50	2	712
52498	7	3	54.000	  82.000	  80.000	  55.350	  73.000	  55.350	AttF2	5	51	1	903
52498	7	4	49.000	  80.000	  81.000	  48.395	  49.000	  71.000	AttF1	3	49	2	738
52498	7	5	49.000	  80.000	  81.000	  48.395	  73.000	  48.395	AttF2	2	49	1	669
52498	7	6	47.000	  84.000	  86.000	  60.000	  68.000	  59.000	Fill	5	49	2	1005
52498	7	7	50.000	  81.000	  85.000	  60.000	  68.000	  59.000	Fill	5	49	2	679
52498	7	8	61.000	  85.000	  78.000	  48.000	  57.000	  67.000	Fill	3	50	1	480
52498	7	9	59.000	  85.000	  80.000	  49.000	  60.000	  69.000	Fill	3	50	1	451
52498	7	10	53.000	  84.000	  82.000	  54.293	  52.968	  80.000	AttRF1	4	50	1	873
52498	7	11	47.000	  81.000	  83.000	  45.867	  75.000	  45.867	AttF2	3	50	1	522
52498	7	12	48.000	  80.000	  81.000	  47.407	  44.481	  76.000	AttRF1	2	49	1	696
52498	7	13	50.000	  82.000	  81.000	  50.617	  43.000	  82.000	AttR1	4	51	2	502
52498	7	14	55.000	  82.000	  83.000	  54.337	  79.000	  52.988	AttRF2	5	50	3	467
52498	7	15	55.000	  82.000	  83.000	  54.337	  76.000	  54.337	AttF2	4	50	1	610
52498	7	16	50.000	  81.000	  82.000	  49.390	  45.776	  76.000	AttRF1	5	51	1	583
52498	7	17	58.000	  86.000	  79.000	  50.000	  57.000	  66.000	Fill	3	50	1	522
52498	7	18	58.000	  82.000	  77.000	  50.000	  60.000	  69.000	Fill	5	51	1	633
52498	7	19	48.000	  80.000	  81.000	  47.407	  72.000	  47.407	AttF2	2	49	1	528
52498	7	20	54.000	  82.000	  80.000	  55.350	  75.000	  49.390	AttRF2	4	50	1	471
52498	7	21	50.000	  81.000	  82.000	  49.390	  50.000	  74.000	AttF1	2	49	1	685
52498	7	22	64.000	  84.000	  81.000	  50.000	  59.000	  68.000	Fill	2	49	1	574
52498	7	23	48.000	  80.000	  81.000	  47.407	  77.000	  46.200	AttRF2	2	51	2	846
52498	7	24	51.000	  78.000	  79.000	  50.354	  70.000	  50.354	AttF2	1	50	2	539
52498	7	25	50.000	  82.000	  81.000	  50.617	  81.000	  42.617	AttR2	3	50	1	682
52498	7	26	51.000	  80.000	  82.000	  49.756	  46.115	  76.000	AttRF1	3	49	2	566
52498	7	27	50.000	  81.000	  82.000	  49.390	  82.000	  42.390	AttR2	6	51	1	568
52498	7	28	57.000	  86.000	  82.000	  49.000	  59.000	  70.000	Fill	2	49	1	658
52498	7	29	60.000	  86.000	  78.000	  48.000	  59.000	  66.000	Fill	5	51	1	575
52498	7	30	50.000	  78.000	  86.000	  59.000	  68.000	  60.000	Fill	6	50	2	549
52498	7	31	51.000	  79.000	  86.000	  62.000	  68.000	  59.000	Fill	4	51	2	580
52498	7	32	51.000	  80.000	  82.000	  49.756	  73.000	  49.756	AttF2	2	49	1	558
52498	7	33	54.000	  82.000	  80.000	  55.350	  54.000	  75.000	AttF1	2	49	1	710
52498	7	34	53.000	  84.000	  82.000	  54.293	  77.000	  48.583	AttRF2	3	50	1	530
52498	7	35	53.000	  84.000	  82.000	  54.293	  46.000	  84.000	AttR1	6	51	1	676
52498	7	36	55.000	  82.000	  83.000	  54.337	  55.000	  74.000	AttF1	2	49	1	2855
52498	7	37	50.000	  82.000	  81.000	  50.617	  48.743	  78.000	AttRF1	3	49	2	1375
52498	7	38	51.000	  80.000	  82.000	  49.756	  77.000	  49.087	AttRF2	3	50	1	833
52498	7	39	53.000	  84.000	  82.000	  54.293	  53.000	  75.000	AttF1	2	49	1	1400
52498	7	40	47.000	  81.000	  83.000	  45.867	  78.000	  45.259	AttRF2	4	51	2	991
52498	7	41	49.000	  81.000	  85.000	  59.000	  68.000	  58.000	Fill	3	49	2	576
52498	7	42	48.000	  80.000	  81.000	  47.407	  81.000	  39.407	AttR2	6	50	2	800
52498	7	43	49.000	  80.000	  81.000	  48.395	  81.000	  40.395	AttR2	3	50	1	622
52498	7	44	49.000	  80.000	  81.000	  48.395	  40.000	  80.000	AttR1	5	51	1	684
52498	7	45	54.000	  82.000	  80.000	  55.350	  53.966	  78.000	AttRF1	6	51	1	919
52498	7	46	48.000	  80.000	  81.000	  47.407	  39.000	  80.000	AttR1	5	51	1	1054
52498	7	47	60.000	  84.000	  80.000	  49.000	  60.000	  69.000	Fill	1	49	1	674
52498	7	48	50.000	  81.000	  82.000	  49.390	  73.000	  49.390	AttF2	4	50	1	594
52498	7	49	50.000	  81.000	  82.000	  49.390	  77.000	  47.531	AttRF2	5	51	1	659
52498	7	50	52.000	  82.000	  84.000	  58.000	  70.000	  59.000	Fill	5	49	2	958
52498	7	51	54.000	  82.000	  80.000	  55.350	  80.000	  46.350	AttR2	2	51	2	1055
52498	7	52	47.000	  81.000	  83.000	  45.867	  47.000	  73.000	AttF1	5	49	2	1497
52498	7	53	47.000	  81.000	  83.000	  45.867	  83.000	  36.867	AttR2	6	51	1	605
52498	7	54	50.000	  82.000	  81.000	  50.617	  50.000	  74.000	AttF1	5	51	1	746
52498	7	55	55.000	  82.000	  83.000	  54.337	  50.409	  77.000	AttRF1	4	50	1	1104
52498	7	56	51.000	  80.000	  82.000	  49.756	  44.000	  80.000	AttR1	2	49	1	805
52498	7	57	60.000	  84.000	  79.000	  50.000	  56.000	  69.000	Fill	3	50	1	484
52498	7	58	55.000	  82.000	  83.000	  54.337	  83.000	  45.337	AttR2	5	51	1	542
52498	7	59	51.000	  78.000	  79.000	  50.354	  42.000	  78.000	AttR1	1	49	1	863
52498	7	60	49.000	  80.000	  81.000	  48.395	  45.408	  76.000	AttRF1	3	50	1	476
52498	7	61	51.000	  78.000	  79.000	  50.354	  46.530	  73.000	AttRF1	1	49	1	892
52498	7	62	50.000	  81.000	  82.000	  49.390	  43.000	  81.000	AttR1	3	50	1	541
52498	7	63	47.000	  81.000	  83.000	  45.867	  41.999	  76.000	AttRF1	5	51	1	565
52498	7	64	51.000	  80.000	  82.000	  49.756	  82.000	  40.756	AttR2	5	51	1	747
52498	7	65	55.000	  82.000	  83.000	  54.337	  46.000	  82.000	AttR1	3	50	1	884
52498	7	66	48.000	  79.000	  84.000	  64.000	  68.000	  59.000	Fill	2	51	2	613
52498	7	67	51.000	  78.000	  79.000	  50.354	  79.000	  42.354	AttR2	3	49	2	676
52498	7	68	54.000	  82.000	  80.000	  55.350	  47.000	  82.000	AttR1	4	50	1	678
52498	7	69	48.000	  80.000	  81.000	  47.407	  48.000	  72.000	AttF1	2	49	1	550
52498	7	70	53.000	  84.000	  82.000	  54.293	  82.000	  46.293	AttR2	5	51	1	616
52498	7	71	51.000	  78.000	  79.000	  50.354	  51.000	  71.000	AttF1	3	49	2	793
52498	7	72	51.000	  80.000	  82.000	  49.756	  51.000	  73.000	AttF1	2	49	1	1072
52498	7	73	50.000	  82.000	  81.000	  50.617	  74.000	  50.617	AttF2	1	50	2	1091
52498	7	74	51.000	  78.000	  79.000	  50.354	  75.000	  49.038	AttRF2	4	50	1	523
52498	7	75	53.000	  84.000	  82.000	  54.293	  75.000	  54.293	AttF2	5	51	1	539
52498	7	76	50.000	  82.000	  81.000	  50.617	  76.000	  46.341	AttRF2	2	49	1	564
52498	7	77	52.000	  82.000	  85.000	  58.000	  68.000	  60.000	Fill	4	50	1	565
52498	7	78	49.000	  80.000	  81.000	  48.395	  76.000	  46.550	AttRF2	3	50	1	575
52498	7	79	50.000	  80.000	  85.000	  60.000	  69.000	  60.000	Fill	6	50	2	459
52498	7	80	47.000	  81.000	  83.000	  45.867	  40.000	  81.000	AttR1	3	50	1	665
52498	8	1	50.000	  80.000	  78.000	  51.282	  78.000	  44.282	AttR2	3	50	1	1055
52498	8	2	49.000	  80.000	  79.000	  49.620	  74.000	  45.325	AttRF2	1	49	1	582
52498	8	3	52.000	  82.000	  81.000	  52.642	  50.042	  77.000	AttRF1	2	50	3	811
52498	8	4	52.000	  82.000	  81.000	  52.642	  81.000	  44.642	AttR2	3	50	1	437
52498	8	5	52.000	  80.000	  79.000	  52.658	  79.000	  43.658	AttR2	2	51	2	739
52498	8	6	50.000	  80.000	  78.000	  51.282	  50.000	  73.000	AttF1	5	51	1	471
52498	8	7	59.000	  84.000	  82.000	  49.000	  62.000	  68.000	Fill	6	51	1	392
52498	8	8	50.000	  80.000	  81.000	  49.383	  41.000	  80.000	AttR1	5	51	1	558
52498	8	9	52.000	  80.000	  79.000	  52.658	  70.000	  52.658	AttF2	3	50	1	465
52498	8	10	61.000	  86.000	  81.000	  47.000	  60.000	  67.000	Fill	5	51	1	623
52498	8	11	50.000	  80.000	  80.000	  50.000	  80.000	  41.000	AttR2	4	50	1	508
52498	8	12	49.000	  78.000	  79.000	  48.380	  75.000	  47.115	AttRF2	4	50	1	928
52498	8	13	52.000	  82.000	  81.000	  52.642	  72.000	  52.642	AttF2	2	49	1	546
52498	8	14	49.000	  78.000	  77.000	  49.636	  72.000	  45.231	AttRF2	6	51	1	502
52498	8	15	49.000	  82.000	  80.000	  50.225	  80.000	  42.225	AttR2	3	49	2	523
52498	8	16	50.000	  80.000	  80.000	  50.000	  50.000	  71.000	AttF1	5	51	1	473
52498	8	17	49.000	  78.000	  79.000	  48.380	  70.000	  48.380	AttF2	1	50	2	479
52498	8	18	50.000	  80.000	  80.000	  50.000	  73.000	  50.000	AttF2	3	49	2	687
52498	8	19	50.000	  80.000	  80.000	  50.000	  42.000	  80.000	AttR1	5	51	1	440
52498	8	20	49.000	  78.000	  77.000	  49.636	  47.058	  73.000	AttRF1	3	49	2	490
52498	8	21	50.000	  80.000	  81.000	  49.383	  45.725	  75.000	AttRF1	3	50	1	470
52498	8	22	57.000	  86.000	  76.000	  51.000	  56.000	  67.000	Fill	2	49	1	499
52498	8	23	50.000	  80.000	  78.000	  51.282	  74.000	  46.250	AttRF2	3	50	1	418
52498	8	24	60.000	  84.000	  80.000	  51.000	  60.000	  69.000	Fill	4	50	1	397
52498	8	25	48.000	  79.000	  79.000	  48.000	  48.000	  72.000	AttF1	6	51	1	542
52498	8	26	49.000	  80.000	  79.000	  49.620	  49.000	  72.000	AttF1	2	49	1	541
52498	8	27	48.000	  79.000	  79.000	  48.000	  74.000	  44.962	AttRF2	5	51	1	839
52498	8	28	49.000	  80.000	  79.000	  49.620	  47.108	  75.000	AttRF1	2	49	1	728
52498	8	29	49.000	  78.000	  79.000	  48.380	  79.000	  41.380	AttR2	2	51	2	750
52498	8	30	60.000	  86.000	  78.000	  51.000	  62.000	  67.000	Fill	5	51	1	493
52498	8	31	49.000	  82.000	  80.000	  50.225	  76.000	  45.415	AttRF2	5	49	2	956
52498	8	32	50.000	  80.000	  80.000	  50.000	  46.875	  75.000	AttRF1	5	49	2	573
52498	8	33	51.000	  82.000	  84.000	  60.000	  69.000	  60.000	Fill	6	50	2	500
52498	8	34	49.000	  78.000	  77.000	  49.636	  41.000	  78.000	AttR1	1	49	1	588
52498	8	35	49.000	  80.000	  79.000	  49.620	  70.000	  49.620	AttF2	6	51	1	532
52498	8	36	49.000	  82.000	  80.000	  50.225	  40.000	  82.000	AttR1	5	51	1	579
52498	8	37	52.000	  80.000	  79.000	  52.658	  44.000	  80.000	AttR1	4	50	1	488
52498	8	38	50.000	  80.000	  81.000	  49.383	  73.000	  49.383	AttF2	4	50	1	547
52498	8	39	50.000	  80.000	  80.000	  50.000	  76.000	  47.500	AttRF2	5	51	1	750
52498	8	40	51.000	  79.000	  85.000	  59.000	  68.000	  60.000	Fill	3	49	2	521
52498	8	41	50.000	  80.000	  78.000	  51.282	  41.000	  80.000	AttR1	4	50	1	397
52498	8	42	50.000	  80.000	  81.000	  49.383	  81.000	  41.383	AttR2	4	50	1	505
52498	8	43	49.000	  78.000	  79.000	  48.380	  49.000	  69.000	AttF1	1	49	1	840
52498	8	44	48.000	  79.000	  79.000	  48.000	  79.000	  40.000	AttR2	5	51	1	939
52498	8	45	50.000	  82.000	  84.000	  60.000	  68.000	  58.000	Fill	4	51	2	648
52498	8	46	49.000	  79.000	  84.000	  58.000	  68.000	  61.000	Fill	4	51	2	603
52498	8	47	48.000	  79.000	  79.000	  48.000	  70.000	  48.000	AttF2	6	51	1	640
52498	8	48	49.000	  82.000	  80.000	  50.225	  71.000	  50.225	AttF2	6	50	2	583
52498	8	49	50.000	  78.000	  84.000	  60.000	  67.000	  57.000	Fill	3	49	2	471
52498	8	50	50.000	  80.000	  81.000	  49.383	  50.000	  71.000	AttF1	1	49	1	805
52498	8	51	59.000	  85.000	  80.000	  50.000	  60.000	  68.000	Fill	1	49	1	503
52498	8	52	50.000	  80.000	  87.000	  59.000	  66.000	  58.000	Fill	3	49	2	544
52498	8	53	57.000	  86.000	  81.000	  50.000	  60.000	  68.000	Fill	2	49	1	588
52498	8	54	50.000	  80.000	  78.000	  51.282	  71.000	  51.282	AttF2	3	51	3	498
52498	8	55	49.000	  78.000	  79.000	  48.380	  45.318	  74.000	AttRF1	5	51	1	781
52498	8	56	52.000	  80.000	  79.000	  52.658	  52.000	  72.000	AttF1	3	50	1	473
52498	8	57	52.000	  82.000	  81.000	  52.642	  43.000	  82.000	AttR1	5	51	1	591
52498	8	58	49.000	  78.000	  77.000	  49.636	  77.000	  41.636	AttR2	1	50	2	511
52498	8	59	51.000	  77.000	  85.000	  60.000	  68.000	  61.000	Fill	5	49	2	558
52498	8	60	61.000	  85.000	  80.000	  49.000	  59.000	  67.000	Fill	3	50	1	455
52498	8	61	50.000	  80.000	  81.000	  49.383	  76.000	  47.500	AttRF2	3	49	2	614
52498	8	62	48.000	  79.000	  79.000	  48.000	  41.000	  79.000	AttR1	1	49	1	656
52498	8	63	49.000	  78.000	  77.000	  49.636	  69.000	  49.636	AttF2	2	50	3	504
52498	8	64	52.000	  82.000	  81.000	  52.642	  52.000	  75.000	AttF1	5	51	1	635
52498	8	65	49.000	  78.000	  77.000	  49.636	  49.000	  69.000	AttF1	4	50	1	474
52498	8	66	61.000	  83.000	  79.000	  50.000	  60.000	  66.000	Fill	3	50	1	472
52498	8	67	52.000	  82.000	  81.000	  52.642	  77.000	  48.829	AttRF2	3	49	2	714
52498	8	68	49.000	  80.000	  79.000	  49.620	  79.000	  40.620	AttR2	4	50	1	508
52498	8	69	50.000	  80.000	  78.000	  51.282	  49.967	  76.000	AttRF1	6	51	1	871
52498	8	70	49.000	  80.000	  79.000	  49.620	  41.000	  80.000	AttR1	5	51	1	909
52498	8	71	52.000	  80.000	  79.000	  52.658	  50.659	  76.000	AttRF1	3	49	2	639
52498	8	72	52.000	  80.000	  79.000	  52.658	  74.000	  48.100	AttRF2	2	51	2	907
52498	8	73	49.000	  83.000	  85.000	  60.000	  70.000	  59.000	Fill	4	51	2	576
52498	8	74	49.000	  78.000	  85.000	  60.000	  69.000	  59.000	Fill	5	49	2	563
52498	8	75	61.000	  82.000	  80.000	  53.000	  58.000	  67.000	Fill	3	50	1	505
52498	8	76	50.000	  80.000	  86.000	  60.000	  67.000	  59.000	Fill	6	50	2	461
52498	8	77	49.000	  78.000	  79.000	  48.380	  42.000	  78.000	AttR1	4	50	1	608
52498	8	78	49.000	  82.000	  80.000	  50.225	  49.000	  75.000	AttF1	4	50	1	565
52498	8	79	49.000	  82.000	  80.000	  50.225	  48.342	  77.000	AttRF1	3	49	2	1093
52498	8	80	48.000	  79.000	  79.000	  48.000	  44.962	  74.000	AttRF1	3	49	2	857
52498	9	1	48.000	  79.000	  78.000	  48.615	  71.000	  48.615	AttF2	3	50	1	1595
52498	9	2	50.000	  81.000	  81.000	  50.000	  76.000	  46.914	AttRF2	6	51	1	544
52498	9	3	64.000	  86.000	  79.000	  49.000	  59.000	  69.000	Fill	4	50	1	466
52498	9	4	49.000	  79.000	  87.000	  61.000	  68.000	  60.000	Fill	2	51	2	722
52498	9	5	50.000	  81.000	  82.000	  49.390	  46.379	  77.000	AttRF1	4	51	2	1058
52498	9	6	50.000	  81.000	  79.000	  51.266	  74.000	  45.679	AttRF2	4	50	1	759
52498	9	7	50.000	  78.000	  80.000	  48.750	  75.000	  48.077	AttRF2	2	49	1	626
52498	9	8	60.000	  82.000	  80.000	  51.000	  59.000	  68.000	Fill	3	50	1	406
52498	9	9	50.000	  81.000	  79.000	  51.266	  72.000	  51.266	AttF2	4	50	1	482
52498	9	10	51.000	  77.000	  76.000	  51.671	  44.000	  77.000	AttR1	5	51	1	585
52498	9	11	50.000	  78.000	  80.000	  48.750	  80.000	  41.750	AttR2	2	49	1	528
52498	9	12	50.000	  81.000	  81.000	  50.000	  81.000	  43.000	AttR2	4	50	1	652
52498	9	13	50.000	  81.000	  82.000	  49.390	  74.000	  49.390	AttF2	3	50	1	728
52498	9	14	49.000	  81.000	  82.000	  48.402	  49.000	  73.000	AttF1	2	49	1	610
52498	9	15	50.000	  80.000	  81.000	  49.383	  81.000	  42.383	AttR2	4	50	1	548
52498	9	16	50.000	  78.000	  80.000	  48.750	  44.484	  73.000	AttRF1	1	49	1	653
52498	9	17	49.000	  81.000	  82.000	  48.402	  82.000	  40.402	AttR2	3	49	2	687
52498	9	18	50.000	  81.000	  79.000	  51.266	  79.000	  42.266	AttR2	2	51	2	591
52498	9	19	50.000	  81.000	  81.000	  50.000	  72.000	  50.000	AttF2	6	51	1	675
52498	9	20	49.000	  81.000	  82.000	  48.402	  45.451	  77.000	AttRF1	3	50	1	489
52498	9	21	50.000	  81.000	  81.000	  50.000	  42.000	  81.000	AttR1	2	49	1	610
52498	9	22	49.000	  81.000	  85.000	  60.000	  67.000	  60.000	Fill	3	49	2	504
52498	9	23	50.000	  83.000	  85.000	  48.824	  45.377	  79.000	AttRF1	1	49	1	751
52498	9	24	50.000	  80.000	  81.000	  49.383	  74.000	  49.383	AttF2	3	50	1	519
52498	9	25	50.000	  81.000	  82.000	  49.390	  82.000	  42.390	AttR2	3	50	1	562
52498	9	26	51.000	  77.000	  76.000	  51.671	  68.000	  51.671	AttF2	4	50	1	520
52498	9	27	51.000	  77.000	  76.000	  51.671	  71.000	  47.026	AttRF2	5	51	1	507
52498	9	28	50.000	  81.000	  86.000	  61.000	  69.000	  60.000	Fill	3	49	2	419
52498	9	29	50.000	  81.000	  81.000	  50.000	  50.000	  73.000	AttF1	6	50	2	465
52498	9	30	49.000	  81.000	  82.000	  48.402	  40.000	  81.000	AttR1	5	51	1	816
52498	9	31	50.000	  78.000	  86.000	  58.000	  67.000	  59.000	Fill	1	50	2	516
52498	9	32	60.000	  86.000	  80.000	  51.000	  60.000	  68.000	Fill	4	50	1	464
52498	9	33	48.000	  79.000	  78.000	  48.615	  78.000	  40.615	AttR2	6	51	1	766
52498	9	34	48.000	  79.000	  78.000	  48.615	  74.000	  44.962	AttRF2	2	51	2	1002
52498	9	35	48.000	  79.000	  78.000	  48.615	  40.000	  79.000	AttR1	2	49	1	1376
52498	9	36	49.000	  81.000	  82.000	  48.402	  73.000	  48.402	AttF2	4	51	2	654
52498	9	37	53.000	  79.000	  84.000	  57.000	  68.000	  60.000	Fill	6	50	2	467
52498	9	38	50.000	  80.000	  83.000	  60.000	  70.000	  62.000	Fill	5	49	2	957
52498	9	39	50.000	  81.000	  82.000	  49.390	  78.000	  48.148	AttRF2	3	51	3	585
52498	9	40	50.000	  83.000	  85.000	  48.824	  85.000	  41.824	AttR2	6	51	1	735
52498	9	41	50.000	  82.000	  86.000	  60.000	  69.000	  59.000	Fill	2	49	1	1088
52498	9	42	58.000	  88.000	  79.000	  50.000	  57.000	  69.000	Fill	1	49	1	567
52498	9	43	50.000	  81.000	  82.000	  49.390	  50.000	  73.000	AttF1	5	51	1	574
52498	9	44	50.000	  81.000	  79.000	  51.266	  41.000	  81.000	AttR1	1	50	2	561
52498	9	45	53.000	  78.000	  76.000	  54.395	  44.000	  78.000	AttR1	1	50	2	563
52498	9	46	48.000	  80.000	  87.000	  58.000	  69.000	  60.000	Fill	2	51	2	497
52498	9	47	48.000	  79.000	  78.000	  48.615	  48.000	  72.000	AttF1	4	51	2	837
52498	9	48	61.000	  86.000	  81.000	  49.000	  58.000	  69.000	Fill	2	49	1	576
52498	9	49	58.000	  83.000	  79.000	  49.000	  58.000	  69.000	Fill	6	51	1	613
52498	9	50	48.000	  79.000	  78.000	  48.615	  46.122	  74.000	AttRF1	1	50	2	796
52498	9	51	50.000	  83.000	  85.000	  48.824	  42.000	  83.000	AttR1	2	49	1	380
52498	9	52	53.000	  78.000	  76.000	  54.395	  53.000	  69.000	AttF1	5	50	3	672
52498	9	53	53.000	  78.000	  76.000	  54.395	  71.000	  48.244	AttRF2	3	50	1	574
52498	9	54	50.000	  80.000	  87.000	  59.000	  68.000	  59.000	Fill	2	51	2	524
52498	9	55	50.000	  81.000	  81.000	  50.000	  46.914	  76.000	AttRF1	4	50	1	887
52498	9	56	51.000	  77.000	  76.000	  51.671	  48.952	  72.000	AttRF1	4	51	2	630
52498	9	57	50.000	  81.000	  79.000	  51.266	  49.319	  76.000	AttRF1	3	49	2	653
52498	9	58	49.000	  81.000	  82.000	  48.402	  78.000	  47.185	AttRF2	6	50	2	683
52498	9	59	50.000	  80.000	  81.000	  49.383	  45.725	  75.000	AttRF1	3	49	2	537
52498	9	60	50.000	  78.000	  80.000	  48.750	  43.000	  78.000	AttR1	3	50	1	454
52498	9	61	50.000	  81.000	  85.000	  59.000	  66.000	  57.000	Fill	2	51	2	520
52498	9	62	60.000	  85.000	  82.000	  49.000	  60.000	  70.000	Fill	6	51	1	595
52498	9	63	59.000	  86.000	  81.000	  53.000	  60.000	  68.000	Fill	1	49	1	666
52498	9	64	53.000	  78.000	  76.000	  54.395	  68.000	  54.395	AttF2	3	50	1	523
52498	9	65	50.000	  78.000	  80.000	  48.750	  72.000	  48.750	AttF2	4	50	1	489
52498	9	66	51.000	  77.000	  76.000	  51.671	  76.000	  42.671	AttR2	2	51	2	874
52498	9	67	50.000	  83.000	  85.000	  48.824	  76.000	  48.824	AttF2	5	51	1	695
52498	9	68	53.000	  78.000	  76.000	  54.395	  52.248	  73.000	AttRF1	5	49	2	518
52498	9	69	57.000	  87.000	  80.000	  51.000	  59.000	  70.000	Fill	3	50	1	570
52498	9	70	50.000	  80.000	  81.000	  49.383	  50.000	  71.000	AttF1	5	51	1	624
52498	9	71	50.000	  83.000	  85.000	  48.824	  81.000	  48.795	AttRF2	6	50	2	866
52498	9	72	58.000	  82.000	  79.000	  49.000	  58.000	  70.000	Fill	3	50	1	470
52498	9	73	50.000	  81.000	  79.000	  51.266	  50.000	  73.000	AttF1	2	49	1	715
52498	9	74	50.000	  80.000	  81.000	  49.383	  76.000	  47.500	AttRF2	4	50	1	760
52498	9	75	50.000	  78.000	  80.000	  48.750	  50.000	  70.000	AttF1	5	49	2	529
52498	9	76	53.000	  78.000	  76.000	  54.395	  76.000	  45.395	AttR2	1	50	2	715
52498	9	77	50.000	  81.000	  82.000	  49.390	  42.000	  81.000	AttR1	5	51	1	570
52498	9	78	50.000	  83.000	  85.000	  48.824	  50.000	  76.000	AttF1	5	49	2	1111
52498	9	79	51.000	  77.000	  76.000	  51.671	  51.000	  69.000	AttF1	1	49	1	675
52498	9	80	50.000	  80.000	  81.000	  49.383	  43.000	  80.000	AttR1	4	50	1	723
