username: 52639, Experiment time (minutes): 35
Operating system: Windows XP
Manufacturer: Adobe Windows
Player type: PlugIn
Version: WIN 10,3,181,34

username	blkNum	trlNum	Rect1Height	Rect1Width	Rect2Height	Rect2Width	Rect3Height	Rect3Width	Effect	StimPosition	rawResp	response	RT
52639	0	1	50	80	80	50	32	125	Com1	4	50	1	6589
52639	0	2	85	60	80	50	65	60	Fill	5	51	1	3840
52639	0	3	50	85	85	50	80	50	Att2	3	49	2	5337
52639	1	1	50.000	  82.000	  81.000	  50.617	  48.743	  78.000	AttRF1	3	50	1	2664
52639	1	2	51.000	  79.000	  86.000	  62.000	  68.000	  59.000	Fill	5	49	2	1308
52639	1	3	48.000	  80.000	  81.000	  47.407	  48.000	  72.000	AttF1	2	49	1	1314
52639	1	4	55.000	  82.000	  83.000	  54.337	  83.000	  45.337	AttR2	6	51	1	1398
52639	1	5	51.000	  78.000	  79.000	  50.354	  75.000	  49.038	AttRF2	4	50	1	2417
52639	1	6	48.000	  80.000	  81.000	  47.407	  77.000	  46.200	AttRF2	4	50	1	5307
52639	1	7	61.000	  85.000	  78.000	  48.000	  57.000	  67.000	Fill	5	51	1	1058
52639	1	8	54.000	  82.000	  80.000	  55.350	  54.000	  75.000	AttF1	2	49	1	897
52639	1	9	50.000	  81.000	  82.000	  49.390	  43.000	  81.000	AttR1	5	51	1	1226
52639	1	10	51.000	  80.000	  82.000	  49.756	  82.000	  40.756	AttR2	2	51	2	2755
52639	1	11	58.000	  82.000	  77.000	  50.000	  60.000	  69.000	Fill	2	49	1	1961
52639	1	12	55.000	  82.000	  83.000	  54.337	  50.409	  77.000	AttRF1	2	49	1	3766
52639	1	13	50.000	  82.000	  81.000	  50.617	  43.000	  82.000	AttR1	5	51	1	1667
52639	1	14	53.000	  84.000	  82.000	  54.293	  46.000	  84.000	AttR1	4	51	2	1916
52639	1	15	49.000	  80.000	  81.000	  48.395	  76.000	  46.550	AttRF2	6	50	2	1249
52639	1	16	47.000	  81.000	  83.000	  45.867	  83.000	  36.867	AttR2	2	49	1	8945
52639	1	17	54.000	  82.000	  80.000	  55.350	  53.966	  78.000	AttRF1	2	49	1	2358
52639	1	18	50.000	  81.000	  82.000	  49.390	  73.000	  49.390	AttF2	4	51	2	1707
52639	1	19	49.000	  81.000	  85.000	  59.000	  68.000	  58.000	Fill	6	50	2	2113
52639	1	20	55.000	  82.000	  83.000	  54.337	  46.000	  82.000	AttR1	3	49	2	1102
52639	1	21	48.000	  80.000	  81.000	  47.407	  81.000	  39.407	AttR2	5	49	2	2467
52639	1	22	50.000	  81.000	  82.000	  49.390	  45.776	  76.000	AttRF1	2	49	1	1931
52639	1	23	47.000	  80.000	  87.000	  59.000	  69.000	  58.000	Fill	4	51	2	600
52639	1	24	51.000	  78.000	  79.000	  50.354	  51.000	  71.000	AttF1	4	50	1	1851
52639	1	25	53.000	  84.000	  82.000	  54.293	  52.968	  80.000	AttRF1	1	50	2	867
52639	1	26	47.000	  84.000	  86.000	  60.000	  68.000	  59.000	Fill	4	51	2	1003
52639	1	27	60.000	  86.000	  78.000	  48.000	  59.000	  66.000	Fill	4	50	1	742
52639	1	28	47.000	  81.000	  83.000	  45.867	  47.000	  73.000	AttF1	5	51	1	1388
52639	1	29	51.000	  80.000	  82.000	  49.756	  44.000	  80.000	AttR1	6	50	2	2797
52639	1	30	48.000	  80.000	  81.000	  47.407	  44.481	  76.000	AttRF1	2	49	1	1728
52639	1	31	51.000	  78.000	  79.000	  50.354	  42.000	  78.000	AttR1	4	51	2	1038
52639	1	32	64.000	  84.000	  81.000	  50.000	  59.000	  68.000	Fill	3	50	1	733
52639	1	33	47.000	  81.000	  83.000	  45.867	  78.000	  45.259	AttRF2	4	51	2	1747
52639	1	34	48.000	  80.000	  81.000	  47.407	  39.000	  80.000	AttR1	2	51	2	5297
52639	1	35	54.000	  82.000	  80.000	  55.350	  80.000	  46.350	AttR2	5	49	2	3720
52639	1	36	47.000	  81.000	  83.000	  45.867	  41.999	  76.000	AttRF1	4	50	1	2615
52639	1	37	50.000	  82.000	  81.000	  50.617	  81.000	  42.617	AttR2	3	50	1	3257
52639	1	38	59.000	  85.000	  80.000	  49.000	  60.000	  69.000	Fill	5	51	1	8441
52639	1	39	50.000	  81.000	  82.000	  49.390	  82.000	  42.390	AttR2	5	49	2	2528
52639	1	40	60.000	  84.000	  79.000	  50.000	  56.000	  69.000	Fill	2	49	1	662
52639	1	41	50.000	  81.000	  82.000	  49.390	  50.000	  74.000	AttF1	5	51	1	1429
52639	1	42	53.000	  84.000	  82.000	  54.293	  82.000	  46.293	AttR2	6	50	2	1234
52639	1	43	55.000	  82.000	  83.000	  54.337	  55.000	  74.000	AttF1	2	51	2	2400
52639	1	44	49.000	  80.000	  81.000	  48.395	  73.000	  48.395	AttF2	1	50	2	1292
52639	1	45	50.000	  82.000	  81.000	  50.617	  50.000	  74.000	AttF1	5	49	2	1731
52639	1	46	49.000	  80.000	  81.000	  48.395	  49.000	  71.000	AttF1	2	49	1	2984
52639	1	47	52.000	  82.000	  85.000	  58.000	  68.000	  60.000	Fill	2	51	2	1659
52639	1	48	50.000	  80.000	  85.000	  60.000	  69.000	  60.000	Fill	5	49	2	572
52639	1	49	50.000	  82.000	  81.000	  50.617	  76.000	  46.341	AttRF2	6	50	2	1734
52639	1	50	51.000	  78.000	  79.000	  50.354	  70.000	  50.354	AttF2	5	49	2	1466
52639	1	51	50.000	  82.000	  81.000	  50.617	  74.000	  50.617	AttF2	5	49	2	3194
52639	1	52	51.000	  80.000	  82.000	  49.756	  46.115	  76.000	AttRF1	6	50	2	1869
52639	1	53	51.000	  80.000	  82.000	  49.756	  73.000	  49.756	AttF2	1	50	2	3685
52639	1	54	47.000	  81.000	  83.000	  45.867	  75.000	  45.867	AttF2	2	51	2	1285
52639	1	55	55.000	  82.000	  83.000	  54.337	  79.000	  52.988	AttRF2	5	49	2	1101
52639	1	56	50.000	  81.000	  85.000	  60.000	  68.000	  59.000	Fill	4	51	2	651
52639	1	57	51.000	  78.000	  79.000	  50.354	  46.530	  73.000	AttRF1	5	51	1	1058
52639	1	58	59.000	  87.000	  80.000	  47.000	  58.000	  69.000	Fill	4	50	1	651
52639	1	59	48.000	  79.000	  84.000	  64.000	  68.000	  59.000	Fill	6	50	2	547
52639	1	60	50.000	  78.000	  86.000	  59.000	  68.000	  60.000	Fill	5	49	2	593
52639	1	61	53.000	  84.000	  82.000	  54.293	  77.000	  48.583	AttRF2	5	51	1	1522
52639	1	62	57.000	  86.000	  82.000	  49.000	  59.000	  70.000	Fill	4	50	1	720
52639	1	63	54.000	  82.000	  80.000	  55.350	  75.000	  49.390	AttRF2	3	49	2	1989
52639	1	64	51.000	  80.000	  82.000	  49.756	  77.000	  49.087	AttRF2	4	51	2	3553
52639	1	65	53.000	  84.000	  82.000	  54.293	  75.000	  54.293	AttF2	3	49	2	1230
52639	1	66	53.000	  84.000	  82.000	  54.293	  53.000	  75.000	AttF1	3	49	2	1400
52639	1	67	49.000	  80.000	  81.000	  48.395	  81.000	  40.395	AttR2	4	50	1	1162
52639	1	68	51.000	  80.000	  82.000	  49.756	  51.000	  73.000	AttF1	6	50	2	1560
52639	1	69	60.000	  84.000	  80.000	  49.000	  60.000	  69.000	Fill	5	51	1	758
52639	1	70	54.000	  82.000	  80.000	  55.350	  47.000	  82.000	AttR1	1	50	2	2962
52639	1	71	48.000	  80.000	  81.000	  47.407	  72.000	  47.407	AttF2	3	50	1	1672
52639	1	72	58.000	  86.000	  79.000	  50.000	  57.000	  66.000	Fill	1	49	1	2888
52639	1	73	50.000	  81.000	  82.000	  49.390	  77.000	  47.531	AttRF2	1	50	2	1488
52639	1	74	51.000	  78.000	  79.000	  50.354	  79.000	  42.354	AttR2	5	50	3	2400
52639	1	75	49.000	  80.000	  81.000	  48.395	  45.408	  76.000	AttRF1	4	51	2	947
52639	1	76	47.000	  81.000	  83.000	  45.867	  40.000	  81.000	AttR1	4	50	1	12864
52639	1	77	55.000	  82.000	  83.000	  54.337	  76.000	  54.337	AttF2	1	49	1	1792
52639	1	78	52.000	  82.000	  84.000	  58.000	  70.000	  59.000	Fill	2	51	2	922
52639	1	79	49.000	  80.000	  81.000	  48.395	  40.000	  80.000	AttR1	2	49	1	3449
52639	1	80	54.000	  82.000	  80.000	  55.350	  73.000	  55.350	AttF2	5	50	3	1064
52639	2	1	49.000	  79.000	  84.000	  58.000	  68.000	  61.000	Fill	3	49	2	3553
52639	2	2	50.000	  80.000	  81.000	  49.383	  50.000	  71.000	AttF1	2	49	1	4952
52639	2	3	50.000	  82.000	  84.000	  60.000	  68.000	  58.000	Fill	1	50	2	3774
52639	2	4	51.000	  82.000	  84.000	  60.000	  69.000	  60.000	Fill	1	50	2	520
52639	2	5	50.000	  80.000	  78.000	  51.282	  78.000	  44.282	AttR2	1	50	2	893
52639	2	6	49.000	  80.000	  79.000	  49.620	  79.000	  40.620	AttR2	5	51	1	669
52639	2	7	50.000	  80.000	  80.000	  50.000	  50.000	  71.000	AttF1	2	51	2	949
52639	2	8	50.000	  80.000	  78.000	  51.282	  71.000	  51.282	AttF2	1	50	2	666
52639	2	9	50.000	  80.000	  80.000	  50.000	  80.000	  41.000	AttR2	3	50	1	586
52639	2	10	50.000	  80.000	  80.000	  50.000	  46.875	  75.000	AttRF1	1	50	2	1037
52639	2	11	61.000	  82.000	  80.000	  53.000	  58.000	  67.000	Fill	3	50	1	525
52639	2	12	49.000	  78.000	  77.000	  49.636	  72.000	  45.231	AttRF2	3	49	2	1858
52639	2	13	52.000	  82.000	  81.000	  52.642	  50.042	  77.000	AttRF1	2	51	2	531
52639	2	14	50.000	  78.000	  84.000	  60.000	  67.000	  57.000	Fill	3	49	2	455
52639	2	15	49.000	  82.000	  80.000	  50.225	  80.000	  42.225	AttR2	1	50	2	959
52639	2	16	48.000	  79.000	  79.000	  48.000	  41.000	  79.000	AttR1	2	51	2	582
52639	2	17	49.000	  80.000	  79.000	  49.620	  70.000	  49.620	AttF2	4	51	2	528
52639	2	18	50.000	  80.000	  78.000	  51.282	  74.000	  46.250	AttRF2	4	51	2	540
52639	2	19	49.000	  78.000	  77.000	  49.636	  69.000	  49.636	AttF2	2	49	1	1034
52639	2	20	50.000	  80.000	  80.000	  50.000	  73.000	  50.000	AttF2	5	51	1	754
52639	2	21	49.000	  80.000	  79.000	  49.620	  49.000	  72.000	AttF1	5	51	1	488
52639	2	22	49.000	  78.000	  79.000	  48.380	  70.000	  48.380	AttF2	3	51	3	608
52639	2	23	51.000	  79.000	  85.000	  59.000	  68.000	  60.000	Fill	4	51	2	1074
52639	2	24	49.000	  82.000	  80.000	  50.225	  48.342	  77.000	AttRF1	5	51	1	711
52639	2	25	48.000	  79.000	  79.000	  48.000	  48.000	  72.000	AttF1	2	49	1	1168
52639	2	26	52.000	  82.000	  81.000	  52.642	  52.000	  75.000	AttF1	1	49	1	1009
52639	2	27	49.000	  78.000	  79.000	  48.380	  79.000	  41.380	AttR2	3	50	1	557
52639	2	28	52.000	  82.000	  81.000	  52.642	  81.000	  44.642	AttR2	5	51	1	546
52639	2	29	57.000	  86.000	  81.000	  50.000	  60.000	  68.000	Fill	1	49	1	791
52639	2	30	52.000	  80.000	  79.000	  52.658	  74.000	  48.100	AttRF2	3	50	1	625
52639	2	31	49.000	  78.000	  79.000	  48.380	  49.000	  69.000	AttF1	4	50	1	557
52639	2	32	51.000	  77.000	  85.000	  60.000	  68.000	  61.000	Fill	2	51	2	481
52639	2	33	49.000	  78.000	  77.000	  49.636	  47.058	  73.000	AttRF1	2	49	1	1017
52639	2	34	48.000	  79.000	  79.000	  48.000	  70.000	  48.000	AttF2	3	50	1	606
52639	2	35	49.000	  78.000	  79.000	  48.380	  42.000	  78.000	AttR1	6	51	1	647
52639	2	36	60.000	  86.000	  78.000	  51.000	  62.000	  67.000	Fill	2	49	1	872
52639	2	37	52.000	  82.000	  81.000	  52.642	  43.000	  82.000	AttR1	2	51	2	904
52639	2	38	59.000	  84.000	  82.000	  49.000	  62.000	  68.000	Fill	4	50	1	509
52639	2	39	49.000	  82.000	  80.000	  50.225	  76.000	  45.415	AttRF2	4	51	2	1105
52639	2	40	49.000	  78.000	  79.000	  48.380	  75.000	  47.115	AttRF2	3	50	1	559
52639	2	41	50.000	  80.000	  81.000	  49.383	  41.000	  80.000	AttR1	2	49	1	860
52639	2	42	49.000	  80.000	  79.000	  49.620	  74.000	  45.325	AttRF2	6	50	2	1293
52639	2	43	52.000	  80.000	  79.000	  52.658	  44.000	  80.000	AttR1	3	49	2	853
52639	2	44	52.000	  82.000	  81.000	  52.642	  72.000	  52.642	AttF2	3	51	3	932
52639	2	45	50.000	  80.000	  86.000	  60.000	  67.000	  59.000	Fill	3	49	2	546
52639	2	46	49.000	  78.000	  79.000	  48.380	  45.318	  74.000	AttRF1	3	49	2	671
52639	2	47	50.000	  80.000	  78.000	  51.282	  41.000	  80.000	AttR1	1	49	1	735
52639	2	48	49.000	  78.000	  77.000	  49.636	  77.000	  41.636	AttR2	6	50	2	772
52639	2	49	61.000	  85.000	  80.000	  49.000	  59.000	  67.000	Fill	2	49	1	687
52639	2	50	59.000	  85.000	  80.000	  50.000	  60.000	  68.000	Fill	1	49	1	1479
52639	2	51	49.000	  80.000	  79.000	  49.620	  47.108	  75.000	AttRF1	5	51	1	999
52639	2	52	50.000	  80.000	  81.000	  49.383	  81.000	  41.383	AttR2	3	49	2	601
52639	2	53	48.000	  79.000	  79.000	  48.000	  79.000	  40.000	AttR2	4	50	1	468
52639	2	54	60.000	  84.000	  80.000	  51.000	  60.000	  69.000	Fill	4	50	1	660
52639	2	55	57.000	  86.000	  76.000	  51.000	  56.000	  67.000	Fill	4	50	1	412
52639	2	56	50.000	  80.000	  80.000	  50.000	  42.000	  80.000	AttR1	3	50	1	567
52639	2	57	49.000	  82.000	  80.000	  50.225	  71.000	  50.225	AttF2	5	51	1	707
52639	2	58	49.000	  78.000	  77.000	  49.636	  49.000	  69.000	AttF1	3	49	2	951
52639	2	59	50.000	  80.000	  78.000	  51.282	  50.000	  73.000	AttF1	2	51	2	652
52639	2	60	49.000	  80.000	  79.000	  49.620	  41.000	  80.000	AttR1	1	50	2	476
52639	2	61	52.000	  80.000	  79.000	  52.658	  52.000	  72.000	AttF1	2	51	2	652
52639	2	62	50.000	  80.000	  81.000	  49.383	  73.000	  49.383	AttF2	2	51	2	437
52639	2	63	52.000	  80.000	  79.000	  52.658	  50.659	  76.000	AttRF1	5	51	1	1237
52639	2	64	61.000	  83.000	  79.000	  50.000	  60.000	  66.000	Fill	5	51	1	452
52639	2	65	49.000	  78.000	  85.000	  60.000	  69.000	  59.000	Fill	2	51	2	436
52639	2	66	50.000	  80.000	  81.000	  49.383	  76.000	  47.500	AttRF2	4	49	3	1492
52639	2	67	49.000	  82.000	  80.000	  50.225	  49.000	  75.000	AttF1	3	50	1	628
52639	2	68	48.000	  79.000	  79.000	  48.000	  74.000	  44.962	AttRF2	2	51	2	687
52639	2	69	50.000	  80.000	  78.000	  51.282	  49.967	  76.000	AttRF1	5	49	2	647
52639	2	70	49.000	  82.000	  80.000	  50.225	  40.000	  82.000	AttR1	6	50	2	551
52639	2	71	48.000	  79.000	  79.000	  48.000	  44.962	  74.000	AttRF1	6	50	2	3564
52639	2	72	52.000	  80.000	  79.000	  52.658	  70.000	  52.658	AttF2	3	49	2	913
52639	2	73	49.000	  78.000	  77.000	  49.636	  41.000	  78.000	AttR1	3	49	2	735
52639	2	74	61.000	  86.000	  81.000	  47.000	  60.000	  67.000	Fill	3	49	2	4589
52639	2	75	50.000	  80.000	  81.000	  49.383	  45.725	  75.000	AttRF1	2	51	2	703
52639	2	76	52.000	  80.000	  79.000	  52.658	  79.000	  43.658	AttR2	3	50	1	1740
52639	2	77	50.000	  80.000	  87.000	  59.000	  66.000	  58.000	Fill	2	51	2	674
52639	2	78	49.000	  83.000	  85.000	  60.000	  70.000	  59.000	Fill	5	49	2	497
52639	2	79	50.000	  80.000	  80.000	  50.000	  76.000	  47.500	AttRF2	5	49	2	521
52639	2	80	52.000	  82.000	  81.000	  52.642	  77.000	  48.829	AttRF2	1	50	2	1111
52639	3	1	50.000	  78.000	  80.000	  48.750	  72.000	  48.750	AttF2	4	51	2	2032
52639	3	2	50.000	  83.000	  85.000	  48.824	  85.000	  41.824	AttR2	1	51	3	1372
52639	3	3	49.000	  81.000	  82.000	  48.402	  45.451	  77.000	AttRF1	3	50	1	1190
52639	3	4	51.000	  77.000	  76.000	  51.671	  44.000	  77.000	AttR1	3	50	1	505
52639	3	5	50.000	  81.000	  86.000	  61.000	  69.000	  60.000	Fill	1	50	2	430
52639	3	6	50.000	  81.000	  81.000	  50.000	  46.914	  76.000	AttRF1	3	50	1	1169
52639	3	7	50.000	  81.000	  79.000	  51.266	  41.000	  81.000	AttR1	2	51	2	1419
52639	3	8	50.000	  80.000	  83.000	  60.000	  70.000	  62.000	Fill	2	51	2	551
52639	3	9	48.000	  79.000	  78.000	  48.615	  48.000	  72.000	AttF1	2	49	1	747
52639	3	10	60.000	  82.000	  80.000	  51.000	  59.000	  68.000	Fill	5	51	1	408
52639	3	11	50.000	  83.000	  85.000	  48.824	  50.000	  76.000	AttF1	5	51	1	611
52639	3	12	49.000	  79.000	  87.000	  61.000	  68.000	  60.000	Fill	2	51	2	534
52639	3	13	50.000	  81.000	  81.000	  50.000	  81.000	  43.000	AttR2	6	51	1	547
52639	3	14	50.000	  80.000	  81.000	  49.383	  76.000	  47.500	AttRF2	3	49	2	2521
52639	3	15	53.000	  78.000	  76.000	  54.395	  76.000	  45.395	AttR2	5	49	2	494
52639	3	16	49.000	  81.000	  82.000	  48.402	  40.000	  81.000	AttR1	1	50	2	750
52639	3	17	50.000	  80.000	  81.000	  49.383	  43.000	  80.000	AttR1	1	50	2	572
52639	3	18	50.000	  81.000	  82.000	  49.390	  46.379	  77.000	AttRF1	6	50	2	527
52639	3	19	51.000	  77.000	  76.000	  51.671	  76.000	  42.671	AttR2	3	49	2	1075
52639	3	20	48.000	  79.000	  78.000	  48.615	  46.122	  74.000	AttRF1	3	49	2	1092
52639	3	21	59.000	  86.000	  81.000	  53.000	  60.000	  68.000	Fill	2	49	1	803
52639	3	22	50.000	  78.000	  80.000	  48.750	  43.000	  78.000	AttR1	2	49	1	1070
52639	3	23	50.000	  80.000	  81.000	  49.383	  74.000	  49.383	AttF2	2	51	2	1015
52639	3	24	50.000	  81.000	  81.000	  50.000	  50.000	  73.000	AttF1	4	51	2	496
52639	3	25	50.000	  80.000	  81.000	  49.383	  81.000	  42.383	AttR2	3	49	2	744
52639	3	26	48.000	  79.000	  78.000	  48.615	  74.000	  44.962	AttRF2	6	50	2	766
52639	3	27	51.000	  77.000	  76.000	  51.671	  68.000	  51.671	AttF2	5	49	2	1712
52639	3	28	51.000	  77.000	  76.000	  51.671	  48.952	  72.000	AttRF1	1	50	2	590
52639	3	29	58.000	  83.000	  79.000	  49.000	  58.000	  69.000	Fill	2	51	2	472
52639	3	30	60.000	  86.000	  80.000	  51.000	  60.000	  68.000	Fill	4	50	1	544
52639	3	31	50.000	  83.000	  85.000	  48.824	  81.000	  48.795	AttRF2	5	51	1	3310
52639	3	32	53.000	  78.000	  76.000	  54.395	  53.000	  69.000	AttF1	3	49	2	1107
52639	3	33	50.000	  81.000	  81.000	  50.000	  76.000	  46.914	AttRF2	6	51	1	768
52639	3	34	49.000	  81.000	  82.000	  48.402	  82.000	  40.402	AttR2	3	50	1	619
52639	3	35	50.000	  78.000	  80.000	  48.750	  50.000	  70.000	AttF1	5	51	1	654
52639	3	36	48.000	  79.000	  78.000	  48.615	  78.000	  40.615	AttR2	1	49	1	2030
52639	3	37	50.000	  78.000	  80.000	  48.750	  75.000	  48.077	AttRF2	2	49	1	1537
52639	3	38	50.000	  81.000	  79.000	  51.266	  49.319	  76.000	AttRF1	3	49	2	2638
52639	3	39	48.000	  80.000	  87.000	  58.000	  69.000	  60.000	Fill	6	50	2	710
52639	3	40	50.000	  81.000	  81.000	  50.000	  72.000	  50.000	AttF2	1	50	2	1483
52639	3	41	50.000	  81.000	  79.000	  51.266	  74.000	  45.679	AttRF2	5	51	1	771
52639	3	42	49.000	  81.000	  82.000	  48.402	  78.000	  47.185	AttRF2	4	51	2	854
52639	3	43	51.000	  77.000	  76.000	  51.671	  71.000	  47.026	AttRF2	4	51	2	675
52639	3	44	50.000	  82.000	  86.000	  60.000	  69.000	  59.000	Fill	2	51	2	654
52639	3	45	50.000	  81.000	  79.000	  51.266	  79.000	  42.266	AttR2	4	50	1	814
52639	3	46	53.000	  78.000	  76.000	  54.395	  44.000	  78.000	AttR1	5	51	1	640
52639	3	47	51.000	  77.000	  76.000	  51.671	  51.000	  69.000	AttF1	3	49	2	688
52639	3	48	58.000	  88.000	  79.000	  50.000	  57.000	  69.000	Fill	3	50	1	864
52639	3	49	48.000	  79.000	  78.000	  48.615	  71.000	  48.615	AttF2	4	50	1	1688
52639	3	50	50.000	  81.000	  82.000	  49.390	  42.000	  81.000	AttR1	3	50	1	14136
52639	3	51	50.000	  80.000	  87.000	  59.000	  68.000	  59.000	Fill	3	50	1	526
52639	3	52	50.000	  83.000	  85.000	  48.824	  45.377	  79.000	AttRF1	2	49	1	1947
52639	3	53	50.000	  80.000	  81.000	  49.383	  45.725	  75.000	AttRF1	6	50	2	455
52639	3	54	50.000	  78.000	  80.000	  48.750	  44.484	  73.000	AttRF1	2	51	2	759
52639	3	55	61.000	  86.000	  81.000	  49.000	  58.000	  69.000	Fill	5	51	1	533
52639	3	56	50.000	  83.000	  85.000	  48.824	  42.000	  83.000	AttR1	6	51	1	546
52639	3	57	50.000	  81.000	  82.000	  49.390	  78.000	  48.148	AttRF2	6	51	1	656
52639	3	58	50.000	  83.000	  85.000	  48.824	  76.000	  48.824	AttF2	4	51	2	592
52639	3	59	50.000	  80.000	  81.000	  49.383	  50.000	  71.000	AttF1	2	49	1	611
52639	3	60	48.000	  79.000	  78.000	  48.615	  40.000	  79.000	AttR1	5	51	1	798
52639	3	61	50.000	  78.000	  86.000	  58.000	  67.000	  59.000	Fill	4	51	2	448
52639	3	62	50.000	  81.000	  82.000	  49.390	  82.000	  42.390	AttR2	2	51	2	400
52639	3	63	50.000	  81.000	  81.000	  50.000	  42.000	  81.000	AttR1	5	51	1	611
52639	3	64	50.000	  81.000	  82.000	  49.390	  74.000	  49.390	AttF2	4	50	1	606
52639	3	65	53.000	  78.000	  76.000	  54.395	  52.248	  73.000	AttRF1	2	51	2	432
52639	3	66	53.000	  78.000	  76.000	  54.395	  71.000	  48.244	AttRF2	3	49	2	706
52639	3	67	50.000	  81.000	  82.000	  49.390	  50.000	  73.000	AttF1	3	51	3	400
52639	3	68	53.000	  78.000	  76.000	  54.395	  68.000	  54.395	AttF2	3	51	3	434
52639	3	69	60.000	  85.000	  82.000	  49.000	  60.000	  70.000	Fill	3	51	3	651
52639	3	70	50.000	  81.000	  79.000	  51.266	  72.000	  51.266	AttF2	1	50	2	891
52639	3	71	49.000	  81.000	  85.000	  60.000	  67.000	  60.000	Fill	1	50	2	531
52639	3	72	50.000	  81.000	  79.000	  51.266	  50.000	  73.000	AttF1	4	51	2	456
52639	3	73	58.000	  82.000	  79.000	  49.000	  58.000	  70.000	Fill	1	50	2	512
52639	3	74	50.000	  81.000	  85.000	  59.000	  66.000	  57.000	Fill	2	51	2	374
52639	3	75	64.000	  86.000	  79.000	  49.000	  59.000	  69.000	Fill	6	50	2	520
52639	3	76	50.000	  78.000	  80.000	  48.750	  80.000	  41.750	AttR2	4	51	2	422
52639	3	77	53.000	  79.000	  84.000	  57.000	  68.000	  60.000	Fill	1	50	2	616
52639	3	78	49.000	  81.000	  82.000	  48.402	  73.000	  48.402	AttF2	4	51	2	1386
52639	3	79	49.000	  81.000	  82.000	  48.402	  49.000	  73.000	AttF1	4	51	2	894
52639	3	80	57.000	  87.000	  80.000	  51.000	  59.000	  70.000	Fill	5	51	1	429
52639	4	1	54.000	  82.000	  80.000	  55.350	  54.000	  75.000	AttF1	4	51	2	1488
52639	4	2	54.000	  82.000	  80.000	  55.350	  47.000	  82.000	AttR1	3	50	1	987
52639	4	3	50.000	  81.000	  82.000	  49.390	  43.000	  81.000	AttR1	6	51	1	773
52639	4	4	57.000	  86.000	  82.000	  49.000	  59.000	  70.000	Fill	1	50	2	1191
52639	4	5	55.000	  82.000	  83.000	  54.337	  46.000	  82.000	AttR1	2	51	2	883
52639	4	6	53.000	  84.000	  82.000	  54.293	  75.000	  54.293	AttF2	1	51	3	498
52639	4	7	53.000	  84.000	  82.000	  54.293	  82.000	  46.293	AttR2	1	51	3	498
52639	4	8	52.000	  82.000	  84.000	  58.000	  70.000	  59.000	Fill	5	49	2	715
52639	4	9	50.000	  82.000	  81.000	  50.617	  43.000	  82.000	AttR1	3	49	2	600
52639	4	10	51.000	  80.000	  82.000	  49.756	  82.000	  40.756	AttR2	1	49	1	722
52639	4	11	48.000	  80.000	  81.000	  47.407	  77.000	  46.200	AttRF2	3	50	1	2720
52639	4	12	48.000	  80.000	  81.000	  47.407	  72.000	  47.407	AttF2	2	51	2	646
52639	4	13	51.000	  79.000	  86.000	  62.000	  68.000	  59.000	Fill	1	50	2	478
52639	4	14	48.000	  80.000	  81.000	  47.407	  81.000	  39.407	AttR2	2	49	1	774
52639	4	15	53.000	  84.000	  82.000	  54.293	  52.968	  80.000	AttRF1	4	49	3	696
52639	4	16	50.000	  81.000	  82.000	  49.390	  73.000	  49.390	AttF2	4	50	1	744
52639	4	17	64.000	  84.000	  81.000	  50.000	  59.000	  68.000	Fill	5	51	1	565
52639	4	18	51.000	  80.000	  82.000	  49.756	  51.000	  73.000	AttF1	2	49	1	851
52639	4	19	54.000	  82.000	  80.000	  55.350	  73.000	  55.350	AttF2	1	49	1	722
52639	4	20	54.000	  82.000	  80.000	  55.350	  75.000	  49.390	AttRF2	2	51	2	696
52639	4	21	58.000	  86.000	  79.000	  50.000	  57.000	  66.000	Fill	2	49	1	1279
52639	4	22	54.000	  82.000	  80.000	  55.350	  53.966	  78.000	AttRF1	4	51	2	583
52639	4	23	47.000	  81.000	  83.000	  45.867	  83.000	  36.867	AttR2	1	49	1	459
52639	4	24	51.000	  78.000	  79.000	  50.354	  51.000	  71.000	AttF1	6	50	2	658
52639	4	25	51.000	  78.000	  79.000	  50.354	  79.000	  42.354	AttR2	1	50	2	498
52639	4	26	49.000	  80.000	  81.000	  48.395	  73.000	  48.395	AttF2	4	51	2	794
52639	4	27	58.000	  82.000	  77.000	  50.000	  60.000	  69.000	Fill	5	51	1	510
52639	4	28	60.000	  86.000	  78.000	  48.000	  59.000	  66.000	Fill	4	50	1	513
52639	4	29	48.000	  80.000	  81.000	  47.407	  48.000	  72.000	AttF1	2	51	2	376
52639	4	30	48.000	  80.000	  81.000	  47.407	  39.000	  80.000	AttR1	4	51	2	769
52639	4	31	50.000	  81.000	  85.000	  60.000	  68.000	  59.000	Fill	3	49	2	509
52639	4	32	50.000	  82.000	  81.000	  50.617	  48.743	  78.000	AttRF1	3	49	2	483
52639	4	33	47.000	  81.000	  83.000	  45.867	  40.000	  81.000	AttR1	4	51	2	483
52639	4	34	51.000	  78.000	  79.000	  50.354	  75.000	  49.038	AttRF2	4	50	1	523
52639	4	35	51.000	  80.000	  82.000	  49.756	  46.115	  76.000	AttRF1	5	51	1	559
52639	4	36	47.000	  81.000	  83.000	  45.867	  47.000	  73.000	AttF1	3	49	2	933
52639	4	37	50.000	  82.000	  81.000	  50.617	  50.000	  74.000	AttF1	3	49	2	466
52639	4	38	47.000	  81.000	  83.000	  45.867	  75.000	  45.867	AttF2	6	50	2	538
52639	4	39	51.000	  78.000	  79.000	  50.354	  70.000	  50.354	AttF2	4	51	2	416
52639	4	40	60.000	  84.000	  79.000	  50.000	  56.000	  69.000	Fill	5	51	1	641
52639	4	41	49.000	  80.000	  81.000	  48.395	  81.000	  40.395	AttR2	6	50	2	458
52639	4	42	47.000	  84.000	  86.000	  60.000	  68.000	  59.000	Fill	4	51	2	450
52639	4	43	60.000	  84.000	  80.000	  49.000	  60.000	  69.000	Fill	3	50	1	506
52639	4	44	50.000	  82.000	  81.000	  50.617	  74.000	  50.617	AttF2	5	51	1	768
52639	4	45	55.000	  82.000	  83.000	  54.337	  55.000	  74.000	AttF1	4	50	1	1803
52639	4	46	50.000	  81.000	  82.000	  49.390	  45.776	  76.000	AttRF1	6	50	2	894
52639	4	47	47.000	  81.000	  83.000	  45.867	  78.000	  45.259	AttRF2	2	51	2	1245
52639	4	48	55.000	  82.000	  83.000	  54.337	  83.000	  45.337	AttR2	5	49	2	685
52639	4	49	61.000	  85.000	  78.000	  48.000	  57.000	  67.000	Fill	3	50	1	541
52639	4	50	49.000	  80.000	  81.000	  48.395	  40.000	  80.000	AttR1	2	49	1	523
52639	4	51	59.000	  87.000	  80.000	  47.000	  58.000	  69.000	Fill	5	51	1	479
52639	4	52	55.000	  82.000	  83.000	  54.337	  76.000	  54.337	AttF2	2	49	1	647
52639	4	53	50.000	  81.000	  82.000	  49.390	  50.000	  74.000	AttF1	5	51	1	518
52639	4	54	47.000	  81.000	  83.000	  45.867	  41.999	  76.000	AttRF1	4	51	2	525
52639	4	55	53.000	  84.000	  82.000	  54.293	  46.000	  84.000	AttR1	2	49	1	593
52639	4	56	50.000	  81.000	  82.000	  49.390	  82.000	  42.390	AttR2	5	51	1	734
52639	4	57	51.000	  80.000	  82.000	  49.756	  77.000	  49.087	AttRF2	6	50	2	682
52639	4	58	50.000	  82.000	  81.000	  50.617	  76.000	  46.341	AttRF2	5	49	2	778
52639	4	59	53.000	  84.000	  82.000	  54.293	  77.000	  48.583	AttRF2	6	51	1	629
52639	4	60	59.000	  85.000	  80.000	  49.000	  60.000	  69.000	Fill	2	49	1	519
52639	4	61	49.000	  81.000	  85.000	  59.000	  68.000	  58.000	Fill	5	49	2	581
52639	4	62	53.000	  84.000	  82.000	  54.293	  53.000	  75.000	AttF1	4	51	2	463
52639	4	63	50.000	  80.000	  85.000	  60.000	  69.000	  60.000	Fill	1	50	2	479
52639	4	64	52.000	  82.000	  85.000	  58.000	  68.000	  60.000	Fill	3	49	2	495
52639	4	65	49.000	  80.000	  81.000	  48.395	  45.408	  76.000	AttRF1	2	51	2	415
52639	4	66	51.000	  80.000	  82.000	  49.756	  44.000	  80.000	AttR1	1	50	2	746
52639	4	67	51.000	  78.000	  79.000	  50.354	  46.530	  73.000	AttRF1	3	51	3	1207
52639	4	68	50.000	  82.000	  81.000	  50.617	  81.000	  42.617	AttR2	5	51	1	618
52639	4	69	51.000	  80.000	  82.000	  49.756	  73.000	  49.756	AttF2	5	49	2	844
52639	4	70	48.000	  80.000	  81.000	  47.407	  44.481	  76.000	AttRF1	3	51	3	661
52639	4	71	50.000	  78.000	  86.000	  59.000	  68.000	  60.000	Fill	2	51	2	437
52639	4	72	49.000	  80.000	  81.000	  48.395	  49.000	  71.000	AttF1	4	51	2	1085
52639	4	73	55.000	  82.000	  83.000	  54.337	  50.409	  77.000	AttRF1	3	49	2	469
52639	4	74	49.000	  80.000	  81.000	  48.395	  76.000	  46.550	AttRF2	2	51	2	845
52639	4	75	47.000	  80.000	  87.000	  59.000	  69.000	  58.000	Fill	2	51	2	477
52639	4	76	50.000	  81.000	  82.000	  49.390	  77.000	  47.531	AttRF2	2	51	2	485
52639	4	77	51.000	  78.000	  79.000	  50.354	  42.000	  78.000	AttR1	3	49	2	1293
52639	4	78	48.000	  79.000	  84.000	  64.000	  68.000	  59.000	Fill	1	50	2	2085
52639	4	79	55.000	  82.000	  83.000	  54.337	  79.000	  52.988	AttRF2	3	50	1	1213
52639	4	80	54.000	  82.000	  80.000	  55.350	  80.000	  46.350	AttR2	2	51	2	767
52639	5	1	52.000	  82.000	  81.000	  52.642	  43.000	  82.000	AttR1	1	50	2	1592
52639	5	2	52.000	  80.000	  79.000	  52.658	  70.000	  52.658	AttF2	6	51	1	753
52639	5	3	52.000	  82.000	  81.000	  52.642	  81.000	  44.642	AttR2	5	49	2	2471
52639	5	4	61.000	  85.000	  80.000	  49.000	  59.000	  67.000	Fill	5	51	1	566
52639	5	5	50.000	  80.000	  80.000	  50.000	  46.875	  75.000	AttRF1	4	51	2	1274
52639	5	6	50.000	  78.000	  84.000	  60.000	  67.000	  57.000	Fill	2	51	2	546
52639	5	7	52.000	  82.000	  81.000	  52.642	  50.042	  77.000	AttRF1	4	51	2	415
52639	5	8	49.000	  78.000	  79.000	  48.380	  75.000	  47.115	AttRF2	4	51	2	474
52639	5	9	49.000	  78.000	  79.000	  48.380	  45.318	  74.000	AttRF1	2	51	2	378
52639	5	10	50.000	  80.000	  78.000	  51.282	  41.000	  80.000	AttR1	2	51	2	372
52639	5	11	48.000	  79.000	  79.000	  48.000	  70.000	  48.000	AttF2	1	49	1	551
52639	5	12	49.000	  82.000	  80.000	  50.225	  80.000	  42.225	AttR2	1	49	1	549
52639	5	13	49.000	  80.000	  79.000	  49.620	  70.000	  49.620	AttF2	2	51	2	393
52639	5	14	51.000	  79.000	  85.000	  59.000	  68.000	  60.000	Fill	1	50	2	893
52639	5	15	49.000	  80.000	  79.000	  49.620	  41.000	  80.000	AttR1	3	50	1	980
52639	5	16	50.000	  80.000	  80.000	  50.000	  73.000	  50.000	AttF2	4	51	2	415
52639	5	17	49.000	  80.000	  79.000	  49.620	  79.000	  40.620	AttR2	5	49	2	594
52639	5	18	50.000	  80.000	  78.000	  51.282	  49.967	  76.000	AttRF1	5	49	2	773
52639	5	19	48.000	  79.000	  79.000	  48.000	  79.000	  40.000	AttR2	6	50	2	727
52639	5	20	52.000	  82.000	  81.000	  52.642	  52.000	  75.000	AttF1	5	49	2	573
52639	5	21	49.000	  80.000	  79.000	  49.620	  47.108	  75.000	AttRF1	2	51	2	446
52639	5	22	49.000	  83.000	  85.000	  60.000	  70.000	  59.000	Fill	2	51	2	438
52639	5	23	49.000	  82.000	  80.000	  50.225	  71.000	  50.225	AttF2	3	49	2	446
52639	5	24	49.000	  82.000	  80.000	  50.225	  48.342	  77.000	AttRF1	5	49	2	622
52639	5	25	52.000	  80.000	  79.000	  52.658	  44.000	  80.000	AttR1	4	50	1	505
52639	5	26	49.000	  78.000	  85.000	  60.000	  69.000	  59.000	Fill	5	49	2	430
52639	5	27	49.000	  80.000	  79.000	  49.620	  49.000	  72.000	AttF1	5	49	2	570
52639	5	28	57.000	  86.000	  81.000	  50.000	  60.000	  68.000	Fill	5	51	1	788
52639	5	29	49.000	  80.000	  79.000	  49.620	  74.000	  45.325	AttRF2	5	49	2	527
52639	5	30	48.000	  79.000	  79.000	  48.000	  48.000	  72.000	AttF1	6	50	2	500
52639	5	31	50.000	  80.000	  86.000	  60.000	  67.000	  59.000	Fill	5	49	2	626
52639	5	32	52.000	  80.000	  79.000	  52.658	  79.000	  43.658	AttR2	6	50	2	972
52639	5	33	49.000	  79.000	  84.000	  58.000	  68.000	  61.000	Fill	3	49	2	495
52639	5	34	61.000	  83.000	  79.000	  50.000	  60.000	  66.000	Fill	1	49	1	694
52639	5	35	49.000	  78.000	  77.000	  49.636	  47.058	  73.000	AttRF1	4	51	2	511
52639	5	36	50.000	  80.000	  87.000	  59.000	  66.000	  58.000	Fill	5	49	2	507
52639	5	37	50.000	  82.000	  84.000	  60.000	  68.000	  58.000	Fill	2	51	2	562
52639	5	38	49.000	  78.000	  79.000	  48.380	  49.000	  69.000	AttF1	3	49	2	511
52639	5	39	49.000	  78.000	  77.000	  49.636	  69.000	  49.636	AttF2	3	50	1	2060
52639	5	40	60.000	  84.000	  80.000	  51.000	  60.000	  69.000	Fill	6	51	1	637
52639	5	41	49.000	  82.000	  80.000	  50.225	  76.000	  45.415	AttRF2	2	49	1	675
52639	5	42	49.000	  82.000	  80.000	  50.225	  40.000	  82.000	AttR1	4	50	1	572
52639	5	43	50.000	  80.000	  81.000	  49.383	  50.000	  71.000	AttF1	2	51	2	430
52639	5	44	48.000	  79.000	  79.000	  48.000	  41.000	  79.000	AttR1	6	50	2	530
52639	5	45	49.000	  78.000	  77.000	  49.636	  77.000	  41.636	AttR2	4	51	2	710
52639	5	46	49.000	  78.000	  79.000	  48.380	  70.000	  48.380	AttF2	1	50	2	653
52639	5	47	48.000	  79.000	  79.000	  48.000	  74.000	  44.962	AttRF2	3	49	2	3309
52639	5	48	61.000	  86.000	  81.000	  47.000	  60.000	  67.000	Fill	2	51	2	705
52639	5	49	50.000	  80.000	  78.000	  51.282	  74.000	  46.250	AttRF2	3	49	2	1735
52639	5	50	59.000	  85.000	  80.000	  50.000	  60.000	  68.000	Fill	6	51	1	1196
52639	5	51	49.000	  78.000	  77.000	  49.636	  41.000	  78.000	AttR1	2	49	1	1038
52639	5	52	50.000	  80.000	  80.000	  50.000	  42.000	  80.000	AttR1	4	51	2	926
52639	5	53	48.000	  79.000	  79.000	  48.000	  44.962	  74.000	AttRF1	5	51	1	1004
52639	5	54	60.000	  86.000	  78.000	  51.000	  62.000	  67.000	Fill	6	51	1	462
52639	5	55	49.000	  78.000	  79.000	  48.380	  79.000	  41.380	AttR2	5	49	2	1462
52639	5	56	50.000	  80.000	  80.000	  50.000	  50.000	  71.000	AttF1	1	50	2	870
52639	5	57	49.000	  82.000	  80.000	  50.225	  49.000	  75.000	AttF1	6	50	2	887
52639	5	58	57.000	  86.000	  76.000	  51.000	  56.000	  67.000	Fill	2	49	1	875
52639	5	59	52.000	  80.000	  79.000	  52.658	  74.000	  48.100	AttRF2	3	49	2	734
52639	5	60	50.000	  80.000	  81.000	  49.383	  45.725	  75.000	AttRF1	4	51	2	604
52639	5	61	52.000	  80.000	  79.000	  52.658	  50.659	  76.000	AttRF1	1	50	2	495
52639	5	62	59.000	  84.000	  82.000	  49.000	  62.000	  68.000	Fill	4	50	1	559
52639	5	63	51.000	  82.000	  84.000	  60.000	  69.000	  60.000	Fill	4	51	2	763
52639	5	64	52.000	  82.000	  81.000	  52.642	  77.000	  48.829	AttRF2	4	50	1	1074
52639	5	65	50.000	  80.000	  81.000	  49.383	  76.000	  47.500	AttRF2	4	50	1	577
52639	5	66	50.000	  80.000	  81.000	  49.383	  41.000	  80.000	AttR1	6	50	2	540
52639	5	67	51.000	  77.000	  85.000	  60.000	  68.000	  61.000	Fill	4	50	1	586
52639	5	68	52.000	  82.000	  81.000	  52.642	  72.000	  52.642	AttF2	3	49	2	468
52639	5	69	50.000	  80.000	  78.000	  51.282	  50.000	  73.000	AttF1	5	49	2	452
52639	5	70	50.000	  80.000	  81.000	  49.383	  81.000	  41.383	AttR2	2	51	2	636
52639	5	71	50.000	  80.000	  81.000	  49.383	  73.000	  49.383	AttF2	2	51	2	989
52639	5	72	49.000	  78.000	  77.000	  49.636	  49.000	  69.000	AttF1	5	49	2	815
52639	5	73	50.000	  80.000	  80.000	  50.000	  76.000	  47.500	AttRF2	6	51	1	514
52639	5	74	50.000	  80.000	  78.000	  51.282	  71.000	  51.282	AttF2	2	51	2	470
52639	5	75	50.000	  80.000	  80.000	  50.000	  80.000	  41.000	AttR2	3	49	2	685
52639	5	76	49.000	  78.000	  77.000	  49.636	  72.000	  45.231	AttRF2	4	51	2	846
52639	5	77	61.000	  82.000	  80.000	  53.000	  58.000	  67.000	Fill	3	50	1	511
52639	5	78	49.000	  78.000	  79.000	  48.380	  42.000	  78.000	AttR1	5	49	2	652
52639	5	79	52.000	  80.000	  79.000	  52.658	  52.000	  72.000	AttF1	3	49	2	531
52639	5	80	50.000	  80.000	  78.000	  51.282	  78.000	  44.282	AttR2	2	49	1	650
52639	6	1	50.000	  81.000	  81.000	  50.000	  72.000	  50.000	AttF2	5	49	2	2160
52639	6	2	48.000	  79.000	  78.000	  48.615	  46.122	  74.000	AttRF1	2	51	2	528
52639	6	3	49.000	  81.000	  82.000	  48.402	  49.000	  73.000	AttF1	3	49	2	398
52639	6	4	51.000	  77.000	  76.000	  51.671	  76.000	  42.671	AttR2	4	51	2	648
52639	6	5	50.000	  81.000	  81.000	  50.000	  76.000	  46.914	AttRF2	5	49	2	656
52639	6	6	51.000	  77.000	  76.000	  51.671	  44.000	  77.000	AttR1	3	49	2	361
52639	6	7	48.000	  79.000	  78.000	  48.615	  74.000	  44.962	AttRF2	2	51	2	414
52639	6	8	48.000	  79.000	  78.000	  48.615	  71.000	  48.615	AttF2	6	50	2	585
52639	6	9	50.000	  80.000	  81.000	  49.383	  76.000	  47.500	AttRF2	1	50	2	884
52639	6	10	48.000	  79.000	  78.000	  48.615	  48.000	  72.000	AttF1	4	51	2	684
52639	6	11	50.000	  81.000	  85.000	  59.000	  66.000	  57.000	Fill	5	49	2	484
52639	6	12	50.000	  81.000	  79.000	  51.266	  79.000	  42.266	AttR2	4	50	1	532
52639	6	13	58.000	  82.000	  79.000	  49.000	  58.000	  70.000	Fill	4	50	1	656
52639	6	14	50.000	  81.000	  82.000	  49.390	  50.000	  73.000	AttF1	5	49	2	456
52639	6	15	50.000	  81.000	  86.000	  61.000	  69.000	  60.000	Fill	2	51	2	553
52639	6	16	50.000	  81.000	  81.000	  50.000	  81.000	  43.000	AttR2	6	50	2	534
52639	6	17	50.000	  78.000	  80.000	  48.750	  80.000	  41.750	AttR2	2	51	2	548
52639	6	18	50.000	  81.000	  81.000	  50.000	  42.000	  81.000	AttR1	3	49	2	473
52639	6	19	53.000	  78.000	  76.000	  54.395	  76.000	  45.395	AttR2	5	51	1	464
52639	6	20	49.000	  81.000	  85.000	  60.000	  67.000	  60.000	Fill	2	51	2	425
52639	6	21	50.000	  83.000	  85.000	  48.824	  85.000	  41.824	AttR2	3	50	1	1076
52639	6	22	50.000	  81.000	  82.000	  49.390	  78.000	  48.148	AttRF2	3	51	3	652
52639	6	23	53.000	  79.000	  84.000	  57.000	  68.000	  60.000	Fill	1	50	2	515
52639	6	24	49.000	  79.000	  87.000	  61.000	  68.000	  60.000	Fill	2	51	2	569
52639	6	25	50.000	  83.000	  85.000	  48.824	  42.000	  83.000	AttR1	1	50	2	588
52639	6	26	53.000	  78.000	  76.000	  54.395	  53.000	  69.000	AttF1	3	50	1	966
52639	6	27	50.000	  78.000	  80.000	  48.750	  50.000	  70.000	AttF1	3	50	1	699
52639	6	28	59.000	  86.000	  81.000	  53.000	  60.000	  68.000	Fill	6	50	2	401
52639	6	29	50.000	  78.000	  80.000	  48.750	  44.484	  73.000	AttRF1	4	51	2	523
52639	6	30	48.000	  79.000	  78.000	  48.615	  40.000	  79.000	AttR1	4	51	2	769
52639	6	31	50.000	  80.000	  81.000	  49.383	  74.000	  49.383	AttF2	5	50	3	548
52639	6	32	50.000	  78.000	  80.000	  48.750	  75.000	  48.077	AttRF2	6	50	2	568
52639	6	33	57.000	  87.000	  80.000	  51.000	  59.000	  70.000	Fill	5	50	3	539
52639	6	34	50.000	  83.000	  85.000	  48.824	  81.000	  48.795	AttRF2	4	51	2	600
52639	6	35	53.000	  78.000	  76.000	  54.395	  44.000	  78.000	AttR1	5	51	1	594
52639	6	36	58.000	  83.000	  79.000	  49.000	  58.000	  69.000	Fill	4	51	2	534
52639	6	37	50.000	  81.000	  81.000	  50.000	  46.914	  76.000	AttRF1	2	51	2	420
52639	6	38	60.000	  86.000	  80.000	  51.000	  60.000	  68.000	Fill	5	51	1	446
52639	6	39	50.000	  82.000	  86.000	  60.000	  69.000	  59.000	Fill	1	51	3	373
52639	6	40	50.000	  83.000	  85.000	  48.824	  76.000	  48.824	AttF2	4	51	2	473
52639	6	41	58.000	  88.000	  79.000	  50.000	  57.000	  69.000	Fill	1	49	1	617
52639	6	42	50.000	  80.000	  81.000	  49.383	  43.000	  80.000	AttR1	2	51	2	660
52639	6	43	50.000	  80.000	  81.000	  49.383	  45.725	  75.000	AttRF1	3	49	2	676
52639	6	44	53.000	  78.000	  76.000	  54.395	  52.248	  73.000	AttRF1	4	50	1	796
52639	6	45	50.000	  78.000	  80.000	  48.750	  43.000	  78.000	AttR1	2	49	1	630
52639	6	46	50.000	  81.000	  82.000	  49.390	  74.000	  49.390	AttF2	1	50	2	473
52639	6	47	48.000	  79.000	  78.000	  48.615	  78.000	  40.615	AttR2	1	50	2	1137
52639	6	48	49.000	  81.000	  82.000	  48.402	  40.000	  81.000	AttR1	5	51	1	686
52639	6	49	48.000	  80.000	  87.000	  58.000	  69.000	  60.000	Fill	2	51	2	413
52639	6	50	60.000	  82.000	  80.000	  51.000	  59.000	  68.000	Fill	6	51	1	440
52639	6	51	51.000	  77.000	  76.000	  51.671	  48.952	  72.000	AttRF1	4	51	2	713
52639	6	52	50.000	  80.000	  87.000	  59.000	  68.000	  59.000	Fill	3	49	2	598
52639	6	53	60.000	  85.000	  82.000	  49.000	  60.000	  70.000	Fill	3	50	1	505
52639	6	54	49.000	  81.000	  82.000	  48.402	  45.451	  77.000	AttRF1	5	51	1	621
52639	6	55	50.000	  78.000	  80.000	  48.750	  72.000	  48.750	AttF2	4	51	2	513
52639	6	56	51.000	  77.000	  76.000	  51.671	  51.000	  69.000	AttF1	2	51	2	541
52639	6	57	51.000	  77.000	  76.000	  51.671	  68.000	  51.671	AttF2	5	51	1	699
52639	6	58	50.000	  81.000	  79.000	  51.266	  41.000	  81.000	AttR1	3	50	1	528
52639	6	59	50.000	  83.000	  85.000	  48.824	  45.377	  79.000	AttRF1	3	49	2	678
52639	6	60	49.000	  81.000	  82.000	  48.402	  78.000	  47.185	AttRF2	3	51	3	709
52639	6	61	50.000	  81.000	  79.000	  51.266	  74.000	  45.679	AttRF2	2	51	2	924
52639	6	62	50.000	  81.000	  82.000	  49.390	  42.000	  81.000	AttR1	3	51	3	744
52639	6	63	49.000	  81.000	  82.000	  48.402	  82.000	  40.402	AttR2	3	50	1	718
52639	6	64	64.000	  86.000	  79.000	  49.000	  59.000	  69.000	Fill	3	50	1	491
52639	6	65	51.000	  77.000	  76.000	  51.671	  71.000	  47.026	AttRF2	4	51	2	731
52639	6	66	53.000	  78.000	  76.000	  54.395	  71.000	  48.244	AttRF2	6	50	2	639
52639	6	67	49.000	  81.000	  82.000	  48.402	  73.000	  48.402	AttF2	3	50	1	1424
52639	6	68	50.000	  81.000	  79.000	  51.266	  72.000	  51.266	AttF2	1	50	2	820
52639	6	69	50.000	  81.000	  82.000	  49.390	  82.000	  42.390	AttR2	6	50	2	646
52639	6	70	50.000	  80.000	  81.000	  49.383	  81.000	  42.383	AttR2	4	50	1	525
52639	6	71	50.000	  81.000	  82.000	  49.390	  46.379	  77.000	AttRF1	5	51	1	699
52639	6	72	50.000	  83.000	  85.000	  48.824	  50.000	  76.000	AttF1	4	50	1	864
52639	6	73	50.000	  81.000	  79.000	  51.266	  49.319	  76.000	AttRF1	5	49	2	1009
52639	6	74	53.000	  78.000	  76.000	  54.395	  68.000	  54.395	AttF2	3	50	1	476
52639	6	75	50.000	  81.000	  79.000	  51.266	  50.000	  73.000	AttF1	3	49	2	212
52639	6	76	50.000	  80.000	  81.000	  49.383	  50.000	  71.000	AttF1	4	51	2	565
52639	6	77	61.000	  86.000	  81.000	  49.000	  58.000	  69.000	Fill	3	50	1	416
52639	6	78	50.000	  80.000	  83.000	  60.000	  70.000	  62.000	Fill	4	51	2	483
52639	6	79	50.000	  78.000	  86.000	  58.000	  67.000	  59.000	Fill	4	51	2	443
52639	6	80	50.000	  81.000	  81.000	  50.000	  50.000	  73.000	AttF1	2	51	2	355
52639	7	1	54.000	  82.000	  80.000	  55.350	  80.000	  46.350	AttR2	3	50	1	647
52639	7	2	60.000	  84.000	  80.000	  49.000	  60.000	  69.000	Fill	4	50	1	459
52639	7	3	47.000	  81.000	  83.000	  45.867	  47.000	  73.000	AttF1	3	50	1	970
52639	7	4	50.000	  81.000	  82.000	  49.390	  73.000	  49.390	AttF2	2	49	1	524
52639	7	5	51.000	  78.000	  79.000	  50.354	  51.000	  71.000	AttF1	5	49	2	864
52639	7	6	51.000	  78.000	  79.000	  50.354	  75.000	  49.038	AttRF2	5	50	3	571
52639	7	7	49.000	  80.000	  81.000	  48.395	  73.000	  48.395	AttF2	4	50	1	525
52639	7	8	51.000	  78.000	  79.000	  50.354	  42.000	  78.000	AttR1	5	51	1	898
52639	7	9	47.000	  80.000	  87.000	  59.000	  69.000	  58.000	Fill	4	51	2	456
52639	7	10	48.000	  80.000	  81.000	  47.407	  81.000	  39.407	AttR2	6	51	1	528
52639	7	11	53.000	  84.000	  82.000	  54.293	  75.000	  54.293	AttF2	6	51	1	358
52639	7	12	50.000	  82.000	  81.000	  50.617	  50.000	  74.000	AttF1	3	50	1	660
52639	7	13	55.000	  82.000	  83.000	  54.337	  76.000	  54.337	AttF2	4	50	1	563
52639	7	14	49.000	  80.000	  81.000	  48.395	  45.408	  76.000	AttRF1	5	50	3	928
52639	7	15	50.000	  81.000	  82.000	  49.390	  50.000	  74.000	AttF1	2	50	3	1388
52639	7	16	50.000	  81.000	  82.000	  49.390	  45.776	  76.000	AttRF1	5	50	3	737
52639	7	17	51.000	  78.000	  79.000	  50.354	  70.000	  50.354	AttF2	6	50	2	492
52639	7	18	50.000	  81.000	  85.000	  60.000	  68.000	  59.000	Fill	2	50	3	517
52639	7	19	50.000	  82.000	  81.000	  50.617	  48.743	  78.000	AttRF1	4	50	1	604
52639	7	20	55.000	  82.000	  83.000	  54.337	  55.000	  74.000	AttF1	6	50	2	2085
52639	7	21	47.000	  81.000	  83.000	  45.867	  78.000	  45.259	AttRF2	4	50	1	461
52639	7	22	51.000	  80.000	  82.000	  49.756	  73.000	  49.756	AttF2	2	50	3	524
52639	7	23	51.000	  80.000	  82.000	  49.756	  46.115	  76.000	AttRF1	3	49	2	618
52639	7	24	55.000	  82.000	  83.000	  54.337	  83.000	  45.337	AttR2	1	49	1	589
52639	7	25	47.000	  81.000	  83.000	  45.867	  75.000	  45.867	AttF2	2	50	3	1263
52639	7	26	51.000	  80.000	  82.000	  49.756	  82.000	  40.756	AttR2	4	50	1	423
52639	7	27	50.000	  82.000	  81.000	  50.617	  74.000	  50.617	AttF2	5	49	2	658
52639	7	28	49.000	  80.000	  81.000	  48.395	  76.000	  46.550	AttRF2	1	50	2	444
52639	7	29	53.000	  84.000	  82.000	  54.293	  82.000	  46.293	AttR2	5	49	2	436
52639	7	30	50.000	  81.000	  82.000	  49.390	  43.000	  81.000	AttR1	3	49	2	484
52639	7	31	60.000	  86.000	  78.000	  48.000	  59.000	  66.000	Fill	5	51	1	539
52639	7	32	50.000	  82.000	  81.000	  50.617	  81.000	  42.617	AttR2	6	50	2	424
52639	7	33	47.000	  84.000	  86.000	  60.000	  68.000	  59.000	Fill	2	51	2	740
52639	7	34	50.000	  80.000	  85.000	  60.000	  69.000	  60.000	Fill	5	49	2	487
52639	7	35	53.000	  84.000	  82.000	  54.293	  53.000	  75.000	AttF1	6	50	2	447
52639	7	36	51.000	  80.000	  82.000	  49.756	  77.000	  49.087	AttRF2	2	51	2	1031
52639	7	37	50.000	  82.000	  81.000	  50.617	  43.000	  82.000	AttR1	5	49	2	490
52639	7	38	54.000	  82.000	  80.000	  55.350	  54.000	  75.000	AttF1	3	49	2	515
52639	7	39	47.000	  81.000	  83.000	  45.867	  41.999	  76.000	AttRF1	5	49	2	448
52639	7	40	49.000	  80.000	  81.000	  48.395	  40.000	  80.000	AttR1	6	50	2	431
52639	7	41	59.000	  85.000	  80.000	  49.000	  60.000	  69.000	Fill	5	51	1	1379
52639	7	42	54.000	  82.000	  80.000	  55.350	  53.966	  78.000	AttRF1	2	49	1	781
52639	7	43	49.000	  80.000	  81.000	  48.395	  81.000	  40.395	AttR2	2	49	1	752
52639	7	44	52.000	  82.000	  85.000	  58.000	  68.000	  60.000	Fill	2	51	2	774
52639	7	45	53.000	  84.000	  82.000	  54.293	  77.000	  48.583	AttRF2	2	51	2	481
52639	7	46	55.000	  82.000	  83.000	  54.337	  79.000	  52.988	AttRF2	4	50	1	1273
52639	7	47	59.000	  87.000	  80.000	  47.000	  58.000	  69.000	Fill	4	50	1	480
52639	7	48	53.000	  84.000	  82.000	  54.293	  52.968	  80.000	AttRF1	2	51	2	816
52639	7	49	49.000	  81.000	  85.000	  59.000	  68.000	  58.000	Fill	5	49	2	706
52639	7	50	58.000	  86.000	  79.000	  50.000	  57.000	  66.000	Fill	4	50	1	456
52639	7	51	55.000	  82.000	  83.000	  54.337	  46.000	  82.000	AttR1	2	51	2	559
52639	7	52	48.000	  80.000	  81.000	  47.407	  77.000	  46.200	AttRF2	3	49	2	485
52639	7	53	58.000	  82.000	  77.000	  50.000	  60.000	  69.000	Fill	2	50	3	477
52639	7	54	48.000	  80.000	  81.000	  47.407	  48.000	  72.000	AttF1	2	49	1	540
52639	7	55	55.000	  82.000	  83.000	  54.337	  50.409	  77.000	AttRF1	6	50	2	810
52639	7	56	50.000	  78.000	  86.000	  59.000	  68.000	  60.000	Fill	4	51	2	645
52639	7	57	53.000	  84.000	  82.000	  54.293	  46.000	  84.000	AttR1	1	49	1	844
52639	7	58	50.000	  81.000	  82.000	  49.390	  77.000	  47.531	AttRF2	3	49	2	901
52639	7	59	51.000	  78.000	  79.000	  50.354	  46.530	  73.000	AttRF1	1	50	2	435
52639	7	60	61.000	  85.000	  78.000	  48.000	  57.000	  67.000	Fill	6	51	1	515
52639	7	61	51.000	  80.000	  82.000	  49.756	  51.000	  73.000	AttF1	1	50	2	616
52639	7	62	52.000	  82.000	  84.000	  58.000	  70.000	  59.000	Fill	5	49	2	490
52639	7	63	48.000	  80.000	  81.000	  47.407	  39.000	  80.000	AttR1	2	51	2	931
52639	7	64	47.000	  81.000	  83.000	  45.867	  40.000	  81.000	AttR1	3	49	2	479
52639	7	65	54.000	  82.000	  80.000	  55.350	  47.000	  82.000	AttR1	5	49	2	560
52639	7	66	51.000	  80.000	  82.000	  49.756	  44.000	  80.000	AttR1	2	51	2	1077
52639	7	67	54.000	  82.000	  80.000	  55.350	  75.000	  49.390	AttRF2	4	50	1	612
52639	7	68	54.000	  82.000	  80.000	  55.350	  73.000	  55.350	AttF2	4	51	2	552
52639	7	69	48.000	  80.000	  81.000	  47.407	  72.000	  47.407	AttF2	1	49	1	773
52639	7	70	49.000	  80.000	  81.000	  48.395	  49.000	  71.000	AttF1	2	51	2	495
52639	7	71	50.000	  82.000	  81.000	  50.617	  76.000	  46.341	AttRF2	3	50	1	432
52639	7	72	50.000	  81.000	  82.000	  49.390	  82.000	  42.390	AttR2	2	49	1	499
52639	7	73	51.000	  78.000	  79.000	  50.354	  79.000	  42.354	AttR2	2	49	1	547
52639	7	74	48.000	  80.000	  81.000	  47.407	  44.481	  76.000	AttRF1	1	49	1	432
52639	7	75	60.000	  84.000	  79.000	  50.000	  56.000	  69.000	Fill	4	50	1	587
52639	7	76	51.000	  79.000	  86.000	  62.000	  68.000	  59.000	Fill	2	51	2	492
52639	7	77	48.000	  79.000	  84.000	  64.000	  68.000	  59.000	Fill	6	50	2	427
52639	7	78	64.000	  84.000	  81.000	  50.000	  59.000	  68.000	Fill	5	51	1	808
52639	7	79	47.000	  81.000	  83.000	  45.867	  83.000	  36.867	AttR2	6	51	1	906
52639	7	80	57.000	  86.000	  82.000	  49.000	  59.000	  70.000	Fill	5	51	1	407
52639	8	1	48.000	  79.000	  79.000	  48.000	  70.000	  48.000	AttF2	1	50	2	4065
52639	8	2	48.000	  79.000	  79.000	  48.000	  41.000	  79.000	AttR1	4	50	1	752
52639	8	3	50.000	  80.000	  80.000	  50.000	  76.000	  47.500	AttRF2	2	51	2	4140
52639	8	4	49.000	  80.000	  79.000	  49.620	  49.000	  72.000	AttF1	5	51	1	777
52639	8	5	49.000	  78.000	  79.000	  48.380	  42.000	  78.000	AttR1	4	50	1	621
52639	8	6	61.000	  86.000	  81.000	  47.000	  60.000	  67.000	Fill	3	50	1	488
52639	8	7	60.000	  84.000	  80.000	  51.000	  60.000	  69.000	Fill	4	50	1	639
52639	8	8	52.000	  80.000	  79.000	  52.658	  74.000	  48.100	AttRF2	3	50	1	2895
52639	8	9	49.000	  78.000	  85.000	  60.000	  69.000	  59.000	Fill	5	49	2	776
52639	8	10	49.000	  78.000	  79.000	  48.380	  75.000	  47.115	AttRF2	1	50	2	866
52639	8	11	60.000	  86.000	  78.000	  51.000	  62.000	  67.000	Fill	1	49	1	706
52639	8	12	59.000	  84.000	  82.000	  49.000	  62.000	  68.000	Fill	3	50	1	488
52639	8	13	49.000	  82.000	  80.000	  50.225	  48.342	  77.000	AttRF1	3	50	1	1265
52639	8	14	49.000	  80.000	  79.000	  49.620	  41.000	  80.000	AttR1	4	50	1	552
52639	8	15	59.000	  85.000	  80.000	  50.000	  60.000	  68.000	Fill	3	50	1	557
52639	8	16	50.000	  78.000	  84.000	  60.000	  67.000	  57.000	Fill	2	51	2	586
52639	8	17	50.000	  80.000	  78.000	  51.282	  50.000	  73.000	AttF1	1	50	2	628
52639	8	18	52.000	  82.000	  81.000	  52.642	  50.042	  77.000	AttRF1	2	50	3	6153
52639	8	19	52.000	  82.000	  81.000	  52.642	  43.000	  82.000	AttR1	3	50	1	646
52639	8	20	49.000	  82.000	  80.000	  50.225	  80.000	  42.225	AttR2	5	49	2	604
52639	8	21	48.000	  79.000	  79.000	  48.000	  79.000	  40.000	AttR2	4	50	1	529
52639	8	22	49.000	  80.000	  79.000	  49.620	  79.000	  40.620	AttR2	2	51	2	757
52639	8	23	50.000	  80.000	  81.000	  49.383	  41.000	  80.000	AttR1	5	51	1	554
52639	8	24	49.000	  82.000	  80.000	  50.225	  76.000	  45.415	AttRF2	2	51	2	456
52639	8	25	50.000	  80.000	  81.000	  49.383	  50.000	  71.000	AttF1	2	51	2	575
52639	8	26	49.000	  78.000	  77.000	  49.636	  49.000	  69.000	AttF1	1	50	2	505
52639	8	27	50.000	  80.000	  86.000	  60.000	  67.000	  59.000	Fill	4	51	2	920
52639	8	28	49.000	  78.000	  77.000	  49.636	  47.058	  73.000	AttRF1	3	50	1	596
52639	8	29	52.000	  80.000	  79.000	  52.658	  52.000	  72.000	AttF1	2	50	3	496
52639	8	30	61.000	  85.000	  80.000	  49.000	  59.000	  67.000	Fill	4	50	1	391
52639	8	31	49.000	  80.000	  79.000	  49.620	  47.108	  75.000	AttRF1	2	51	2	505
52639	8	32	49.000	  82.000	  80.000	  50.225	  71.000	  50.225	AttF2	5	49	2	559
52639	8	33	50.000	  80.000	  81.000	  49.383	  81.000	  41.383	AttR2	3	50	1	1020
52639	8	34	52.000	  82.000	  81.000	  52.642	  81.000	  44.642	AttR2	3	50	1	543
52639	8	35	50.000	  82.000	  84.000	  60.000	  68.000	  58.000	Fill	1	50	2	3180
52639	8	36	50.000	  80.000	  81.000	  49.383	  45.725	  75.000	AttRF1	3	50	1	3680
52639	8	37	49.000	  83.000	  85.000	  60.000	  70.000	  59.000	Fill	4	51	2	791
52639	8	38	48.000	  79.000	  79.000	  48.000	  74.000	  44.962	AttRF2	4	50	1	497
52639	8	39	61.000	  83.000	  79.000	  50.000	  60.000	  66.000	Fill	1	49	1	770
52639	8	40	52.000	  80.000	  79.000	  52.658	  70.000	  52.658	AttF2	3	50	1	484
52639	8	41	50.000	  80.000	  80.000	  50.000	  50.000	  71.000	AttF1	5	51	1	565
52639	8	42	50.000	  80.000	  78.000	  51.282	  71.000	  51.282	AttF2	5	51	1	441
52639	8	43	52.000	  80.000	  79.000	  52.658	  50.659	  76.000	AttRF1	1	51	3	410
52639	8	44	49.000	  78.000	  79.000	  48.380	  79.000	  41.380	AttR2	4	50	1	429
52639	8	45	49.000	  78.000	  77.000	  49.636	  72.000	  45.231	AttRF2	4	50	1	399
52639	8	46	50.000	  80.000	  80.000	  50.000	  80.000	  41.000	AttR2	3	50	1	553
52639	8	47	49.000	  82.000	  80.000	  50.225	  49.000	  75.000	AttF1	2	50	3	527
52639	8	48	49.000	  78.000	  77.000	  49.636	  77.000	  41.636	AttR2	3	50	1	428
52639	8	49	52.000	  82.000	  81.000	  52.642	  52.000	  75.000	AttF1	5	50	3	399
52639	8	50	50.000	  80.000	  80.000	  50.000	  73.000	  50.000	AttF2	1	50	2	385
52639	8	51	50.000	  80.000	  81.000	  49.383	  76.000	  47.500	AttRF2	4	51	2	444
52639	8	52	50.000	  80.000	  78.000	  51.282	  41.000	  80.000	AttR1	3	50	1	372
52639	8	53	50.000	  80.000	  80.000	  50.000	  42.000	  80.000	AttR1	2	51	2	624
52639	8	54	61.000	  82.000	  80.000	  53.000	  58.000	  67.000	Fill	5	51	1	553
52639	8	55	52.000	  82.000	  81.000	  52.642	  72.000	  52.642	AttF2	5	49	2	712
52639	8	56	48.000	  79.000	  79.000	  48.000	  48.000	  72.000	AttF1	2	51	2	836
52639	8	57	50.000	  80.000	  81.000	  49.383	  73.000	  49.383	AttF2	3	49	2	621
52639	8	58	49.000	  78.000	  79.000	  48.380	  45.318	  74.000	AttRF1	4	51	2	527
52639	8	59	49.000	  78.000	  79.000	  48.380	  70.000	  48.380	AttF2	5	50	3	557
52639	8	60	48.000	  79.000	  79.000	  48.000	  44.962	  74.000	AttRF1	4	50	1	1482
52639	8	61	50.000	  80.000	  80.000	  50.000	  46.875	  75.000	AttRF1	6	50	2	409
52639	8	62	50.000	  80.000	  78.000	  51.282	  49.967	  76.000	AttRF1	2	51	2	629
52639	8	63	49.000	  80.000	  79.000	  49.620	  70.000	  49.620	AttF2	5	50	3	559
52639	8	64	49.000	  78.000	  77.000	  49.636	  41.000	  78.000	AttR1	5	51	1	444
52639	8	65	57.000	  86.000	  76.000	  51.000	  56.000	  67.000	Fill	1	50	2	565
52639	8	66	49.000	  82.000	  80.000	  50.225	  40.000	  82.000	AttR1	5	51	1	689
52639	8	67	50.000	  80.000	  87.000	  59.000	  66.000	  58.000	Fill	4	51	2	425
52639	8	68	49.000	  80.000	  79.000	  49.620	  74.000	  45.325	AttRF2	3	51	3	1212
52639	8	69	49.000	  78.000	  79.000	  48.380	  49.000	  69.000	AttF1	5	51	1	712
52639	8	70	49.000	  78.000	  77.000	  49.636	  69.000	  49.636	AttF2	4	50	1	508
52639	8	71	51.000	  79.000	  85.000	  59.000	  68.000	  60.000	Fill	3	51	3	2529
52639	8	72	50.000	  80.000	  78.000	  51.282	  74.000	  46.250	AttRF2	4	51	2	543
52639	8	73	52.000	  82.000	  81.000	  52.642	  77.000	  48.829	AttRF2	3	50	1	900
52639	8	74	51.000	  77.000	  85.000	  60.000	  68.000	  61.000	Fill	2	51	2	442
52639	8	75	57.000	  86.000	  81.000	  50.000	  60.000	  68.000	Fill	3	51	3	5033
52639	8	76	52.000	  80.000	  79.000	  52.658	  44.000	  80.000	AttR1	1	50	2	417
52639	8	77	51.000	  82.000	  84.000	  60.000	  69.000	  60.000	Fill	2	51	2	533
52639	8	78	49.000	  79.000	  84.000	  58.000	  68.000	  61.000	Fill	3	49	2	769
52639	8	79	52.000	  80.000	  79.000	  52.658	  79.000	  43.658	AttR2	1	49	1	2837
52639	8	80	50.000	  80.000	  78.000	  51.282	  78.000	  44.282	AttR2	4	50	1	476
52639	9	1	50.000	  81.000	  82.000	  49.390	  74.000	  49.390	AttF2	2	51	2	2759
52639	9	2	49.000	  81.000	  82.000	  48.402	  40.000	  81.000	AttR1	5	51	1	3318
52639	9	3	50.000	  78.000	  80.000	  48.750	  72.000	  48.750	AttF2	5	50	3	557
52639	9	4	48.000	  79.000	  78.000	  48.615	  40.000	  79.000	AttR1	5	49	2	466
52639	9	5	49.000	  81.000	  82.000	  48.402	  45.451	  77.000	AttRF1	4	51	2	642
52639	9	6	49.000	  81.000	  82.000	  48.402	  49.000	  73.000	AttF1	3	51	3	553
52639	9	7	50.000	  81.000	  81.000	  50.000	  81.000	  43.000	AttR2	1	51	3	407
52639	9	8	50.000	  81.000	  81.000	  50.000	  46.914	  76.000	AttRF1	3	49	2	809
52639	9	9	51.000	  77.000	  76.000	  51.671	  48.952	  72.000	AttRF1	3	50	1	532
52639	9	10	51.000	  77.000	  76.000	  51.671	  68.000	  51.671	AttF2	2	51	2	402
52639	9	11	50.000	  83.000	  85.000	  48.824	  76.000	  48.824	AttF2	6	50	2	524
52639	9	12	60.000	  85.000	  82.000	  49.000	  60.000	  70.000	Fill	6	51	1	355
52639	9	13	59.000	  86.000	  81.000	  53.000	  60.000	  68.000	Fill	1	49	1	535
52639	9	14	50.000	  78.000	  86.000	  58.000	  67.000	  59.000	Fill	6	50	2	388
52639	9	15	50.000	  83.000	  85.000	  48.824	  50.000	  76.000	AttF1	3	51	3	687
52639	9	16	50.000	  78.000	  80.000	  48.750	  43.000	  78.000	AttR1	6	50	2	420
52639	9	17	53.000	  78.000	  76.000	  54.395	  76.000	  45.395	AttR2	4	51	2	386
52639	9	18	50.000	  78.000	  80.000	  48.750	  80.000	  41.750	AttR2	4	51	2	421
52639	9	19	53.000	  78.000	  76.000	  54.395	  68.000	  54.395	AttF2	1	51	3	399
52639	9	20	50.000	  81.000	  82.000	  49.390	  42.000	  81.000	AttR1	4	50	1	497
52639	9	21	48.000	  79.000	  78.000	  48.615	  78.000	  40.615	AttR2	4	50	1	577
52639	9	22	50.000	  82.000	  86.000	  60.000	  69.000	  59.000	Fill	2	51	2	364
52639	9	23	50.000	  81.000	  79.000	  51.266	  50.000	  73.000	AttF1	3	50	1	514
52639	9	24	57.000	  87.000	  80.000	  51.000	  59.000	  70.000	Fill	4	51	2	399
52639	9	25	48.000	  79.000	  78.000	  48.615	  74.000	  44.962	AttRF2	3	50	1	561
52639	9	26	50.000	  80.000	  87.000	  59.000	  68.000	  59.000	Fill	3	49	2	1711
52639	9	27	50.000	  81.000	  82.000	  49.390	  82.000	  42.390	AttR2	5	50	3	524
52639	9	28	51.000	  77.000	  76.000	  51.671	  71.000	  47.026	AttRF2	2	51	2	634
52639	9	29	49.000	  81.000	  82.000	  48.402	  78.000	  47.185	AttRF2	4	49	3	82
52639	9	30	50.000	  81.000	  79.000	  51.266	  41.000	  81.000	AttR1	5	50	3	185
52639	9	31	50.000	  80.000	  81.000	  49.383	  74.000	  49.383	AttF2	5	51	1	85
52639	9	32	50.000	  81.000	  86.000	  61.000	  69.000	  60.000	Fill	6	49	3	4
52639	9	33	53.000	  79.000	  84.000	  57.000	  68.000	  60.000	Fill	4	51	2	7
52639	9	34	58.000	  83.000	  79.000	  49.000	  58.000	  69.000	Fill	1	50	2	210
52639	9	35	50.000	  80.000	  83.000	  60.000	  70.000	  62.000	Fill	1	51	3	364
52639	9	36	50.000	  81.000	  79.000	  51.266	  79.000	  42.266	AttR2	6	49	3	81
52639	9	37	61.000	  86.000	  81.000	  49.000	  58.000	  69.000	Fill	1	51	3	193
52639	9	38	53.000	  78.000	  76.000	  54.395	  44.000	  78.000	AttR1	6	49	3	87
52639	9	39	58.000	  82.000	  79.000	  49.000	  58.000	  70.000	Fill	5	49	2	132
52639	9	40	60.000	  82.000	  80.000	  51.000	  59.000	  68.000	Fill	3	51	3	841
52639	9	41	50.000	  78.000	  80.000	  48.750	  75.000	  48.077	AttRF2	3	50	1	513
52639	9	42	48.000	  80.000	  87.000	  58.000	  69.000	  60.000	Fill	6	50	2	431
52639	9	43	51.000	  77.000	  76.000	  51.671	  44.000	  77.000	AttR1	6	50	2	345
52639	9	44	50.000	  81.000	  82.000	  49.390	  78.000	  48.148	AttRF2	3	50	1	327
52639	9	45	50.000	  81.000	  79.000	  51.266	  72.000	  51.266	AttF2	4	50	1	373
52639	9	46	51.000	  77.000	  76.000	  51.671	  76.000	  42.671	AttR2	1	50	2	574
52639	9	47	50.000	  80.000	  81.000	  49.383	  43.000	  80.000	AttR1	2	50	3	2129
52639	9	48	50.000	  81.000	  82.000	  49.390	  50.000	  73.000	AttF1	2	51	2	38
52639	9	49	50.000	  81.000	  81.000	  50.000	  42.000	  81.000	AttR1	5	50	3	39
52639	9	50	50.000	  80.000	  81.000	  49.383	  50.000	  71.000	AttF1	5	51	1	150
52639	9	51	51.000	  77.000	  76.000	  51.671	  51.000	  69.000	AttF1	2	51	2	28
52639	9	52	48.000	  79.000	  78.000	  48.615	  48.000	  72.000	AttF1	3	51	3	79
52639	9	53	48.000	  79.000	  78.000	  48.615	  71.000	  48.615	AttF2	3	49	2	127
52639	9	54	50.000	  81.000	  81.000	  50.000	  50.000	  73.000	AttF1	5	49	2	556
52639	9	55	53.000	  78.000	  76.000	  54.395	  71.000	  48.244	AttRF2	6	50	2	346
52639	9	56	50.000	  78.000	  80.000	  48.750	  50.000	  70.000	AttF1	3	49	2	536
52639	9	57	50.000	  83.000	  85.000	  48.824	  42.000	  83.000	AttR1	6	50	2	396
52639	9	58	50.000	  81.000	  82.000	  49.390	  46.379	  77.000	AttRF1	3	51	3	543
52639	9	59	50.000	  81.000	  81.000	  50.000	  72.000	  50.000	AttF2	2	50	3	372
52639	9	60	50.000	  80.000	  81.000	  49.383	  81.000	  42.383	AttR2	5	51	1	536
52639	9	61	48.000	  79.000	  78.000	  48.615	  46.122	  74.000	AttRF1	2	51	2	548
52639	9	62	50.000	  81.000	  85.000	  59.000	  66.000	  57.000	Fill	3	49	2	490
52639	9	63	58.000	  88.000	  79.000	  50.000	  57.000	  69.000	Fill	3	50	1	434
52639	9	64	50.000	  81.000	  79.000	  51.266	  49.319	  76.000	AttRF1	5	51	1	962
52639	9	65	50.000	  81.000	  81.000	  50.000	  76.000	  46.914	AttRF2	4	50	1	486
52639	9	66	49.000	  81.000	  82.000	  48.402	  82.000	  40.402	AttR2	4	51	2	462
52639	9	67	53.000	  78.000	  76.000	  54.395	  53.000	  69.000	AttF1	5	51	1	798
52639	9	68	50.000	  78.000	  80.000	  48.750	  44.484	  73.000	AttRF1	2	51	2	1673
52639	9	69	50.000	  80.000	  81.000	  49.383	  45.725	  75.000	AttRF1	5	51	1	41
52639	9	70	60.000	  86.000	  80.000	  51.000	  60.000	  68.000	Fill	5	50	3	673
52639	9	71	53.000	  78.000	  76.000	  54.395	  52.248	  73.000	AttRF1	4	50	1	522
52639	9	72	49.000	  81.000	  82.000	  48.402	  73.000	  48.402	AttF2	5	49	2	744
52639	9	73	50.000	  83.000	  85.000	  48.824	  81.000	  48.795	AttRF2	4	50	1	4148
52639	9	74	50.000	  83.000	  85.000	  48.824	  45.377	  79.000	AttRF1	1	50	2	537
52639	9	75	49.000	  79.000	  87.000	  61.000	  68.000	  60.000	Fill	5	49	2	4111
52639	9	76	49.000	  81.000	  85.000	  60.000	  67.000	  60.000	Fill	1	50	2	453
52639	9	77	64.000	  86.000	  79.000	  49.000	  59.000	  69.000	Fill	2	50	3	525
52639	9	78	50.000	  83.000	  85.000	  48.824	  85.000	  41.824	AttR2	3	50	1	2025
52639	9	79	50.000	  80.000	  81.000	  49.383	  76.000	  47.500	AttRF2	5	50	3	500
52639	9	80	50.000	  81.000	  79.000	  51.266	  74.000	  45.679	AttRF2	2	51	2	530
