username: 54832, Experiment time (minutes): 15
Operating system: Windows XP
Manufacturer: Adobe Windows
Player type: ActiveX
Version: WIN 10,3,181,34

username	blkNum	trlNum	Rect1Height	Rect1Width	Rect2Height	Rect2Width	Rect3Height	Rect3Width	Effect	StimPosition	rawResp	response	RT
54832	0	1	50	85	85	50	80	50	Att2	6	50	2	2479
54832	0	2	50	80	80	50	32	125	Com1	6	49	3	1351
54832	0	3	85	60	80	50	65	60	Fill	3	50	1	2163
54832	1	1	51.000	  78.000	  79.000	  50.354	  79.000	  42.354	AttR2	1	50	2	1521
54832	1	2	60.000	  86.000	  78.000	  48.000	  59.000	  66.000	Fill	5	51	1	875
54832	1	3	51.000	  78.000	  79.000	  50.354	  75.000	  49.038	AttRF2	4	49	3	754
54832	1	4	50.000	  81.000	  82.000	  49.390	  45.776	  76.000	AttRF1	4	51	2	632
54832	1	5	59.000	  85.000	  80.000	  49.000	  60.000	  69.000	Fill	3	50	1	712
54832	1	6	51.000	  80.000	  82.000	  49.756	  51.000	  73.000	AttF1	2	49	1	838
54832	1	7	60.000	  84.000	  80.000	  49.000	  60.000	  69.000	Fill	2	49	1	607
54832	1	8	54.000	  82.000	  80.000	  55.350	  75.000	  49.390	AttRF2	5	49	2	695
54832	1	9	50.000	  82.000	  81.000	  50.617	  48.743	  78.000	AttRF1	4	50	1	1553
54832	1	10	59.000	  87.000	  80.000	  47.000	  58.000	  69.000	Fill	6	49	3	1589
54832	1	11	51.000	  78.000	  79.000	  50.354	  51.000	  71.000	AttF1	3	49	2	848
54832	1	12	64.000	  84.000	  81.000	  50.000	  59.000	  68.000	Fill	4	50	1	974
54832	1	13	50.000	  81.000	  82.000	  49.390	  77.000	  47.531	AttRF2	2	51	2	1827
54832	1	14	50.000	  81.000	  82.000	  49.390	  50.000	  74.000	AttF1	1	50	2	1102
54832	1	15	54.000	  82.000	  80.000	  55.350	  73.000	  55.350	AttF2	5	49	2	1155
54832	1	16	50.000	  82.000	  81.000	  50.617	  74.000	  50.617	AttF2	5	49	2	576
54832	1	17	52.000	  82.000	  84.000	  58.000	  70.000	  59.000	Fill	3	49	2	634
54832	1	18	50.000	  81.000	  82.000	  49.390	  82.000	  42.390	AttR2	2	49	1	786
54832	1	19	58.000	  82.000	  77.000	  50.000	  60.000	  69.000	Fill	3	50	1	814
54832	1	20	60.000	  84.000	  79.000	  50.000	  56.000	  69.000	Fill	3	50	1	520
54832	1	21	50.000	  81.000	  82.000	  49.390	  43.000	  81.000	AttR1	5	49	2	478
54832	1	22	48.000	  80.000	  81.000	  47.407	  39.000	  80.000	AttR1	4	50	1	630
54832	1	23	54.000	  82.000	  80.000	  55.350	  80.000	  46.350	AttR2	3	49	2	737
54832	1	24	49.000	  80.000	  81.000	  48.395	  49.000	  71.000	AttF1	2	51	2	1933
54832	1	25	55.000	  82.000	  83.000	  54.337	  83.000	  45.337	AttR2	2	51	2	778
54832	1	26	49.000	  80.000	  81.000	  48.395	  81.000	  40.395	AttR2	1	49	1	573
54832	1	27	47.000	  81.000	  83.000	  45.867	  40.000	  81.000	AttR1	3	49	2	808
54832	1	28	48.000	  80.000	  81.000	  47.407	  72.000	  47.407	AttF2	3	50	1	1707
54832	1	29	47.000	  81.000	  83.000	  45.867	  78.000	  45.259	AttRF2	2	49	1	711
54832	1	30	53.000	  84.000	  82.000	  54.293	  75.000	  54.293	AttF2	3	50	1	781
54832	1	31	55.000	  82.000	  83.000	  54.337	  76.000	  54.337	AttF2	4	50	1	631
54832	1	32	55.000	  82.000	  83.000	  54.337	  50.409	  77.000	AttRF1	2	49	1	802
54832	1	33	53.000	  84.000	  82.000	  54.293	  53.000	  75.000	AttF1	2	51	2	1477
54832	1	34	51.000	  80.000	  82.000	  49.756	  77.000	  49.087	AttRF2	6	50	2	998
54832	1	35	49.000	  80.000	  81.000	  48.395	  76.000	  46.550	AttRF2	4	51	2	619
54832	1	36	50.000	  78.000	  86.000	  59.000	  68.000	  60.000	Fill	5	49	2	770
54832	1	37	51.000	  80.000	  82.000	  49.756	  82.000	  40.756	AttR2	3	50	1	957
54832	1	38	47.000	  80.000	  87.000	  59.000	  69.000	  58.000	Fill	1	50	2	578
54832	1	39	48.000	  80.000	  81.000	  47.407	  44.481	  76.000	AttRF1	2	49	1	1021
54832	1	40	47.000	  81.000	  83.000	  45.867	  41.999	  76.000	AttRF1	3	50	1	607
54832	1	41	52.000	  82.000	  85.000	  58.000	  68.000	  60.000	Fill	6	50	2	467
54832	1	42	49.000	  80.000	  81.000	  48.395	  73.000	  48.395	AttF2	5	51	1	923
54832	1	43	50.000	  82.000	  81.000	  50.617	  76.000	  46.341	AttRF2	2	51	2	686
54832	1	44	50.000	  81.000	  82.000	  49.390	  73.000	  49.390	AttF2	4	50	1	800
54832	1	45	47.000	  81.000	  83.000	  45.867	  47.000	  73.000	AttF1	5	49	2	547
54832	1	46	49.000	  81.000	  85.000	  59.000	  68.000	  58.000	Fill	3	49	2	623
54832	1	47	51.000	  80.000	  82.000	  49.756	  44.000	  80.000	AttR1	4	50	1	610
54832	1	48	53.000	  84.000	  82.000	  54.293	  52.968	  80.000	AttRF1	1	49	1	724
54832	1	49	50.000	  80.000	  85.000	  60.000	  69.000	  60.000	Fill	6	50	2	538
54832	1	50	54.000	  82.000	  80.000	  55.350	  47.000	  82.000	AttR1	6	51	1	671
54832	1	51	54.000	  82.000	  80.000	  55.350	  53.966	  78.000	AttRF1	5	49	2	632
54832	1	52	58.000	  86.000	  79.000	  50.000	  57.000	  66.000	Fill	4	50	1	466
54832	1	53	48.000	  80.000	  81.000	  47.407	  81.000	  39.407	AttR2	4	50	1	538
54832	1	54	61.000	  85.000	  78.000	  48.000	  57.000	  67.000	Fill	4	50	1	463
54832	1	55	55.000	  82.000	  83.000	  54.337	  46.000	  82.000	AttR1	2	49	1	640
54832	1	56	51.000	  80.000	  82.000	  49.756	  73.000	  49.756	AttF2	4	50	1	623
54832	1	57	50.000	  82.000	  81.000	  50.617	  50.000	  74.000	AttF1	2	50	3	763
54832	1	58	54.000	  82.000	  80.000	  55.350	  54.000	  75.000	AttF1	2	49	1	455
54832	1	59	53.000	  84.000	  82.000	  54.293	  46.000	  84.000	AttR1	4	51	2	558
54832	1	60	55.000	  82.000	  83.000	  54.337	  55.000	  74.000	AttF1	5	49	2	581
54832	1	61	53.000	  84.000	  82.000	  54.293	  77.000	  48.583	AttRF2	5	49	2	566
54832	1	62	47.000	  81.000	  83.000	  45.867	  83.000	  36.867	AttR2	5	49	2	521
54832	1	63	51.000	  78.000	  79.000	  50.354	  42.000	  78.000	AttR1	5	49	2	526
54832	1	64	49.000	  80.000	  81.000	  48.395	  45.408	  76.000	AttRF1	1	50	2	917
54832	1	65	47.000	  84.000	  86.000	  60.000	  68.000	  59.000	Fill	5	49	2	330
54832	1	66	50.000	  82.000	  81.000	  50.617	  43.000	  82.000	AttR1	5	49	2	382
54832	1	67	51.000	  79.000	  86.000	  62.000	  68.000	  59.000	Fill	2	51	2	1058
54832	1	68	48.000	  80.000	  81.000	  47.407	  48.000	  72.000	AttF1	2	49	1	402
54832	1	69	48.000	  79.000	  84.000	  64.000	  68.000	  59.000	Fill	4	51	2	470
54832	1	70	53.000	  84.000	  82.000	  54.293	  82.000	  46.293	AttR2	6	50	2	429
54832	1	71	50.000	  82.000	  81.000	  50.617	  81.000	  42.617	AttR2	1	49	1	463
54832	1	72	51.000	  78.000	  79.000	  50.354	  46.530	  73.000	AttRF1	5	51	1	398
54832	1	73	51.000	  78.000	  79.000	  50.354	  70.000	  50.354	AttF2	5	49	2	425
54832	1	74	55.000	  82.000	  83.000	  54.337	  79.000	  52.988	AttRF2	5	50	3	373
54832	1	75	50.000	  81.000	  85.000	  60.000	  68.000	  59.000	Fill	3	49	2	430
54832	1	76	49.000	  80.000	  81.000	  48.395	  40.000	  80.000	AttR1	6	50	2	402
54832	1	77	51.000	  80.000	  82.000	  49.756	  46.115	  76.000	AttRF1	3	49	2	501
54832	1	78	48.000	  80.000	  81.000	  47.407	  77.000	  46.200	AttRF2	4	51	2	522
54832	1	79	47.000	  81.000	  83.000	  45.867	  75.000	  45.867	AttF2	2	49	1	647
54832	1	80	57.000	  86.000	  82.000	  49.000	  59.000	  70.000	Fill	5	51	1	583
54832	2	1	48.000	  79.000	  79.000	  48.000	  70.000	  48.000	AttF2	3	50	1	643
54832	2	2	51.000	  77.000	  85.000	  60.000	  68.000	  61.000	Fill	1	50	2	471
54832	2	3	49.000	  80.000	  79.000	  49.620	  70.000	  49.620	AttF2	3	49	2	432
54832	2	4	49.000	  82.000	  80.000	  50.225	  80.000	  42.225	AttR2	4	50	1	522
54832	2	5	48.000	  79.000	  79.000	  48.000	  41.000	  79.000	AttR1	2	49	1	575
54832	2	6	49.000	  82.000	  80.000	  50.225	  48.342	  77.000	AttRF1	6	50	2	586
54832	2	7	61.000	  82.000	  80.000	  53.000	  58.000	  67.000	Fill	1	49	1	469
54832	2	8	50.000	  80.000	  81.000	  49.383	  81.000	  41.383	AttR2	2	51	2	605
54832	2	9	50.000	  80.000	  81.000	  49.383	  76.000	  47.500	AttRF2	2	51	2	494
54832	2	10	49.000	  78.000	  79.000	  48.380	  42.000	  78.000	AttR1	6	49	3	958
54832	2	11	50.000	  80.000	  87.000	  59.000	  66.000	  58.000	Fill	4	51	2	860
54832	2	12	50.000	  80.000	  78.000	  51.282	  50.000	  73.000	AttF1	3	49	2	468
54832	2	13	57.000	  86.000	  81.000	  50.000	  60.000	  68.000	Fill	6	50	2	444
54832	2	14	50.000	  78.000	  84.000	  60.000	  67.000	  57.000	Fill	4	51	2	412
54832	2	15	52.000	  80.000	  79.000	  52.658	  52.000	  72.000	AttF1	4	49	3	551
54832	2	16	49.000	  78.000	  85.000	  60.000	  69.000	  59.000	Fill	4	49	3	1036
54832	2	17	49.000	  78.000	  77.000	  49.636	  47.058	  73.000	AttRF1	3	49	2	532
54832	2	18	51.000	  82.000	  84.000	  60.000	  69.000	  60.000	Fill	6	50	2	505
54832	2	19	57.000	  86.000	  76.000	  51.000	  56.000	  67.000	Fill	2	49	1	448
54832	2	20	49.000	  78.000	  77.000	  49.636	  41.000	  78.000	AttR1	6	51	1	591
54832	2	21	50.000	  80.000	  78.000	  51.282	  74.000	  46.250	AttRF2	5	49	2	505
54832	2	22	52.000	  82.000	  81.000	  52.642	  77.000	  48.829	AttRF2	6	51	1	496
54832	2	23	50.000	  80.000	  80.000	  50.000	  50.000	  71.000	AttF1	5	51	1	735
54832	2	24	48.000	  79.000	  79.000	  48.000	  44.962	  74.000	AttRF1	1	49	1	593
54832	2	25	49.000	  82.000	  80.000	  50.225	  71.000	  50.225	AttF2	4	51	2	686
54832	2	26	50.000	  80.000	  81.000	  49.383	  41.000	  80.000	AttR1	1	49	1	486
54832	2	27	50.000	  80.000	  80.000	  50.000	  42.000	  80.000	AttR1	4	51	2	446
54832	2	28	50.000	  80.000	  78.000	  51.282	  49.967	  76.000	AttRF1	2	49	1	1063
54832	2	29	49.000	  78.000	  79.000	  48.380	  49.000	  69.000	AttF1	4	50	1	734
54832	2	30	49.000	  78.000	  77.000	  49.636	  69.000	  49.636	AttF2	6	50	2	596
54832	2	31	52.000	  80.000	  79.000	  52.658	  50.659	  76.000	AttRF1	4	49	3	647
54832	2	32	49.000	  80.000	  79.000	  49.620	  74.000	  45.325	AttRF2	5	51	1	630
54832	2	33	50.000	  80.000	  80.000	  50.000	  80.000	  41.000	AttR2	3	49	2	842
54832	2	34	49.000	  78.000	  79.000	  48.380	  70.000	  48.380	AttF2	3	49	2	561
54832	2	35	49.000	  78.000	  77.000	  49.636	  77.000	  41.636	AttR2	3	49	2	1158
54832	2	36	51.000	  79.000	  85.000	  59.000	  68.000	  60.000	Fill	1	50	2	517
54832	2	37	49.000	  78.000	  77.000	  49.636	  49.000	  69.000	AttF1	4	51	2	522
54832	2	38	49.000	  80.000	  79.000	  49.620	  47.108	  75.000	AttRF1	3	49	2	645
54832	2	39	61.000	  85.000	  80.000	  49.000	  59.000	  67.000	Fill	4	50	1	423
54832	2	40	49.000	  80.000	  79.000	  49.620	  41.000	  80.000	AttR1	3	49	2	658
54832	2	41	52.000	  80.000	  79.000	  52.658	  74.000	  48.100	AttRF2	2	51	2	785
54832	2	42	48.000	  79.000	  79.000	  48.000	  79.000	  40.000	AttR2	4	50	1	740
54832	2	43	50.000	  80.000	  78.000	  51.282	  78.000	  44.282	AttR2	1	50	2	610
54832	2	44	50.000	  80.000	  81.000	  49.383	  45.725	  75.000	AttRF1	3	49	2	780
54832	2	45	49.000	  80.000	  79.000	  49.620	  49.000	  72.000	AttF1	4	51	2	591
54832	2	46	50.000	  80.000	  86.000	  60.000	  67.000	  59.000	Fill	1	50	2	520
54832	2	47	49.000	  82.000	  80.000	  50.225	  76.000	  45.415	AttRF2	3	49	2	439
54832	2	48	59.000	  84.000	  82.000	  49.000	  62.000	  68.000	Fill	1	50	2	391
54832	2	49	49.000	  83.000	  85.000	  60.000	  70.000	  59.000	Fill	2	51	2	432
54832	2	50	50.000	  80.000	  81.000	  49.383	  50.000	  71.000	AttF1	3	49	2	697
54832	2	51	50.000	  80.000	  78.000	  51.282	  71.000	  51.282	AttF2	3	50	1	290
54832	2	52	50.000	  80.000	  80.000	  50.000	  73.000	  50.000	AttF2	4	51	2	425
54832	2	53	50.000	  80.000	  81.000	  49.383	  73.000	  49.383	AttF2	6	50	2	405
54832	2	54	49.000	  78.000	  79.000	  48.380	  79.000	  41.380	AttR2	6	50	2	934
54832	2	55	61.000	  86.000	  81.000	  47.000	  60.000	  67.000	Fill	3	50	1	532
54832	2	56	52.000	  80.000	  79.000	  52.658	  70.000	  52.658	AttF2	2	51	2	1074
54832	2	57	48.000	  79.000	  79.000	  48.000	  48.000	  72.000	AttF1	4	50	1	560
54832	2	58	52.000	  82.000	  81.000	  52.642	  50.042	  77.000	AttRF1	2	49	1	695
54832	2	59	52.000	  80.000	  79.000	  52.658	  44.000	  80.000	AttR1	1	50	2	583
54832	2	60	60.000	  86.000	  78.000	  51.000	  62.000	  67.000	Fill	4	50	1	569
54832	2	61	48.000	  79.000	  79.000	  48.000	  74.000	  44.962	AttRF2	3	50	1	452
54832	2	62	50.000	  82.000	  84.000	  60.000	  68.000	  58.000	Fill	5	49	2	604
54832	2	63	52.000	  82.000	  81.000	  52.642	  72.000	  52.642	AttF2	4	50	1	702
54832	2	64	49.000	  78.000	  79.000	  48.380	  45.318	  74.000	AttRF1	2	51	2	1925
54832	2	65	52.000	  82.000	  81.000	  52.642	  81.000	  44.642	AttR2	2	51	2	969
54832	2	66	60.000	  84.000	  80.000	  51.000	  60.000	  69.000	Fill	5	49	2	2228
54832	2	67	49.000	  79.000	  84.000	  58.000	  68.000	  61.000	Fill	3	49	2	622
54832	2	68	52.000	  82.000	  81.000	  52.642	  52.000	  75.000	AttF1	4	50	1	1081
54832	2	69	52.000	  80.000	  79.000	  52.658	  79.000	  43.658	AttR2	3	49	2	633
54832	2	70	50.000	  80.000	  80.000	  50.000	  46.875	  75.000	AttRF1	1	50	2	585
54832	2	71	49.000	  78.000	  79.000	  48.380	  75.000	  47.115	AttRF2	6	50	2	716
54832	2	72	61.000	  83.000	  79.000	  50.000	  60.000	  66.000	Fill	3	50	1	529
54832	2	73	49.000	  80.000	  79.000	  49.620	  79.000	  40.620	AttR2	3	50	1	478
54832	2	74	49.000	  82.000	  80.000	  50.225	  49.000	  75.000	AttF1	5	49	2	766
54832	2	75	52.000	  82.000	  81.000	  52.642	  43.000	  82.000	AttR1	1	50	2	473
54832	2	76	59.000	  85.000	  80.000	  50.000	  60.000	  68.000	Fill	1	50	2	593
54832	2	77	50.000	  80.000	  78.000	  51.282	  41.000	  80.000	AttR1	3	50	1	316
54832	2	78	49.000	  78.000	  77.000	  49.636	  72.000	  45.231	AttRF2	3	50	1	665
54832	2	79	50.000	  80.000	  80.000	  50.000	  76.000	  47.500	AttRF2	2	49	1	1401
54832	2	80	49.000	  82.000	  80.000	  50.225	  40.000	  82.000	AttR1	6	50	2	532
54832	3	1	49.000	  81.000	  82.000	  48.402	  49.000	  73.000	AttF1	3	50	1	610
54832	3	2	50.000	  81.000	  79.000	  51.266	  41.000	  81.000	AttR1	2	49	1	764
54832	3	3	50.000	  80.000	  81.000	  49.383	  76.000	  47.500	AttRF2	2	49	1	616
54832	3	4	50.000	  78.000	  80.000	  48.750	  43.000	  78.000	AttR1	4	51	2	483
54832	3	5	49.000	  81.000	  82.000	  48.402	  78.000	  47.185	AttRF2	2	49	1	555
54832	3	6	50.000	  81.000	  79.000	  51.266	  72.000	  51.266	AttF2	3	50	1	937
54832	3	7	60.000	  85.000	  82.000	  49.000	  60.000	  70.000	Fill	3	49	2	445
54832	3	8	50.000	  83.000	  85.000	  48.824	  85.000	  41.824	AttR2	2	50	3	325
54832	3	9	50.000	  80.000	  87.000	  59.000	  68.000	  59.000	Fill	2	51	2	308
54832	3	10	64.000	  86.000	  79.000	  49.000	  59.000	  69.000	Fill	4	50	1	576
54832	3	11	50.000	  82.000	  86.000	  60.000	  69.000	  59.000	Fill	3	49	2	371
54832	3	12	49.000	  81.000	  82.000	  48.402	  40.000	  81.000	AttR1	3	50	1	309
54832	3	13	50.000	  83.000	  85.000	  48.824	  45.377	  79.000	AttRF1	4	51	2	275
54832	3	14	50.000	  81.000	  82.000	  49.390	  42.000	  81.000	AttR1	2	50	3	259
54832	3	15	50.000	  81.000	  85.000	  59.000	  66.000	  57.000	Fill	4	49	3	205
54832	3	16	60.000	  86.000	  80.000	  51.000	  60.000	  68.000	Fill	5	50	3	277
54832	3	17	53.000	  78.000	  76.000	  54.395	  68.000	  54.395	AttF2	5	50	3	534
54832	3	18	50.000	  78.000	  80.000	  48.750	  50.000	  70.000	AttF1	3	49	2	451
54832	3	19	50.000	  81.000	  82.000	  49.390	  78.000	  48.148	AttRF2	3	49	2	436
54832	3	20	51.000	  77.000	  76.000	  51.671	  71.000	  47.026	AttRF2	2	49	1	651
54832	3	21	50.000	  80.000	  81.000	  49.383	  81.000	  42.383	AttR2	6	50	2	1339
54832	3	22	50.000	  80.000	  81.000	  49.383	  50.000	  71.000	AttF1	6	51	1	481
54832	3	23	49.000	  81.000	  82.000	  48.402	  82.000	  40.402	AttR2	5	49	2	712
54832	3	24	50.000	  81.000	  81.000	  50.000	  76.000	  46.914	AttRF2	3	50	1	581
54832	3	25	50.000	  81.000	  82.000	  49.390	  50.000	  73.000	AttF1	2	51	2	520
54832	3	26	58.000	  82.000	  79.000	  49.000	  58.000	  70.000	Fill	5	49	2	413
54832	3	27	50.000	  78.000	  80.000	  48.750	  75.000	  48.077	AttRF2	2	49	1	993
54832	3	28	48.000	  79.000	  78.000	  48.615	  46.122	  74.000	AttRF1	5	49	2	523
54832	3	29	50.000	  81.000	  81.000	  50.000	  46.914	  76.000	AttRF1	3	49	2	544
54832	3	30	48.000	  79.000	  78.000	  48.615	  48.000	  72.000	AttF1	5	49	2	525
54832	3	31	53.000	  79.000	  84.000	  57.000	  68.000	  60.000	Fill	2	51	2	667
54832	3	32	50.000	  81.000	  86.000	  61.000	  69.000	  60.000	Fill	2	51	2	524
54832	3	33	50.000	  80.000	  83.000	  60.000	  70.000	  62.000	Fill	5	49	2	472
54832	3	34	53.000	  78.000	  76.000	  54.395	  76.000	  45.395	AttR2	4	49	3	448
54832	3	35	51.000	  77.000	  76.000	  51.671	  51.000	  69.000	AttF1	2	51	2	456
54832	3	36	50.000	  81.000	  79.000	  51.266	  50.000	  73.000	AttF1	2	49	1	368
54832	3	37	50.000	  81.000	  82.000	  49.390	  82.000	  42.390	AttR2	1	49	1	620
54832	3	38	50.000	  81.000	  81.000	  50.000	  81.000	  43.000	AttR2	3	49	2	453
54832	3	39	50.000	  83.000	  85.000	  48.824	  81.000	  48.795	AttRF2	2	51	2	478
54832	3	40	49.000	  79.000	  87.000	  61.000	  68.000	  60.000	Fill	2	51	2	622
54832	3	41	50.000	  83.000	  85.000	  48.824	  50.000	  76.000	AttF1	2	49	1	584
54832	3	42	50.000	  81.000	  81.000	  50.000	  50.000	  73.000	AttF1	5	49	2	467
54832	3	43	50.000	  80.000	  81.000	  49.383	  45.725	  75.000	AttRF1	4	49	3	659
54832	3	44	50.000	  80.000	  81.000	  49.383	  43.000	  80.000	AttR1	6	49	3	442
54832	3	45	50.000	  80.000	  81.000	  49.383	  74.000	  49.383	AttF2	5	49	2	475
54832	3	46	49.000	  81.000	  82.000	  48.402	  73.000	  48.402	AttF2	6	49	3	511
54832	3	47	50.000	  81.000	  82.000	  49.390	  46.379	  77.000	AttRF1	4	49	3	1001
54832	3	48	58.000	  88.000	  79.000	  50.000	  57.000	  69.000	Fill	2	49	1	651
54832	3	49	50.000	  83.000	  85.000	  48.824	  76.000	  48.824	AttF2	4	50	1	684
54832	3	50	50.000	  81.000	  79.000	  51.266	  74.000	  45.679	AttRF2	2	49	1	619
54832	3	51	50.000	  78.000	  80.000	  48.750	  72.000	  48.750	AttF2	6	50	2	725
54832	3	52	50.000	  78.000	  86.000	  58.000	  67.000	  59.000	Fill	2	51	2	485
54832	3	53	50.000	  81.000	  81.000	  50.000	  72.000	  50.000	AttF2	2	49	1	540
54832	3	54	50.000	  83.000	  85.000	  48.824	  42.000	  83.000	AttR1	3	49	2	513
54832	3	55	48.000	  79.000	  78.000	  48.615	  78.000	  40.615	AttR2	4	49	3	709
54832	3	56	49.000	  81.000	  82.000	  48.402	  45.451	  77.000	AttRF1	2	49	1	563
54832	3	57	49.000	  81.000	  85.000	  60.000	  67.000	  60.000	Fill	3	49	2	488
54832	3	58	50.000	  81.000	  82.000	  49.390	  74.000	  49.390	AttF2	6	49	3	457
54832	3	59	57.000	  87.000	  80.000	  51.000	  59.000	  70.000	Fill	4	49	3	570
54832	3	60	51.000	  77.000	  76.000	  51.671	  44.000	  77.000	AttR1	3	49	2	427
54832	3	61	61.000	  86.000	  81.000	  49.000	  58.000	  69.000	Fill	1	49	1	1565
54832	3	62	59.000	  86.000	  81.000	  53.000	  60.000	  68.000	Fill	6	49	3	1528
54832	3	63	48.000	  79.000	  78.000	  48.615	  71.000	  48.615	AttF2	2	49	1	3237
54832	3	64	53.000	  78.000	  76.000	  54.395	  71.000	  48.244	AttRF2	6	50	2	716
54832	3	65	60.000	  82.000	  80.000	  51.000	  59.000	  68.000	Fill	4	50	1	732
54832	3	66	51.000	  77.000	  76.000	  51.671	  76.000	  42.671	AttR2	3	49	2	767
54832	3	67	53.000	  78.000	  76.000	  54.395	  53.000	  69.000	AttF1	3	50	1	562
54832	3	68	50.000	  78.000	  80.000	  48.750	  44.484	  73.000	AttRF1	4	50	1	465
54832	3	69	50.000	  81.000	  79.000	  51.266	  49.319	  76.000	AttRF1	1	50	2	1265
54832	3	70	48.000	  80.000	  87.000	  58.000	  69.000	  60.000	Fill	3	50	1	536
54832	3	71	48.000	  79.000	  78.000	  48.615	  40.000	  79.000	AttR1	3	49	2	1341
54832	3	72	50.000	  81.000	  79.000	  51.266	  79.000	  42.266	AttR2	3	50	1	499
54832	3	73	53.000	  78.000	  76.000	  54.395	  52.248	  73.000	AttRF1	3	50	1	527
54832	3	74	58.000	  83.000	  79.000	  49.000	  58.000	  69.000	Fill	3	50	1	534
54832	3	75	50.000	  78.000	  80.000	  48.750	  80.000	  41.750	AttR2	4	50	1	434
54832	3	76	51.000	  77.000	  76.000	  51.671	  68.000	  51.671	AttF2	3	50	1	394
54832	3	77	48.000	  79.000	  78.000	  48.615	  74.000	  44.962	AttRF2	2	50	3	270
54832	3	78	53.000	  78.000	  76.000	  54.395	  44.000	  78.000	AttR1	5	50	3	332
54832	3	79	50.000	  81.000	  81.000	  50.000	  42.000	  81.000	AttR1	2	51	2	427
54832	3	80	51.000	  77.000	  76.000	  51.671	  48.952	  72.000	AttRF1	5	51	1	1013
54832	4	1	49.000	  80.000	  81.000	  48.395	  49.000	  71.000	AttF1	5	50	3	914
54832	4	2	48.000	  80.000	  81.000	  47.407	  72.000	  47.407	AttF2	5	50	3	342
54832	4	3	47.000	  80.000	  87.000	  59.000	  69.000	  58.000	Fill	3	50	1	365
54832	4	4	51.000	  78.000	  79.000	  50.354	  46.530	  73.000	AttRF1	4	49	3	588
54832	4	5	51.000	  78.000	  79.000	  50.354	  70.000	  50.354	AttF2	4	50	1	741
54832	4	6	55.000	  82.000	  83.000	  54.337	  76.000	  54.337	AttF2	2	49	1	498
54832	4	7	64.000	  84.000	  81.000	  50.000	  59.000	  68.000	Fill	2	50	3	635
54832	4	8	49.000	  80.000	  81.000	  48.395	  45.408	  76.000	AttRF1	2	50	3	2666
54832	4	9	51.000	  78.000	  79.000	  50.354	  51.000	  71.000	AttF1	4	50	1	594
54832	4	10	54.000	  82.000	  80.000	  55.350	  53.966	  78.000	AttRF1	3	50	1	388
54832	4	11	48.000	  80.000	  81.000	  47.407	  39.000	  80.000	AttR1	1	50	2	800
54832	4	12	50.000	  82.000	  81.000	  50.617	  81.000	  42.617	AttR2	3	51	3	475
54832	4	13	58.000	  86.000	  79.000	  50.000	  57.000	  66.000	Fill	3	49	2	396
54832	4	14	58.000	  82.000	  77.000	  50.000	  60.000	  69.000	Fill	5	50	3	365
54832	4	15	51.000	  79.000	  86.000	  62.000	  68.000	  59.000	Fill	1	50	2	4274
54832	4	16	50.000	  78.000	  86.000	  59.000	  68.000	  60.000	Fill	4	50	1	2530
54832	4	17	51.000	  80.000	  82.000	  49.756	  73.000	  49.756	AttF2	2	51	2	255
54832	4	18	60.000	  86.000	  78.000	  48.000	  59.000	  66.000	Fill	3	49	2	136
54832	4	19	49.000	  81.000	  85.000	  59.000	  68.000	  58.000	Fill	1	50	2	348
54832	4	20	47.000	  84.000	  86.000	  60.000	  68.000	  59.000	Fill	6	49	3	275
54832	4	21	57.000	  86.000	  82.000	  49.000	  59.000	  70.000	Fill	2	51	2	211
54832	4	22	54.000	  82.000	  80.000	  55.350	  54.000	  75.000	AttF1	3	50	1	181
54832	4	23	51.000	  80.000	  82.000	  49.756	  46.115	  76.000	AttRF1	4	49	3	56
54832	4	24	53.000	  84.000	  82.000	  54.293	  82.000	  46.293	AttR2	6	51	1	145
54832	4	25	54.000	  82.000	  80.000	  55.350	  75.000	  49.390	AttRF2	3	50	1	333
54832	4	26	49.000	  80.000	  81.000	  48.395	  76.000	  46.550	AttRF2	3	51	3	138
54832	4	27	49.000	  80.000	  81.000	  48.395	  73.000	  48.395	AttF2	2	50	3	79
54832	4	28	54.000	  82.000	  80.000	  55.350	  80.000	  46.350	AttR2	4	49	3	159
54832	4	29	50.000	  81.000	  82.000	  49.390	  50.000	  74.000	AttF1	1	50	2	70
54832	4	30	59.000	  85.000	  80.000	  49.000	  60.000	  69.000	Fill	4	51	2	156
54832	4	31	51.000	  80.000	  82.000	  49.756	  51.000	  73.000	AttF1	2	50	3	267
54832	4	32	54.000	  82.000	  80.000	  55.350	  47.000	  82.000	AttR1	5	50	3	2171
54832	4	33	55.000	  82.000	  83.000	  54.337	  46.000	  82.000	AttR1	2	50	3	1196
54832	4	34	59.000	  87.000	  80.000	  47.000	  58.000	  69.000	Fill	6	50	2	191
54832	4	35	53.000	  84.000	  82.000	  54.293	  77.000	  48.583	AttRF2	5	50	3	195
54832	4	36	47.000	  81.000	  83.000	  45.867	  47.000	  73.000	AttF1	3	49	2	116
54832	4	37	48.000	  79.000	  84.000	  64.000	  68.000	  59.000	Fill	5	50	3	82
54832	4	38	48.000	  80.000	  81.000	  47.407	  48.000	  72.000	AttF1	4	50	1	186
54832	4	39	47.000	  81.000	  83.000	  45.867	  40.000	  81.000	AttR1	4	50	1	293
54832	4	40	50.000	  82.000	  81.000	  50.617	  50.000	  74.000	AttF1	2	50	3	181
54832	4	41	47.000	  81.000	  83.000	  45.867	  41.999	  76.000	AttRF1	3	51	3	121
54832	4	42	55.000	  82.000	  83.000	  54.337	  83.000	  45.337	AttR2	2	50	3	78
54832	4	43	48.000	  80.000	  81.000	  47.407	  77.000	  46.200	AttRF2	4	49	3	149
54832	4	44	53.000	  84.000	  82.000	  54.293	  75.000	  54.293	AttF2	2	50	3	99
54832	4	45	50.000	  81.000	  85.000	  60.000	  68.000	  59.000	Fill	5	51	1	43
54832	4	46	48.000	  80.000	  81.000	  47.407	  44.481	  76.000	AttRF1	6	49	3	652
54832	4	47	50.000	  81.000	  82.000	  49.390	  77.000	  47.531	AttRF2	2	50	3	27
54832	4	48	50.000	  82.000	  81.000	  50.617	  48.743	  78.000	AttRF1	4	51	2	172
54832	4	49	52.000	  82.000	  84.000	  58.000	  70.000	  59.000	Fill	5	49	2	592
54832	4	50	50.000	  81.000	  82.000	  49.390	  43.000	  81.000	AttR1	3	50	1	97
54832	4	51	53.000	  84.000	  82.000	  54.293	  53.000	  75.000	AttF1	1	51	3	187
54832	4	52	55.000	  82.000	  83.000	  54.337	  79.000	  52.988	AttRF2	2	49	1	660
54832	4	53	51.000	  78.000	  79.000	  50.354	  42.000	  78.000	AttR1	2	50	3	93
54832	4	54	53.000	  84.000	  82.000	  54.293	  52.968	  80.000	AttRF1	5	51	1	157
54832	4	55	51.000	  78.000	  79.000	  50.354	  75.000	  49.038	AttRF2	4	51	2	226
54832	4	56	55.000	  82.000	  83.000	  54.337	  50.409	  77.000	AttRF1	3	50	1	132
54832	4	57	51.000	  80.000	  82.000	  49.756	  82.000	  40.756	AttR2	3	49	2	73
54832	4	58	50.000	  80.000	  85.000	  60.000	  69.000	  60.000	Fill	6	50	2	522
54832	4	59	49.000	  80.000	  81.000	  48.395	  40.000	  80.000	AttR1	1	51	3	22
54832	4	60	54.000	  82.000	  80.000	  55.350	  73.000	  55.350	AttF2	3	50	1	75
54832	4	61	48.000	  80.000	  81.000	  47.407	  81.000	  39.407	AttR2	3	49	2	138
54832	4	62	50.000	  81.000	  82.000	  49.390	  82.000	  42.390	AttR2	5	50	3	71
54832	4	63	60.000	  84.000	  80.000	  49.000	  60.000	  69.000	Fill	1	51	3	176
54832	4	64	47.000	  81.000	  83.000	  45.867	  78.000	  45.259	AttRF2	2	50	3	75
54832	4	65	49.000	  80.000	  81.000	  48.395	  81.000	  40.395	AttR2	2	49	1	227
54832	4	66	60.000	  84.000	  79.000	  50.000	  56.000	  69.000	Fill	5	51	1	236
54832	4	67	51.000	  78.000	  79.000	  50.354	  79.000	  42.354	AttR2	2	50	3	276
54832	4	68	50.000	  82.000	  81.000	  50.617	  74.000	  50.617	AttF2	2	49	1	172
54832	4	69	51.000	  80.000	  82.000	  49.756	  44.000	  80.000	AttR1	4	51	2	80
54832	4	70	50.000	  82.000	  81.000	  50.617	  43.000	  82.000	AttR1	2	51	2	145
54832	4	71	50.000	  82.000	  81.000	  50.617	  76.000	  46.341	AttRF2	2	50	3	37
54832	4	72	52.000	  82.000	  85.000	  58.000	  68.000	  60.000	Fill	4	49	3	132
54832	4	73	51.000	  80.000	  82.000	  49.756	  77.000	  49.087	AttRF2	5	50	3	91
54832	4	74	61.000	  85.000	  78.000	  48.000	  57.000	  67.000	Fill	4	51	2	50
54832	4	75	47.000	  81.000	  83.000	  45.867	  83.000	  36.867	AttR2	3	50	1	50
54832	4	76	50.000	  81.000	  82.000	  49.390	  73.000	  49.390	AttF2	5	50	3	474
54832	4	77	47.000	  81.000	  83.000	  45.867	  75.000	  45.867	AttF2	3	50	1	331
54832	4	78	55.000	  82.000	  83.000	  54.337	  55.000	  74.000	AttF1	6	50	2	446
54832	4	79	53.000	  84.000	  82.000	  54.293	  46.000	  84.000	AttR1	5	50	3	599
54832	4	80	50.000	  81.000	  82.000	  49.390	  45.776	  76.000	AttRF1	5	49	2	258
54832	5	1	52.000	  80.000	  79.000	  52.658	  74.000	  48.100	AttRF2	4	49	3	474
54832	5	2	51.000	  79.000	  85.000	  59.000	  68.000	  60.000	Fill	4	49	3	754
54832	5	3	50.000	  80.000	  81.000	  49.383	  50.000	  71.000	AttF1	5	49	2	335
54832	5	4	61.000	  83.000	  79.000	  50.000	  60.000	  66.000	Fill	2	49	1	236
54832	5	5	49.000	  83.000	  85.000	  60.000	  70.000	  59.000	Fill	3	51	3	260
54832	5	6	61.000	  85.000	  80.000	  49.000	  59.000	  67.000	Fill	6	49	3	299
54832	5	7	50.000	  80.000	  80.000	  50.000	  80.000	  41.000	AttR2	2	50	3	298
54832	5	8	52.000	  80.000	  79.000	  52.658	  79.000	  43.658	AttR2	5	49	2	465
54832	5	9	50.000	  80.000	  78.000	  51.282	  41.000	  80.000	AttR1	2	50	3	201
54832	5	10	50.000	  80.000	  78.000	  51.282	  71.000	  51.282	AttF2	4	51	2	508
54832	5	11	50.000	  80.000	  81.000	  49.383	  73.000	  49.383	AttF2	6	49	3	402
54832	5	12	48.000	  79.000	  79.000	  48.000	  70.000	  48.000	AttF2	4	49	3	372
54832	5	13	50.000	  80.000	  80.000	  50.000	  50.000	  71.000	AttF1	3	50	1	551
54832	5	14	52.000	  80.000	  79.000	  52.658	  50.659	  76.000	AttRF1	1	51	3	1148
54832	5	15	51.000	  82.000	  84.000	  60.000	  69.000	  60.000	Fill	1	50	2	322
54832	5	16	59.000	  84.000	  82.000	  49.000	  62.000	  68.000	Fill	4	49	3	455
54832	5	17	49.000	  78.000	  77.000	  49.636	  49.000	  69.000	AttF1	5	51	1	319
54832	5	18	50.000	  80.000	  81.000	  49.383	  76.000	  47.500	AttRF2	3	51	3	788
54832	5	19	50.000	  80.000	  78.000	  51.282	  49.967	  76.000	AttRF1	1	50	2	759
54832	5	20	49.000	  78.000	  77.000	  49.636	  77.000	  41.636	AttR2	5	49	2	84
54832	5	21	52.000	  82.000	  81.000	  52.642	  81.000	  44.642	AttR2	3	50	1	267
54832	5	22	52.000	  80.000	  79.000	  52.658	  70.000	  52.658	AttF2	4	51	2	172
54832	5	23	49.000	  78.000	  77.000	  49.636	  69.000	  49.636	AttF2	1	51	3	190
54832	5	24	48.000	  79.000	  79.000	  48.000	  44.962	  74.000	AttRF1	2	49	1	186
54832	5	25	49.000	  80.000	  79.000	  49.620	  49.000	  72.000	AttF1	3	49	2	371
54832	5	26	49.000	  78.000	  79.000	  48.380	  79.000	  41.380	AttR2	5	49	2	447
54832	5	27	49.000	  80.000	  79.000	  49.620	  41.000	  80.000	AttR1	3	49	2	423
54832	5	28	50.000	  80.000	  80.000	  50.000	  46.875	  75.000	AttRF1	5	49	2	441
54832	5	29	49.000	  78.000	  79.000	  48.380	  42.000	  78.000	AttR1	4	50	1	882
54832	5	30	49.000	  80.000	  79.000	  49.620	  79.000	  40.620	AttR2	3	50	1	458
54832	5	31	49.000	  78.000	  79.000	  48.380	  70.000	  48.380	AttF2	4	49	3	442
54832	5	32	48.000	  79.000	  79.000	  48.000	  41.000	  79.000	AttR1	5	49	2	186
54832	5	33	49.000	  78.000	  79.000	  48.380	  75.000	  47.115	AttRF2	1	50	2	475
54832	5	34	48.000	  79.000	  79.000	  48.000	  79.000	  40.000	AttR2	3	51	3	443
54832	5	35	57.000	  86.000	  76.000	  51.000	  56.000	  67.000	Fill	5	50	3	292
54832	5	36	50.000	  80.000	  78.000	  51.282	  74.000	  46.250	AttRF2	4	50	1	797
54832	5	37	49.000	  82.000	  80.000	  50.225	  71.000	  50.225	AttF2	6	50	2	415
54832	5	38	49.000	  78.000	  77.000	  49.636	  41.000	  78.000	AttR1	2	49	1	273
54832	5	39	49.000	  82.000	  80.000	  50.225	  49.000	  75.000	AttF1	2	51	2	369
54832	5	40	48.000	  79.000	  79.000	  48.000	  48.000	  72.000	AttF1	2	51	2	547
54832	5	41	49.000	  78.000	  79.000	  48.380	  45.318	  74.000	AttRF1	3	50	1	305
54832	5	42	49.000	  82.000	  80.000	  50.225	  40.000	  82.000	AttR1	4	49	3	230
54832	5	43	61.000	  86.000	  81.000	  47.000	  60.000	  67.000	Fill	4	50	1	217
54832	5	44	50.000	  80.000	  80.000	  50.000	  73.000	  50.000	AttF2	6	50	2	155
54832	5	45	52.000	  82.000	  81.000	  52.642	  72.000	  52.642	AttF2	2	51	2	137
54832	5	46	52.000	  82.000	  81.000	  52.642	  52.000	  75.000	AttF1	6	50	2	606
54832	5	47	52.000	  82.000	  81.000	  52.642	  50.042	  77.000	AttRF1	1	49	1	114
54832	5	48	61.000	  82.000	  80.000	  53.000	  58.000	  67.000	Fill	1	50	2	142
54832	5	49	50.000	  80.000	  80.000	  50.000	  42.000	  80.000	AttR1	4	49	3	75
54832	5	50	50.000	  80.000	  87.000	  59.000	  66.000	  58.000	Fill	5	50	3	203
54832	5	51	50.000	  80.000	  86.000	  60.000	  67.000	  59.000	Fill	3	51	3	53
54832	5	52	50.000	  82.000	  84.000	  60.000	  68.000	  58.000	Fill	6	49	3	582
54832	5	53	52.000	  82.000	  81.000	  52.642	  43.000	  82.000	AttR1	2	50	3	73
54832	5	54	50.000	  80.000	  81.000	  49.383	  81.000	  41.383	AttR2	3	51	3	121
54832	5	55	50.000	  80.000	  80.000	  50.000	  76.000	  47.500	AttRF2	3	50	1	181
54832	5	56	52.000	  80.000	  79.000	  52.658	  44.000	  80.000	AttR1	2	50	3	466
54832	5	57	49.000	  82.000	  80.000	  50.225	  76.000	  45.415	AttRF2	4	50	1	674
54832	5	58	52.000	  80.000	  79.000	  52.658	  52.000	  72.000	AttF1	3	51	3	33
54832	5	59	60.000	  84.000	  80.000	  51.000	  60.000	  69.000	Fill	2	49	1	338
54832	5	60	52.000	  82.000	  81.000	  52.642	  77.000	  48.829	AttRF2	1	51	3	831
54832	5	61	49.000	  78.000	  77.000	  49.636	  47.058	  73.000	AttRF1	3	49	2	346
54832	5	62	59.000	  85.000	  80.000	  50.000	  60.000	  68.000	Fill	2	49	1	206
54832	5	63	49.000	  78.000	  77.000	  49.636	  72.000	  45.231	AttRF2	3	51	3	489
54832	5	64	50.000	  80.000	  78.000	  51.282	  50.000	  73.000	AttF1	4	49	3	432
54832	5	65	57.000	  86.000	  81.000	  50.000	  60.000	  68.000	Fill	2	51	2	432
54832	5	66	49.000	  80.000	  79.000	  49.620	  70.000	  49.620	AttF2	4	51	2	601
54832	5	67	48.000	  79.000	  79.000	  48.000	  74.000	  44.962	AttRF2	4	50	1	596
54832	5	68	49.000	  80.000	  79.000	  49.620	  47.108	  75.000	AttRF1	4	50	1	243
54832	5	69	60.000	  86.000	  78.000	  51.000	  62.000	  67.000	Fill	4	50	1	214
54832	5	70	50.000	  80.000	  81.000	  49.383	  41.000	  80.000	AttR1	5	50	3	242
54832	5	71	50.000	  80.000	  81.000	  49.383	  45.725	  75.000	AttRF1	5	49	2	338
54832	5	72	49.000	  78.000	  79.000	  48.380	  49.000	  69.000	AttF1	3	50	1	214
54832	5	73	50.000	  78.000	  84.000	  60.000	  67.000	  57.000	Fill	4	49	3	184
54832	5	74	49.000	  82.000	  80.000	  50.225	  48.342	  77.000	AttRF1	5	49	2	220
54832	5	75	50.000	  80.000	  78.000	  51.282	  78.000	  44.282	AttR2	1	49	1	246
54832	5	76	49.000	  80.000	  79.000	  49.620	  74.000	  45.325	AttRF2	4	49	3	38
54832	5	77	49.000	  78.000	  85.000	  60.000	  69.000	  59.000	Fill	1	49	1	309
54832	5	78	49.000	  82.000	  80.000	  50.225	  80.000	  42.225	AttR2	2	51	2	84
54832	5	79	51.000	  77.000	  85.000	  60.000	  68.000	  61.000	Fill	1	51	3	306
54832	5	80	49.000	  79.000	  84.000	  58.000	  68.000	  61.000	Fill	3	50	1	57
54832	6	1	49.000	  81.000	  82.000	  48.402	  78.000	  47.185	AttRF2	2	50	3	371
54832	6	2	49.000	  81.000	  85.000	  60.000	  67.000	  60.000	Fill	4	49	3	446
54832	6	3	50.000	  78.000	  80.000	  48.750	  72.000	  48.750	AttF2	3	50	1	326
54832	6	4	50.000	  81.000	  81.000	  50.000	  81.000	  43.000	AttR2	2	50	3	283
54832	6	5	48.000	  79.000	  78.000	  48.615	  71.000	  48.615	AttF2	2	51	2	499
54832	6	6	50.000	  82.000	  86.000	  60.000	  69.000	  59.000	Fill	1	51	3	217
54832	6	7	57.000	  87.000	  80.000	  51.000	  59.000	  70.000	Fill	5	51	1	211
54832	6	8	50.000	  80.000	  81.000	  49.383	  43.000	  80.000	AttR1	6	49	3	78
54832	6	9	50.000	  83.000	  85.000	  48.824	  85.000	  41.824	AttR2	2	50	3	158
54832	6	10	58.000	  82.000	  79.000	  49.000	  58.000	  70.000	Fill	3	51	3	163
54832	6	11	48.000	  79.000	  78.000	  48.615	  40.000	  79.000	AttR1	5	50	3	185
54832	6	12	60.000	  86.000	  80.000	  51.000	  60.000	  68.000	Fill	5	49	2	363
54832	6	13	49.000	  81.000	  82.000	  48.402	  45.451	  77.000	AttRF1	2	49	1	65
54832	6	14	49.000	  81.000	  82.000	  48.402	  49.000	  73.000	AttF1	3	49	2	217
54832	6	15	53.000	  78.000	  76.000	  54.395	  76.000	  45.395	AttR2	2	49	1	283
54832	6	16	48.000	  79.000	  78.000	  48.615	  74.000	  44.962	AttRF2	5	50	3	155
54832	6	17	51.000	  77.000	  76.000	  51.671	  51.000	  69.000	AttF1	3	50	1	201
54832	6	18	53.000	  79.000	  84.000	  57.000	  68.000	  60.000	Fill	2	50	3	211
54832	6	19	50.000	  80.000	  81.000	  49.383	  74.000	  49.383	AttF2	2	49	1	294
54832	6	20	50.000	  81.000	  79.000	  51.266	  41.000	  81.000	AttR1	2	51	2	262
54832	6	21	50.000	  80.000	  83.000	  60.000	  70.000	  62.000	Fill	2	50	3	102
54832	6	22	50.000	  81.000	  82.000	  49.390	  42.000	  81.000	AttR1	4	50	1	259
54832	6	23	49.000	  81.000	  82.000	  48.402	  40.000	  81.000	AttR1	2	50	3	283
54832	6	24	50.000	  78.000	  80.000	  48.750	  80.000	  41.750	AttR2	1	50	2	675
54832	6	25	50.000	  81.000	  81.000	  50.000	  72.000	  50.000	AttF2	3	49	2	291
54832	6	26	50.000	  81.000	  79.000	  51.266	  50.000	  73.000	AttF1	4	49	3	314
54832	6	27	50.000	  81.000	  81.000	  50.000	  42.000	  81.000	AttR1	4	50	1	233
54832	6	28	50.000	  83.000	  85.000	  48.824	  45.377	  79.000	AttRF1	2	49	1	96
54832	6	29	50.000	  81.000	  82.000	  49.390	  82.000	  42.390	AttR2	2	50	3	121
54832	6	30	50.000	  81.000	  81.000	  50.000	  50.000	  73.000	AttF1	6	49	3	78
54832	6	31	64.000	  86.000	  79.000	  49.000	  59.000	  69.000	Fill	1	49	1	622
54832	6	32	50.000	  81.000	  79.000	  51.266	  79.000	  42.266	AttR2	5	51	1	232
54832	6	33	50.000	  80.000	  81.000	  49.383	  50.000	  71.000	AttF1	6	51	1	458
54832	6	34	50.000	  78.000	  80.000	  48.750	  43.000	  78.000	AttR1	1	51	3	169
54832	6	35	60.000	  85.000	  82.000	  49.000	  60.000	  70.000	Fill	2	50	3	131
54832	6	36	51.000	  77.000	  76.000	  51.671	  68.000	  51.671	AttF2	3	49	2	17
54832	6	37	60.000	  82.000	  80.000	  51.000	  59.000	  68.000	Fill	3	49	2	419
54832	6	38	58.000	  83.000	  79.000	  49.000	  58.000	  69.000	Fill	5	49	2	653
54832	6	39	51.000	  77.000	  76.000	  51.671	  44.000	  77.000	AttR1	1	49	1	141
54832	6	40	53.000	  78.000	  76.000	  54.395	  52.248	  73.000	AttRF1	3	49	2	170
54832	6	41	48.000	  79.000	  78.000	  48.615	  78.000	  40.615	AttR2	1	50	2	199
54832	6	42	50.000	  81.000	  82.000	  49.390	  78.000	  48.148	AttRF2	4	50	1	249
54832	6	43	58.000	  88.000	  79.000	  50.000	  57.000	  69.000	Fill	5	50	3	377
54832	6	44	50.000	  81.000	  79.000	  51.266	  74.000	  45.679	AttRF2	4	50	1	339
54832	6	45	49.000	  81.000	  82.000	  48.402	  73.000	  48.402	AttF2	4	49	3	26
54832	6	46	50.000	  78.000	  86.000	  58.000	  67.000	  59.000	Fill	2	51	2	395
54832	6	47	50.000	  80.000	  81.000	  49.383	  76.000	  47.500	AttRF2	3	49	2	285
54832	6	48	51.000	  77.000	  76.000	  51.671	  71.000	  47.026	AttRF2	1	51	3	342
54832	6	49	50.000	  83.000	  85.000	  48.824	  42.000	  83.000	AttR1	2	50	3	99
54832	6	50	53.000	  78.000	  76.000	  54.395	  71.000	  48.244	AttRF2	6	50	2	379
54832	6	51	50.000	  81.000	  79.000	  51.266	  49.319	  76.000	AttRF1	4	49	3	527
54832	6	52	50.000	  81.000	  85.000	  59.000	  66.000	  57.000	Fill	4	49	3	530
54832	6	53	50.000	  81.000	  82.000	  49.390	  46.379	  77.000	AttRF1	2	50	3	6505
54832	6	54	50.000	  78.000	  80.000	  48.750	  75.000	  48.077	AttRF2	4	49	3	79
54832	6	55	49.000	  81.000	  82.000	  48.402	  82.000	  40.402	AttR2	5	50	3	894
54832	6	56	50.000	  81.000	  81.000	  50.000	  76.000	  46.914	AttRF2	3	49	2	151
54832	6	57	48.000	  79.000	  78.000	  48.615	  46.122	  74.000	AttRF1	5	50	3	218
54832	6	58	50.000	  83.000	  85.000	  48.824	  81.000	  48.795	AttRF2	5	50	3	109
54832	6	59	50.000	  80.000	  81.000	  49.383	  81.000	  42.383	AttR2	5	49	2	219
54832	6	60	50.000	  80.000	  87.000	  59.000	  68.000	  59.000	Fill	5	51	1	366
54832	6	61	50.000	  83.000	  85.000	  48.824	  76.000	  48.824	AttF2	3	50	1	275
54832	6	62	50.000	  80.000	  81.000	  49.383	  45.725	  75.000	AttRF1	5	49	2	427
54832	6	63	59.000	  86.000	  81.000	  53.000	  60.000	  68.000	Fill	5	50	3	222
54832	6	64	61.000	  86.000	  81.000	  49.000	  58.000	  69.000	Fill	2	50	3	193
54832	6	65	48.000	  79.000	  78.000	  48.615	  48.000	  72.000	AttF1	4	50	1	90
54832	6	66	50.000	  78.000	  80.000	  48.750	  44.484	  73.000	AttRF1	1	50	2	155
54832	6	67	53.000	  78.000	  76.000	  54.395	  68.000	  54.395	AttF2	4	50	1	257
54832	6	68	50.000	  81.000	  79.000	  51.266	  72.000	  51.266	AttF2	4	51	2	185
54832	6	69	50.000	  78.000	  80.000	  48.750	  50.000	  70.000	AttF1	5	49	2	147
54832	6	70	53.000	  78.000	  76.000	  54.395	  44.000	  78.000	AttR1	2	50	3	216
54832	6	71	49.000	  79.000	  87.000	  61.000	  68.000	  60.000	Fill	3	50	1	171
54832	6	72	50.000	  81.000	  82.000	  49.390	  50.000	  73.000	AttF1	2	50	3	77
54832	6	73	53.000	  78.000	  76.000	  54.395	  53.000	  69.000	AttF1	2	51	2	134
54832	6	74	50.000	  81.000	  81.000	  50.000	  46.914	  76.000	AttRF1	5	49	2	131
54832	6	75	50.000	  81.000	  82.000	  49.390	  74.000	  49.390	AttF2	4	51	2	329
54832	6	76	48.000	  80.000	  87.000	  58.000	  69.000	  60.000	Fill	5	49	2	270
54832	6	77	50.000	  83.000	  85.000	  48.824	  50.000	  76.000	AttF1	3	50	1	238
54832	6	78	50.000	  81.000	  86.000	  61.000	  69.000	  60.000	Fill	2	51	2	140
54832	6	79	51.000	  77.000	  76.000	  51.671	  76.000	  42.671	AttR2	1	50	2	74
54832	6	80	51.000	  77.000	  76.000	  51.671	  48.952	  72.000	AttRF1	5	50	3	211
54832	7	1	60.000	  84.000	  80.000	  49.000	  60.000	  69.000	Fill	4	50	1	451
54832	7	2	49.000	  80.000	  81.000	  48.395	  73.000	  48.395	AttF2	3	50	1	181
54832	7	3	47.000	  81.000	  83.000	  45.867	  47.000	  73.000	AttF1	2	49	1	328
54832	7	4	54.000	  82.000	  80.000	  55.350	  80.000	  46.350	AttR2	2	50	3	150
54832	7	5	50.000	  81.000	  85.000	  60.000	  68.000	  59.000	Fill	2	50	3	123
54832	7	6	51.000	  80.000	  82.000	  49.756	  44.000	  80.000	AttR1	1	49	1	9
54832	7	7	50.000	  80.000	  85.000	  60.000	  69.000	  60.000	Fill	5	50	3	107
54832	7	8	47.000	  81.000	  83.000	  45.867	  41.999	  76.000	AttRF1	4	50	1	817
54832	7	9	49.000	  80.000	  81.000	  48.395	  81.000	  40.395	AttR2	3	49	2	75
54832	7	10	51.000	  80.000	  82.000	  49.756	  46.115	  76.000	AttRF1	4	49	3	370
54832	7	11	61.000	  85.000	  78.000	  48.000	  57.000	  67.000	Fill	5	50	3	581
54832	7	12	55.000	  82.000	  83.000	  54.337	  55.000	  74.000	AttF1	5	50	3	625
54832	7	13	50.000	  81.000	  82.000	  49.390	  73.000	  49.390	AttF2	2	49	1	250
54832	7	14	47.000	  81.000	  83.000	  45.867	  78.000	  45.259	AttRF2	1	50	2	90
54832	7	15	50.000	  81.000	  82.000	  49.390	  43.000	  81.000	AttR1	5	49	2	218
54832	7	16	55.000	  82.000	  83.000	  54.337	  79.000	  52.988	AttRF2	1	49	1	269
54832	7	17	50.000	  82.000	  81.000	  50.617	  74.000	  50.617	AttF2	2	49	1	385
54832	7	18	55.000	  82.000	  83.000	  54.337	  83.000	  45.337	AttR2	5	49	2	281
54832	7	19	60.000	  86.000	  78.000	  48.000	  59.000	  66.000	Fill	4	49	3	272
54832	7	20	54.000	  82.000	  80.000	  55.350	  53.966	  78.000	AttRF1	2	49	1	522
54832	7	21	58.000	  82.000	  77.000	  50.000	  60.000	  69.000	Fill	2	49	1	445
54832	7	22	55.000	  82.000	  83.000	  54.337	  50.409	  77.000	AttRF1	2	49	1	293
54832	7	23	50.000	  81.000	  82.000	  49.390	  82.000	  42.390	AttR2	3	49	2	390
54832	7	24	47.000	  84.000	  86.000	  60.000	  68.000	  59.000	Fill	1	50	2	1328
54832	7	25	53.000	  84.000	  82.000	  54.293	  77.000	  48.583	AttRF2	3	49	2	29
54832	7	26	49.000	  80.000	  81.000	  48.395	  76.000	  46.550	AttRF2	4	50	1	402
54832	7	27	51.000	  78.000	  79.000	  50.354	  42.000	  78.000	AttR1	5	50	3	242
54832	7	28	49.000	  80.000	  81.000	  48.395	  40.000	  80.000	AttR1	1	49	1	67
54832	7	29	48.000	  80.000	  81.000	  47.407	  72.000	  47.407	AttF2	5	50	3	339
54832	7	30	55.000	  82.000	  83.000	  54.337	  76.000	  54.337	AttF2	5	51	1	392
54832	7	31	49.000	  80.000	  81.000	  48.395	  45.408	  76.000	AttRF1	2	51	2	690
54832	7	32	51.000	  80.000	  82.000	  49.756	  51.000	  73.000	AttF1	6	50	2	794
54832	7	33	49.000	  81.000	  85.000	  59.000	  68.000	  58.000	Fill	3	49	2	486
54832	7	34	47.000	  81.000	  83.000	  45.867	  83.000	  36.867	AttR2	4	50	1	461
54832	7	35	51.000	  78.000	  79.000	  50.354	  51.000	  71.000	AttF1	2	49	1	558
54832	7	36	48.000	  80.000	  81.000	  47.407	  77.000	  46.200	AttRF2	4	50	1	593
54832	7	37	48.000	  80.000	  81.000	  47.407	  81.000	  39.407	AttR2	3	49	2	461
54832	7	38	54.000	  82.000	  80.000	  55.350	  54.000	  75.000	AttF1	6	49	3	526
54832	7	39	49.000	  80.000	  81.000	  48.395	  49.000	  71.000	AttF1	3	49	2	401
54832	7	40	54.000	  82.000	  80.000	  55.350	  75.000	  49.390	AttRF2	1	49	1	718
54832	7	41	50.000	  82.000	  81.000	  50.617	  48.743	  78.000	AttRF1	4	49	3	476
54832	7	42	50.000	  78.000	  86.000	  59.000	  68.000	  60.000	Fill	2	49	1	322
54832	7	43	53.000	  84.000	  82.000	  54.293	  46.000	  84.000	AttR1	4	50	1	1088
54832	7	44	50.000	  82.000	  81.000	  50.617	  50.000	  74.000	AttF1	4	50	1	823
54832	7	45	52.000	  82.000	  84.000	  58.000	  70.000	  59.000	Fill	4	49	3	650
54832	7	46	59.000	  87.000	  80.000	  47.000	  58.000	  69.000	Fill	4	50	1	449
54832	7	47	47.000	  81.000	  83.000	  45.867	  40.000	  81.000	AttR1	5	51	1	1738
54832	7	48	51.000	  80.000	  82.000	  49.756	  77.000	  49.087	AttRF2	5	49	2	576
54832	7	49	48.000	  80.000	  81.000	  47.407	  44.481	  76.000	AttRF1	4	49	3	498
54832	7	50	59.000	  85.000	  80.000	  49.000	  60.000	  69.000	Fill	4	50	1	483
54832	7	51	52.000	  82.000	  85.000	  58.000	  68.000	  60.000	Fill	1	50	2	580
54832	7	52	51.000	  78.000	  79.000	  50.354	  75.000	  49.038	AttRF2	6	50	2	581
54832	7	53	51.000	  79.000	  86.000	  62.000	  68.000	  59.000	Fill	5	49	2	352
54832	7	54	47.000	  81.000	  83.000	  45.867	  75.000	  45.867	AttF2	5	49	2	364
54832	7	55	47.000	  80.000	  87.000	  59.000	  69.000	  58.000	Fill	4	49	3	572
54832	7	56	53.000	  84.000	  82.000	  54.293	  53.000	  75.000	AttF1	4	49	3	532
54832	7	57	48.000	  80.000	  81.000	  47.407	  48.000	  72.000	AttF1	3	49	2	601
54832	7	58	54.000	  82.000	  80.000	  55.350	  47.000	  82.000	AttR1	3	50	1	414
54832	7	59	58.000	  86.000	  79.000	  50.000	  57.000	  66.000	Fill	5	51	1	809
54832	7	60	51.000	  80.000	  82.000	  49.756	  73.000	  49.756	AttF2	3	49	2	481
54832	7	61	51.000	  78.000	  79.000	  50.354	  79.000	  42.354	AttR2	5	49	2	498
54832	7	62	53.000	  84.000	  82.000	  54.293	  82.000	  46.293	AttR2	2	49	1	635
54832	7	63	60.000	  84.000	  79.000	  50.000	  56.000	  69.000	Fill	5	49	2	346
54832	7	64	64.000	  84.000	  81.000	  50.000	  59.000	  68.000	Fill	4	51	2	537
54832	7	65	48.000	  79.000	  84.000	  64.000	  68.000	  59.000	Fill	3	49	2	965
54832	7	66	50.000	  81.000	  82.000	  49.390	  50.000	  74.000	AttF1	3	50	1	585
54832	7	67	51.000	  78.000	  79.000	  50.354	  70.000	  50.354	AttF2	2	50	3	748
54832	7	68	57.000	  86.000	  82.000	  49.000	  59.000	  70.000	Fill	2	50	3	506
54832	7	69	50.000	  82.000	  81.000	  50.617	  76.000	  46.341	AttRF2	2	51	2	1072
54832	7	70	50.000	  81.000	  82.000	  49.390	  45.776	  76.000	AttRF1	6	51	1	504
54832	7	71	53.000	  84.000	  82.000	  54.293	  52.968	  80.000	AttRF1	3	49	2	485
54832	7	72	48.000	  80.000	  81.000	  47.407	  39.000	  80.000	AttR1	3	49	2	661
54832	7	73	50.000	  82.000	  81.000	  50.617	  43.000	  82.000	AttR1	3	49	2	444
54832	7	74	50.000	  82.000	  81.000	  50.617	  81.000	  42.617	AttR2	2	51	2	684
54832	7	75	54.000	  82.000	  80.000	  55.350	  73.000	  55.350	AttF2	4	50	1	2060
54832	7	76	50.000	  81.000	  82.000	  49.390	  77.000	  47.531	AttRF2	5	49	2	580
54832	7	77	53.000	  84.000	  82.000	  54.293	  75.000	  54.293	AttF2	4	51	2	1904
54832	7	78	51.000	  80.000	  82.000	  49.756	  82.000	  40.756	AttR2	4	50	1	540
54832	7	79	55.000	  82.000	  83.000	  54.337	  46.000	  82.000	AttR1	3	50	1	788
54832	7	80	51.000	  78.000	  79.000	  50.354	  46.530	  73.000	AttRF1	3	50	1	861
54832	8	1	50.000	  80.000	  81.000	  49.383	  81.000	  41.383	AttR2	3	49	2	3122
54832	8	2	50.000	  80.000	  78.000	  51.282	  74.000	  46.250	AttRF2	3	50	1	629
54832	8	3	50.000	  80.000	  81.000	  49.383	  45.725	  75.000	AttRF1	4	50	1	1079
54832	8	4	49.000	  78.000	  77.000	  49.636	  69.000	  49.636	AttF2	1	50	2	1232
54832	8	5	50.000	  80.000	  78.000	  51.282	  41.000	  80.000	AttR1	2	51	2	1001
54832	8	6	48.000	  79.000	  79.000	  48.000	  44.962	  74.000	AttRF1	5	51	1	852
54832	8	7	50.000	  80.000	  80.000	  50.000	  80.000	  41.000	AttR2	1	49	1	1133
54832	8	8	50.000	  80.000	  80.000	  50.000	  73.000	  50.000	AttF2	3	51	3	2178
54832	8	9	49.000	  82.000	  80.000	  50.225	  49.000	  75.000	AttF1	2	49	1	954
54832	8	10	51.000	  82.000	  84.000	  60.000	  69.000	  60.000	Fill	5	49	2	777
54832	8	11	60.000	  86.000	  78.000	  51.000	  62.000	  67.000	Fill	4	50	1	804
54832	8	12	52.000	  82.000	  81.000	  52.642	  52.000	  75.000	AttF1	6	49	3	1607
54832	8	13	50.000	  80.000	  80.000	  50.000	  46.875	  75.000	AttRF1	5	51	1	1882
54832	8	14	49.000	  80.000	  79.000	  49.620	  47.108	  75.000	AttRF1	5	49	2	577
54832	8	15	52.000	  80.000	  79.000	  52.658	  52.000	  72.000	AttF1	6	49	3	796
54832	8	16	49.000	  80.000	  79.000	  49.620	  41.000	  80.000	AttR1	5	49	2	640
54832	8	17	50.000	  80.000	  78.000	  51.282	  71.000	  51.282	AttF2	2	49	1	671
54832	8	18	50.000	  80.000	  80.000	  50.000	  50.000	  71.000	AttF1	2	49	1	2160
54832	8	19	52.000	  80.000	  79.000	  52.658	  70.000	  52.658	AttF2	3	49	2	644
54832	8	20	50.000	  78.000	  84.000	  60.000	  67.000	  57.000	Fill	5	49	2	523
54832	8	21	50.000	  80.000	  78.000	  51.282	  50.000	  73.000	AttF1	4	50	1	1730
54832	8	22	50.000	  80.000	  80.000	  50.000	  42.000	  80.000	AttR1	2	49	1	463
54832	8	23	49.000	  80.000	  79.000	  49.620	  74.000	  45.325	AttRF2	1	49	1	550
54832	8	24	50.000	  80.000	  81.000	  49.383	  41.000	  80.000	AttR1	2	49	1	580
54832	8	25	51.000	  77.000	  85.000	  60.000	  68.000	  61.000	Fill	3	49	2	383
54832	8	26	49.000	  78.000	  85.000	  60.000	  69.000	  59.000	Fill	6	50	2	706
54832	8	27	49.000	  79.000	  84.000	  58.000	  68.000	  61.000	Fill	5	49	2	479
54832	8	28	49.000	  78.000	  79.000	  48.380	  42.000	  78.000	AttR1	4	50	1	519
54832	8	29	61.000	  86.000	  81.000	  47.000	  60.000	  67.000	Fill	3	50	1	485
54832	8	30	49.000	  80.000	  79.000	  49.620	  49.000	  72.000	AttF1	6	51	1	1004
54832	8	31	50.000	  80.000	  86.000	  60.000	  67.000	  59.000	Fill	2	51	2	478
54832	8	32	49.000	  80.000	  79.000	  49.620	  70.000	  49.620	AttF2	5	49	2	479
54832	8	33	49.000	  78.000	  77.000	  49.636	  41.000	  78.000	AttR1	1	49	1	695
54832	8	34	52.000	  82.000	  81.000	  52.642	  81.000	  44.642	AttR2	4	50	1	471
54832	8	35	49.000	  78.000	  77.000	  49.636	  72.000	  45.231	AttRF2	3	49	2	487
54832	8	36	49.000	  78.000	  77.000	  49.636	  77.000	  41.636	AttR2	6	50	2	398
54832	8	37	52.000	  82.000	  81.000	  52.642	  43.000	  82.000	AttR1	5	50	3	345
54832	8	38	48.000	  79.000	  79.000	  48.000	  48.000	  72.000	AttF1	4	50	1	351
54832	8	39	50.000	  80.000	  87.000	  59.000	  66.000	  58.000	Fill	2	51	2	668
54832	8	40	51.000	  79.000	  85.000	  59.000	  68.000	  60.000	Fill	2	51	2	436
54832	8	41	49.000	  78.000	  79.000	  48.380	  45.318	  74.000	AttRF1	1	50	2	7100
54832	8	42	50.000	  80.000	  78.000	  51.282	  78.000	  44.282	AttR2	4	50	1	641
54832	8	43	60.000	  84.000	  80.000	  51.000	  60.000	  69.000	Fill	6	51	1	1401
54832	8	44	49.000	  82.000	  80.000	  50.225	  80.000	  42.225	AttR2	3	49	2	1084
54832	8	45	52.000	  80.000	  79.000	  52.658	  74.000	  48.100	AttRF2	3	49	2	772
54832	8	46	49.000	  82.000	  80.000	  50.225	  48.342	  77.000	AttRF1	4	50	1	695
54832	8	47	57.000	  86.000	  76.000	  51.000	  56.000	  67.000	Fill	5	51	1	582
54832	8	48	49.000	  78.000	  79.000	  48.380	  79.000	  41.380	AttR2	2	49	1	545
54832	8	49	48.000	  79.000	  79.000	  48.000	  74.000	  44.962	AttRF2	3	49	2	398
54832	8	50	52.000	  80.000	  79.000	  52.658	  50.659	  76.000	AttRF1	6	51	1	337
54832	8	51	48.000	  79.000	  79.000	  48.000	  41.000	  79.000	AttR1	3	49	2	286
54832	8	52	52.000	  80.000	  79.000	  52.658	  79.000	  43.658	AttR2	3	49	2	231
54832	8	53	49.000	  82.000	  80.000	  50.225	  40.000	  82.000	AttR1	5	49	2	585
54832	8	54	61.000	  85.000	  80.000	  49.000	  59.000	  67.000	Fill	2	49	1	531
54832	8	55	50.000	  80.000	  81.000	  49.383	  76.000	  47.500	AttRF2	6	49	3	224
54832	8	56	50.000	  80.000	  81.000	  49.383	  73.000	  49.383	AttF2	2	49	1	389
54832	8	57	49.000	  78.000	  79.000	  48.380	  49.000	  69.000	AttF1	4	49	3	358
54832	8	58	59.000	  85.000	  80.000	  50.000	  60.000	  68.000	Fill	4	51	2	516
54832	8	59	48.000	  79.000	  79.000	  48.000	  79.000	  40.000	AttR2	2	49	1	600
54832	8	60	49.000	  83.000	  85.000	  60.000	  70.000	  59.000	Fill	4	51	2	1044
54832	8	61	52.000	  82.000	  81.000	  52.642	  77.000	  48.829	AttRF2	3	49	2	516
54832	8	62	49.000	  80.000	  79.000	  49.620	  79.000	  40.620	AttR2	2	49	1	706
54832	8	63	50.000	  80.000	  78.000	  51.282	  49.967	  76.000	AttRF1	5	49	2	318
54832	8	64	52.000	  82.000	  81.000	  52.642	  72.000	  52.642	AttF2	5	49	2	267
54832	8	65	49.000	  82.000	  80.000	  50.225	  76.000	  45.415	AttRF2	3	49	2	388
54832	8	66	49.000	  82.000	  80.000	  50.225	  71.000	  50.225	AttF2	2	51	2	711
54832	8	67	52.000	  82.000	  81.000	  52.642	  50.042	  77.000	AttRF1	4	51	2	459
54832	8	68	50.000	  80.000	  81.000	  49.383	  50.000	  71.000	AttF1	6	49	3	707
54832	8	69	61.000	  82.000	  80.000	  53.000	  58.000	  67.000	Fill	4	49	3	232
54832	8	70	50.000	  82.000	  84.000	  60.000	  68.000	  58.000	Fill	1	49	1	619
54832	8	71	57.000	  86.000	  81.000	  50.000	  60.000	  68.000	Fill	2	49	1	574
54832	8	72	49.000	  78.000	  79.000	  48.380	  75.000	  47.115	AttRF2	5	49	2	488
54832	8	73	52.000	  80.000	  79.000	  52.658	  44.000	  80.000	AttR1	2	49	1	337
54832	8	74	49.000	  78.000	  77.000	  49.636	  47.058	  73.000	AttRF1	4	49	3	334
54832	8	75	49.000	  78.000	  79.000	  48.380	  70.000	  48.380	AttF2	5	51	1	667
54832	8	76	61.000	  83.000	  79.000	  50.000	  60.000	  66.000	Fill	5	51	1	747
54832	8	77	50.000	  80.000	  80.000	  50.000	  76.000	  47.500	AttRF2	5	49	2	505
54832	8	78	49.000	  78.000	  77.000	  49.636	  49.000	  69.000	AttF1	6	51	1	558
54832	8	79	48.000	  79.000	  79.000	  48.000	  70.000	  48.000	AttF2	3	50	1	676
54832	8	80	59.000	  84.000	  82.000	  49.000	  62.000	  68.000	Fill	3	50	1	516
54832	9	1	58.000	  83.000	  79.000	  49.000	  58.000	  69.000	Fill	3	50	1	2587
54832	9	2	60.000	  82.000	  80.000	  51.000	  59.000	  68.000	Fill	3	50	1	553
54832	9	3	53.000	  78.000	  76.000	  54.395	  52.248	  73.000	AttRF1	5	49	2	1429
54832	9	4	51.000	  77.000	  76.000	  51.671	  51.000	  69.000	AttF1	3	50	1	1240
54832	9	5	50.000	  81.000	  79.000	  51.266	  50.000	  73.000	AttF1	4	50	1	744
54832	9	6	49.000	  81.000	  82.000	  48.402	  49.000	  73.000	AttF1	1	50	2	406
54832	9	7	50.000	  83.000	  85.000	  48.824	  81.000	  48.795	AttRF2	5	51	1	841
54832	9	8	48.000	  80.000	  87.000	  58.000	  69.000	  60.000	Fill	1	50	2	463
54832	9	9	50.000	  81.000	  79.000	  51.266	  41.000	  81.000	AttR1	6	50	2	392
54832	9	10	50.000	  81.000	  79.000	  51.266	  49.319	  76.000	AttRF1	4	51	2	618
54832	9	11	58.000	  82.000	  79.000	  49.000	  58.000	  70.000	Fill	5	51	1	662
54832	9	12	50.000	  81.000	  85.000	  59.000	  66.000	  57.000	Fill	1	49	1	774
54832	9	13	50.000	  80.000	  81.000	  49.383	  74.000	  49.383	AttF2	2	49	1	743
54832	9	14	51.000	  77.000	  76.000	  51.671	  68.000	  51.671	AttF2	2	50	3	630
54832	9	15	50.000	  78.000	  80.000	  48.750	  75.000	  48.077	AttRF2	4	50	1	560
54832	9	16	48.000	  79.000	  78.000	  48.615	  46.122	  74.000	AttRF1	3	49	2	470
54832	9	17	50.000	  80.000	  83.000	  60.000	  70.000	  62.000	Fill	3	51	3	622
54832	9	18	50.000	  80.000	  81.000	  49.383	  50.000	  71.000	AttF1	5	49	2	808
54832	9	19	49.000	  79.000	  87.000	  61.000	  68.000	  60.000	Fill	1	50	2	363
54832	9	20	60.000	  86.000	  80.000	  51.000	  60.000	  68.000	Fill	3	50	1	608
54832	9	21	50.000	  81.000	  86.000	  61.000	  69.000	  60.000	Fill	3	49	2	731
54832	9	22	48.000	  79.000	  78.000	  48.615	  71.000	  48.615	AttF2	2	49	1	800
54832	9	23	48.000	  79.000	  78.000	  48.615	  78.000	  40.615	AttR2	4	50	1	459
54832	9	24	49.000	  81.000	  82.000	  48.402	  82.000	  40.402	AttR2	4	51	2	427
54832	9	25	53.000	  78.000	  76.000	  54.395	  71.000	  48.244	AttRF2	3	49	2	342
54832	9	26	50.000	  80.000	  81.000	  49.383	  43.000	  80.000	AttR1	5	50	3	275
54832	9	27	64.000	  86.000	  79.000	  49.000	  59.000	  69.000	Fill	3	51	3	267
54832	9	28	53.000	  79.000	  84.000	  57.000	  68.000	  60.000	Fill	3	50	1	227
54832	9	29	50.000	  78.000	  80.000	  48.750	  50.000	  70.000	AttF1	4	49	3	94
54832	9	30	50.000	  81.000	  81.000	  50.000	  72.000	  50.000	AttF2	4	50	1	294
54832	9	31	50.000	  78.000	  86.000	  58.000	  67.000	  59.000	Fill	5	51	1	261
54832	9	32	49.000	  81.000	  85.000	  60.000	  67.000	  60.000	Fill	5	50	3	230
54832	9	33	59.000	  86.000	  81.000	  53.000	  60.000	  68.000	Fill	1	49	1	159
54832	9	34	57.000	  87.000	  80.000	  51.000	  59.000	  70.000	Fill	3	50	1	262
54832	9	35	51.000	  77.000	  76.000	  51.671	  48.952	  72.000	AttRF1	2	51	2	294
54832	9	36	53.000	  78.000	  76.000	  54.395	  53.000	  69.000	AttF1	1	50	2	190
54832	9	37	53.000	  78.000	  76.000	  54.395	  44.000	  78.000	AttR1	1	49	1	151
54832	9	38	50.000	  81.000	  79.000	  51.266	  74.000	  45.679	AttRF2	4	50	1	221
54832	9	39	51.000	  77.000	  76.000	  51.671	  76.000	  42.671	AttR2	5	51	1	176
54832	9	40	49.000	  81.000	  82.000	  48.402	  78.000	  47.185	AttRF2	4	50	1	34
54832	9	41	49.000	  81.000	  82.000	  48.402	  40.000	  81.000	AttR1	2	49	1	547
54832	9	42	48.000	  79.000	  78.000	  48.615	  40.000	  79.000	AttR1	5	49	2	319
54832	9	43	50.000	  83.000	  85.000	  48.824	  50.000	  76.000	AttF1	1	50	2	302
54832	9	44	51.000	  77.000	  76.000	  51.671	  44.000	  77.000	AttR1	5	49	2	610
54832	9	45	50.000	  80.000	  81.000	  49.383	  45.725	  75.000	AttRF1	3	49	2	630
54832	9	46	50.000	  78.000	  80.000	  48.750	  72.000	  48.750	AttF2	1	50	2	471
54832	9	47	48.000	  79.000	  78.000	  48.615	  48.000	  72.000	AttF1	1	49	1	295
54832	9	48	50.000	  78.000	  80.000	  48.750	  44.484	  73.000	AttRF1	4	49	3	264
54832	9	49	50.000	  81.000	  81.000	  50.000	  42.000	  81.000	AttR1	2	50	3	264
54832	9	50	50.000	  81.000	  81.000	  50.000	  46.914	  76.000	AttRF1	2	49	1	224
54832	9	51	50.000	  81.000	  81.000	  50.000	  81.000	  43.000	AttR2	3	50	1	236
54832	9	52	50.000	  82.000	  86.000	  60.000	  69.000	  59.000	Fill	5	51	1	243
54832	9	53	50.000	  81.000	  82.000	  49.390	  82.000	  42.390	AttR2	5	51	1	635
54832	9	54	50.000	  83.000	  85.000	  48.824	  85.000	  41.824	AttR2	5	51	1	307
54832	9	55	50.000	  81.000	  79.000	  51.266	  79.000	  42.266	AttR2	1	51	3	233
54832	9	56	50.000	  80.000	  87.000	  59.000	  68.000	  59.000	Fill	1	49	1	274
54832	9	57	50.000	  83.000	  85.000	  48.824	  42.000	  83.000	AttR1	1	50	2	178
54832	9	58	51.000	  77.000	  76.000	  51.671	  71.000	  47.026	AttRF2	4	49	3	174
54832	9	59	50.000	  81.000	  81.000	  50.000	  50.000	  73.000	AttF1	4	51	2	264
54832	9	60	53.000	  78.000	  76.000	  54.395	  68.000	  54.395	AttF2	4	50	1	287
54832	9	61	50.000	  81.000	  82.000	  49.390	  42.000	  81.000	AttR1	2	49	1	176
54832	9	62	50.000	  78.000	  80.000	  48.750	  43.000	  78.000	AttR1	3	49	2	236
54832	9	63	50.000	  78.000	  80.000	  48.750	  80.000	  41.750	AttR2	2	50	3	139
54832	9	64	61.000	  86.000	  81.000	  49.000	  58.000	  69.000	Fill	3	51	3	184
54832	9	65	50.000	  81.000	  79.000	  51.266	  72.000	  51.266	AttF2	2	50	3	35
54832	9	66	49.000	  81.000	  82.000	  48.402	  73.000	  48.402	AttF2	2	49	1	107
54832	9	67	50.000	  83.000	  85.000	  48.824	  45.377	  79.000	AttRF1	6	50	2	31
54832	9	68	50.000	  81.000	  82.000	  49.390	  46.379	  77.000	AttRF1	1	49	1	19
54832	9	69	53.000	  78.000	  76.000	  54.395	  76.000	  45.395	AttR2	4	50	1	45
54832	9	70	58.000	  88.000	  79.000	  50.000	  57.000	  69.000	Fill	4	49	3	37
54832	9	71	50.000	  83.000	  85.000	  48.824	  76.000	  48.824	AttF2	4	51	2	605
54832	9	72	50.000	  81.000	  82.000	  49.390	  78.000	  48.148	AttRF2	5	50	3	80
54832	9	73	50.000	  81.000	  81.000	  50.000	  76.000	  46.914	AttRF2	4	49	3	167
54832	9	74	48.000	  79.000	  78.000	  48.615	  74.000	  44.962	AttRF2	3	49	2	203
54832	9	75	60.000	  85.000	  82.000	  49.000	  60.000	  70.000	Fill	3	50	1	270
54832	9	76	50.000	  81.000	  82.000	  49.390	  50.000	  73.000	AttF1	2	51	2	214
54832	9	77	50.000	  80.000	  81.000	  49.383	  76.000	  47.500	AttRF2	2	50	3	224
54832	9	78	50.000	  81.000	  82.000	  49.390	  74.000	  49.390	AttF2	1	49	1	265
54832	9	79	50.000	  80.000	  81.000	  49.383	  81.000	  42.383	AttR2	2	49	1	395
54832	9	80	49.000	  81.000	  82.000	  48.402	  45.451	  77.000	AttRF1	1	49	1	934
