username: 54874, Experiment time (minutes): 56
Operating system: Mac OS 10.7.0
Manufacturer: Adobe Macintosh
Player type: PlugIn
Version: MAC 10,3,181,26

username	blkNum	trlNum	Rect1Height	Rect1Width	Rect2Height	Rect2Width	Rect3Height	Rect3Width	Effect	StimPosition	rawResp	response	RT
54874	0	1	85	60	80	50	65	60	Fill	4	50	1	1733
54874	0	2	50	85	85	50	80	50	Att2	5	49	2	2326
54874	0	3	50	80	80	50	32	125	Com1	4	51	2	9715
54874	1	1	58.000	  86.000	  79.000	  50.000	  57.000	  66.000	Fill	4	50	1	3056
54874	1	2	48.000	  80.000	  81.000	  47.407	  81.000	  39.407	AttR2	6	50	2	4386
54874	1	3	51.000	  80.000	  82.000	  49.756	  44.000	  80.000	AttR1	4	50	1	1860
54874	1	4	50.000	  82.000	  81.000	  50.617	  81.000	  42.617	AttR2	5	49	2	1364
54874	1	5	47.000	  84.000	  86.000	  60.000	  68.000	  59.000	Fill	5	49	2	1413
54874	1	6	50.000	  82.000	  81.000	  50.617	  50.000	  74.000	AttF1	4	50	1	1635
54874	1	7	49.000	  81.000	  85.000	  59.000	  68.000	  58.000	Fill	5	49	2	835
54874	1	8	55.000	  82.000	  83.000	  54.337	  46.000	  82.000	AttR1	3	49	2	2235
54874	1	9	60.000	  84.000	  79.000	  50.000	  56.000	  69.000	Fill	5	51	1	1667
54874	1	10	54.000	  82.000	  80.000	  55.350	  75.000	  49.390	AttRF2	5	51	1	3859
54874	1	11	47.000	  81.000	  83.000	  45.867	  78.000	  45.259	AttRF2	4	50	1	3364
54874	1	12	60.000	  84.000	  80.000	  49.000	  60.000	  69.000	Fill	6	51	1	1258
54874	1	13	53.000	  84.000	  82.000	  54.293	  46.000	  84.000	AttR1	5	49	2	858
54874	1	14	47.000	  81.000	  83.000	  45.867	  83.000	  36.867	AttR2	3	50	1	1186
54874	1	15	50.000	  82.000	  81.000	  50.617	  74.000	  50.617	AttF2	4	49	3	884
54874	1	16	47.000	  81.000	  83.000	  45.867	  75.000	  45.867	AttF2	4	50	1	3408
54874	1	17	51.000	  79.000	  86.000	  62.000	  68.000	  59.000	Fill	1	50	2	1086
54874	1	18	55.000	  82.000	  83.000	  54.337	  50.409	  77.000	AttRF1	4	50	1	3031
54874	1	19	51.000	  78.000	  79.000	  50.354	  79.000	  42.354	AttR2	6	51	1	2546
54874	1	20	53.000	  84.000	  82.000	  54.293	  52.968	  80.000	AttRF1	5	49	2	812
54874	1	21	59.000	  85.000	  80.000	  49.000	  60.000	  69.000	Fill	5	51	1	2089
54874	1	22	50.000	  82.000	  81.000	  50.617	  48.743	  78.000	AttRF1	2	50	3	2513
54874	1	23	48.000	  80.000	  81.000	  47.407	  72.000	  47.407	AttF2	4	50	1	4142
54874	1	24	52.000	  82.000	  84.000	  58.000	  70.000	  59.000	Fill	5	49	2	1947
54874	1	25	64.000	  84.000	  81.000	  50.000	  59.000	  68.000	Fill	2	49	1	994
54874	1	26	48.000	  80.000	  81.000	  47.407	  48.000	  72.000	AttF1	2	49	1	11208
54874	1	27	50.000	  78.000	  86.000	  59.000	  68.000	  60.000	Fill	3	49	2	1148
54874	1	28	49.000	  80.000	  81.000	  48.395	  73.000	  48.395	AttF2	2	49	1	1696
54874	1	29	50.000	  82.000	  81.000	  50.617	  43.000	  82.000	AttR1	3	50	1	1384
54874	1	30	51.000	  80.000	  82.000	  49.756	  77.000	  49.087	AttRF2	6	51	1	2091
54874	1	31	47.000	  81.000	  83.000	  45.867	  41.999	  76.000	AttRF1	4	50	1	2435
54874	1	32	51.000	  78.000	  79.000	  50.354	  46.530	  73.000	AttRF1	3	50	1	3746
54874	1	33	55.000	  82.000	  83.000	  54.337	  79.000	  52.988	AttRF2	2	49	1	2887
54874	1	34	55.000	  82.000	  83.000	  54.337	  83.000	  45.337	AttR2	4	50	1	2776
54874	1	35	50.000	  81.000	  82.000	  49.390	  82.000	  42.390	AttR2	2	49	1	1378
54874	1	36	49.000	  80.000	  81.000	  48.395	  45.408	  76.000	AttRF1	5	51	1	1062
54874	1	37	47.000	  80.000	  87.000	  59.000	  69.000	  58.000	Fill	4	51	2	1205
54874	1	38	50.000	  81.000	  82.000	  49.390	  45.776	  76.000	AttRF1	2	49	1	1081
54874	1	39	51.000	  78.000	  79.000	  50.354	  42.000	  78.000	AttR1	5	51	1	2400
54874	1	40	55.000	  82.000	  83.000	  54.337	  76.000	  54.337	AttF2	2	49	1	1523
54874	1	41	61.000	  85.000	  78.000	  48.000	  57.000	  67.000	Fill	4	50	1	1056
54874	1	42	51.000	  78.000	  79.000	  50.354	  70.000	  50.354	AttF2	4	50	1	2456
54874	1	43	49.000	  80.000	  81.000	  48.395	  76.000	  46.550	AttRF2	3	50	1	1455
54874	1	44	51.000	  80.000	  82.000	  49.756	  46.115	  76.000	AttRF1	3	50	1	1480
54874	1	45	48.000	  80.000	  81.000	  47.407	  44.481	  76.000	AttRF1	5	51	1	5856
54874	1	46	54.000	  82.000	  80.000	  55.350	  47.000	  82.000	AttR1	2	49	1	2880
54874	1	47	53.000	  84.000	  82.000	  54.293	  53.000	  75.000	AttF1	3	49	2	1760
54874	1	48	52.000	  82.000	  85.000	  58.000	  68.000	  60.000	Fill	2	51	2	2262
54874	1	49	48.000	  80.000	  81.000	  47.407	  39.000	  80.000	AttR1	6	51	1	9735
54874	1	50	50.000	  81.000	  82.000	  49.390	  77.000	  47.531	AttRF2	5	49	2	2674
54874	1	51	50.000	  80.000	  85.000	  60.000	  69.000	  60.000	Fill	5	49	2	2131
54874	1	52	53.000	  84.000	  82.000	  54.293	  75.000	  54.293	AttF2	6	51	1	2520
54874	1	53	51.000	  80.000	  82.000	  49.756	  82.000	  40.756	AttR2	2	49	1	3710
54874	1	54	50.000	  81.000	  85.000	  60.000	  68.000	  59.000	Fill	2	51	2	3723
54874	1	55	50.000	  81.000	  82.000	  49.390	  43.000	  81.000	AttR1	2	49	1	2311
54874	1	56	54.000	  82.000	  80.000	  55.350	  73.000	  55.350	AttF2	5	51	1	5133
54874	1	57	50.000	  82.000	  81.000	  50.617	  76.000	  46.341	AttRF2	2	49	1	5084
54874	1	58	58.000	  82.000	  77.000	  50.000	  60.000	  69.000	Fill	2	49	1	1283
54874	1	59	51.000	  80.000	  82.000	  49.756	  73.000	  49.756	AttF2	3	50	1	4707
54874	1	60	48.000	  80.000	  81.000	  47.407	  77.000	  46.200	AttRF2	5	51	1	2208
54874	1	61	55.000	  82.000	  83.000	  54.337	  55.000	  74.000	AttF1	2	51	2	2667
54874	1	62	49.000	  80.000	  81.000	  48.395	  49.000	  71.000	AttF1	3	51	3	2795
54874	1	63	60.000	  86.000	  78.000	  48.000	  59.000	  66.000	Fill	5	51	1	926
54874	1	64	59.000	  87.000	  80.000	  47.000	  58.000	  69.000	Fill	4	50	1	1466
54874	1	65	49.000	  80.000	  81.000	  48.395	  40.000	  80.000	AttR1	3	50	1	3683
54874	1	66	49.000	  80.000	  81.000	  48.395	  81.000	  40.395	AttR2	3	49	2	2627
54874	1	67	48.000	  79.000	  84.000	  64.000	  68.000	  59.000	Fill	5	49	2	2566
54874	1	68	54.000	  82.000	  80.000	  55.350	  80.000	  46.350	AttR2	4	50	1	1595
54874	1	69	54.000	  82.000	  80.000	  55.350	  54.000	  75.000	AttF1	1	49	1	3430
54874	1	70	51.000	  78.000	  79.000	  50.354	  75.000	  49.038	AttRF2	5	51	1	2819
54874	1	71	57.000	  86.000	  82.000	  49.000	  59.000	  70.000	Fill	1	49	1	27482
54874	1	72	53.000	  84.000	  82.000	  54.293	  77.000	  48.583	AttRF2	5	49	2	5138
54874	1	73	50.000	  81.000	  82.000	  49.390	  73.000	  49.390	AttF2	2	51	2	1399
54874	1	74	51.000	  78.000	  79.000	  50.354	  51.000	  71.000	AttF1	3	50	1	2625
54874	1	75	47.000	  81.000	  83.000	  45.867	  47.000	  73.000	AttF1	3	49	2	1821
54874	1	76	53.000	  84.000	  82.000	  54.293	  82.000	  46.293	AttR2	6	51	1	5344
54874	1	77	50.000	  81.000	  82.000	  49.390	  50.000	  74.000	AttF1	3	50	1	5910
54874	1	78	47.000	  81.000	  83.000	  45.867	  40.000	  81.000	AttR1	5	51	1	4706
54874	1	79	51.000	  80.000	  82.000	  49.756	  51.000	  73.000	AttF1	2	51	2	2743
54874	1	80	54.000	  82.000	  80.000	  55.350	  53.966	  78.000	AttRF1	4	49	3	7301
54874	2	1	49.000	  78.000	  77.000	  49.636	  47.058	  73.000	AttRF1	4	50	1	3115
54874	2	2	49.000	  78.000	  77.000	  49.636	  49.000	  69.000	AttF1	1	49	1	1839
54874	2	3	50.000	  80.000	  80.000	  50.000	  76.000	  47.500	AttRF2	2	51	2	1606
54874	2	4	50.000	  80.000	  81.000	  49.383	  73.000	  49.383	AttF2	3	49	2	2514
54874	2	5	49.000	  82.000	  80.000	  50.225	  71.000	  50.225	AttF2	6	50	2	2031
54874	2	6	52.000	  82.000	  81.000	  52.642	  77.000	  48.829	AttRF2	4	51	2	1658
54874	2	7	49.000	  80.000	  79.000	  49.620	  41.000	  80.000	AttR1	3	49	2	3241
54874	2	8	49.000	  78.000	  79.000	  48.380	  70.000	  48.380	AttF2	4	51	2	1347
54874	2	9	52.000	  80.000	  79.000	  52.658	  79.000	  43.658	AttR2	6	51	1	3414
54874	2	10	49.000	  80.000	  79.000	  49.620	  74.000	  45.325	AttRF2	4	51	2	6042
54874	2	11	61.000	  86.000	  81.000	  47.000	  60.000	  67.000	Fill	1	49	1	1035
54874	2	12	50.000	  80.000	  80.000	  50.000	  46.875	  75.000	AttRF1	5	51	1	2626
54874	2	13	50.000	  78.000	  84.000	  60.000	  67.000	  57.000	Fill	3	49	2	3021
54874	2	14	52.000	  80.000	  79.000	  52.658	  44.000	  80.000	AttR1	4	50	1	4495
54874	2	15	50.000	  80.000	  86.000	  60.000	  67.000	  59.000	Fill	2	51	2	1767
54874	2	16	49.000	  82.000	  80.000	  50.225	  48.342	  77.000	AttRF1	4	50	1	4010
54874	2	17	61.000	  85.000	  80.000	  49.000	  59.000	  67.000	Fill	5	51	1	1076
54874	2	18	49.000	  78.000	  77.000	  49.636	  41.000	  78.000	AttR1	2	49	1	1852
54874	2	19	49.000	  82.000	  80.000	  50.225	  49.000	  75.000	AttF1	2	49	1	2556
54874	2	20	50.000	  80.000	  81.000	  49.383	  81.000	  41.383	AttR2	5	51	1	2593
54874	2	21	50.000	  80.000	  78.000	  51.282	  74.000	  46.250	AttRF2	5	51	1	2766
54874	2	22	49.000	  78.000	  79.000	  48.380	  79.000	  41.380	AttR2	1	49	1	2266
54874	2	23	48.000	  79.000	  79.000	  48.000	  70.000	  48.000	AttF2	1	50	2	1858
54874	2	24	49.000	  80.000	  79.000	  49.620	  47.108	  75.000	AttRF1	4	50	1	2106
54874	2	25	49.000	  78.000	  77.000	  49.636	  77.000	  41.636	AttR2	5	49	2	1895
54874	2	26	50.000	  80.000	  78.000	  51.282	  41.000	  80.000	AttR1	5	51	1	5871
54874	2	27	50.000	  80.000	  78.000	  51.282	  49.967	  76.000	AttRF1	6	50	2	7534
54874	2	28	49.000	  78.000	  85.000	  60.000	  69.000	  59.000	Fill	6	50	2	1765
54874	2	29	52.000	  80.000	  79.000	  52.658	  70.000	  52.658	AttF2	4	50	1	1930
54874	2	30	52.000	  82.000	  81.000	  52.642	  72.000	  52.642	AttF2	3	49	2	1326
54874	2	31	50.000	  80.000	  80.000	  50.000	  73.000	  50.000	AttF2	5	51	1	1085
54874	2	32	52.000	  80.000	  79.000	  52.658	  74.000	  48.100	AttRF2	1	49	1	1165
54874	2	33	49.000	  78.000	  79.000	  48.380	  75.000	  47.115	AttRF2	6	51	1	1379
54874	2	34	49.000	  78.000	  77.000	  49.636	  69.000	  49.636	AttF2	6	50	2	2012
54874	2	35	51.000	  82.000	  84.000	  60.000	  69.000	  60.000	Fill	2	51	2	1567
54874	2	36	50.000	  80.000	  87.000	  59.000	  66.000	  58.000	Fill	5	49	2	1449
54874	2	37	50.000	  80.000	  81.000	  49.383	  50.000	  71.000	AttF1	4	49	3	7473
54874	2	38	49.000	  80.000	  79.000	  49.620	  70.000	  49.620	AttF2	4	50	1	3017
54874	2	39	48.000	  79.000	  79.000	  48.000	  74.000	  44.962	AttRF2	2	49	1	8365
54874	2	40	52.000	  80.000	  79.000	  52.658	  52.000	  72.000	AttF1	5	51	1	1703
54874	2	41	51.000	  77.000	  85.000	  60.000	  68.000	  61.000	Fill	2	51	2	1511
54874	2	42	48.000	  79.000	  79.000	  48.000	  41.000	  79.000	AttR1	1	49	1	3101
54874	2	43	52.000	  82.000	  81.000	  52.642	  52.000	  75.000	AttF1	2	51	2	7922
54874	2	44	59.000	  84.000	  82.000	  49.000	  62.000	  68.000	Fill	2	49	1	2014
54874	2	45	59.000	  85.000	  80.000	  50.000	  60.000	  68.000	Fill	6	51	1	7466
54874	2	46	48.000	  79.000	  79.000	  48.000	  79.000	  40.000	AttR2	5	49	2	3833
54874	2	47	50.000	  82.000	  84.000	  60.000	  68.000	  58.000	Fill	4	51	2	1258
54874	2	48	61.000	  83.000	  79.000	  50.000	  60.000	  66.000	Fill	1	49	1	1458
54874	2	49	50.000	  80.000	  81.000	  49.383	  41.000	  80.000	AttR1	2	49	1	3171
54874	2	50	50.000	  80.000	  78.000	  51.282	  71.000	  51.282	AttF2	4	51	2	1517
54874	2	51	49.000	  82.000	  80.000	  50.225	  40.000	  82.000	AttR1	5	51	1	1082
54874	2	52	57.000	  86.000	  81.000	  50.000	  60.000	  68.000	Fill	1	49	1	1257
54874	2	53	49.000	  78.000	  79.000	  48.380	  42.000	  78.000	AttR1	4	51	2	2121
54874	2	54	49.000	  78.000	  79.000	  48.380	  45.318	  74.000	AttRF1	2	49	1	2342
54874	2	55	51.000	  79.000	  85.000	  59.000	  68.000	  60.000	Fill	3	49	2	3357
54874	2	56	49.000	  78.000	  77.000	  49.636	  72.000	  45.231	AttRF2	4	51	2	2946
54874	2	57	48.000	  79.000	  79.000	  48.000	  48.000	  72.000	AttF1	4	50	1	3590
54874	2	58	50.000	  80.000	  78.000	  51.282	  78.000	  44.282	AttR2	2	49	1	8458
54874	2	59	50.000	  80.000	  78.000	  51.282	  50.000	  73.000	AttF1	3	50	1	4394
54874	2	60	49.000	  80.000	  79.000	  49.620	  49.000	  72.000	AttF1	3	50	1	1597
54874	2	61	48.000	  79.000	  79.000	  48.000	  44.962	  74.000	AttRF1	3	50	1	1838
54874	2	62	49.000	  83.000	  85.000	  60.000	  70.000	  59.000	Fill	3	49	2	1526
54874	2	63	49.000	  78.000	  79.000	  48.380	  49.000	  69.000	AttF1	5	51	1	1541
54874	2	64	50.000	  80.000	  80.000	  50.000	  42.000	  80.000	AttR1	3	50	1	2082
54874	2	65	52.000	  82.000	  81.000	  52.642	  81.000	  44.642	AttR2	4	51	2	15381
54874	2	66	49.000	  82.000	  80.000	  50.225	  76.000	  45.415	AttRF2	1	20	0	839
54874	2	67	49.000	  79.000	  84.000	  58.000	  68.000	  61.000	Fill	4	51	2	2705
54874	2	68	60.000	  84.000	  80.000	  51.000	  60.000	  69.000	Fill	4	50	1	1142
54874	2	69	57.000	  86.000	  76.000	  51.000	  56.000	  67.000	Fill	4	50	1	1811
54874	2	70	50.000	  80.000	  81.000	  49.383	  76.000	  47.500	AttRF2	5	51	1	1550
54874	2	71	52.000	  82.000	  81.000	  52.642	  50.042	  77.000	AttRF1	6	51	1	1788
54874	2	72	50.000	  80.000	  81.000	  49.383	  45.725	  75.000	AttRF1	5	49	2	1719
54874	2	73	60.000	  86.000	  78.000	  51.000	  62.000	  67.000	Fill	3	50	1	1667
54874	2	74	52.000	  80.000	  79.000	  52.658	  50.659	  76.000	AttRF1	4	51	2	1412
54874	2	75	49.000	  82.000	  80.000	  50.225	  80.000	  42.225	AttR2	5	51	1	1310
54874	2	76	50.000	  80.000	  80.000	  50.000	  80.000	  41.000	AttR2	3	50	1	1915
54874	2	77	61.000	  82.000	  80.000	  53.000	  58.000	  67.000	Fill	4	50	1	2145
54874	2	78	49.000	  80.000	  79.000	  49.620	  79.000	  40.620	AttR2	2	49	1	1213
54874	2	79	52.000	  82.000	  81.000	  52.642	  43.000	  82.000	AttR1	5	49	2	9016
54874	2	80	50.000	  80.000	  80.000	  50.000	  50.000	  71.000	AttF1	3	50	1	11281
54874	3	1	50.000	  83.000	  85.000	  48.824	  81.000	  48.795	AttRF2	2	51	2	29310
54874	3	2	50.000	  81.000	  79.000	  51.266	  72.000	  51.266	AttF2	2	51	2	3782
54874	3	3	48.000	  79.000	  78.000	  48.615	  71.000	  48.615	AttF2	6	51	1	2185
54874	3	4	50.000	  80.000	  81.000	  49.383	  81.000	  42.383	AttR2	3	49	2	3332
54874	3	5	48.000	  79.000	  78.000	  48.615	  48.000	  72.000	AttF1	4	51	2	2744
54874	3	6	50.000	  81.000	  79.000	  51.266	  50.000	  73.000	AttF1	5	51	1	1973
54874	3	7	50.000	  78.000	  80.000	  48.750	  44.484	  73.000	AttRF1	3	49	2	1543
54874	3	8	50.000	  81.000	  81.000	  50.000	  76.000	  46.914	AttRF2	1	49	1	1860
54874	3	9	50.000	  81.000	  79.000	  51.266	  41.000	  81.000	AttR1	4	51	2	3878
54874	3	10	50.000	  82.000	  86.000	  60.000	  69.000	  59.000	Fill	1	51	3	9301
54874	3	11	49.000	  81.000	  82.000	  48.402	  78.000	  47.185	AttRF2	5	51	1	2786
54874	3	12	50.000	  81.000	  81.000	  50.000	  46.914	  76.000	AttRF1	5	51	1	1877
54874	3	13	50.000	  81.000	  82.000	  49.390	  82.000	  42.390	AttR2	4	51	2	1293
54874	3	14	50.000	  80.000	  83.000	  60.000	  70.000	  62.000	Fill	1	50	2	1733
54874	3	15	50.000	  81.000	  81.000	  50.000	  42.000	  81.000	AttR1	2	49	1	2242
54874	3	16	51.000	  77.000	  76.000	  51.671	  68.000	  51.671	AttF2	1	51	3	3459
54874	3	17	64.000	  86.000	  79.000	  49.000	  59.000	  69.000	Fill	3	50	1	1329
54874	3	18	49.000	  81.000	  82.000	  48.402	  45.451	  77.000	AttRF1	2	51	2	976
54874	3	19	50.000	  81.000	  82.000	  49.390	  50.000	  73.000	AttF1	6	50	2	5467
54874	3	20	50.000	  80.000	  81.000	  49.383	  45.725	  75.000	AttRF1	5	51	1	2874
54874	3	21	58.000	  82.000	  79.000	  49.000	  58.000	  70.000	Fill	4	51	2	858
54874	3	22	50.000	  81.000	  79.000	  51.266	  74.000	  45.679	AttRF2	5	49	2	1554
54874	3	23	58.000	  83.000	  79.000	  49.000	  58.000	  69.000	Fill	5	51	1	1519
54874	3	24	53.000	  78.000	  76.000	  54.395	  68.000	  54.395	AttF2	5	51	1	2109
54874	3	25	53.000	  79.000	  84.000	  57.000	  68.000	  60.000	Fill	4	49	3	2194
54874	3	26	60.000	  86.000	  80.000	  51.000	  60.000	  68.000	Fill	2	49	1	3782
54874	3	27	58.000	  88.000	  79.000	  50.000	  57.000	  69.000	Fill	2	49	1	1888
54874	3	28	50.000	  80.000	  81.000	  49.383	  74.000	  49.383	AttF2	1	49	1	3416
54874	3	29	48.000	  80.000	  87.000	  58.000	  69.000	  60.000	Fill	4	51	2	786
54874	3	30	53.000	  78.000	  76.000	  54.395	  44.000	  78.000	AttR1	2	49	1	1917
54874	3	31	50.000	  83.000	  85.000	  48.824	  42.000	  83.000	AttR1	5	51	1	2186
54874	3	32	50.000	  80.000	  81.000	  49.383	  43.000	  80.000	AttR1	5	51	1	1542
54874	3	33	50.000	  81.000	  85.000	  59.000	  66.000	  57.000	Fill	4	51	2	762
54874	3	34	51.000	  77.000	  76.000	  51.671	  71.000	  47.026	AttRF2	2	49	1	1343
54874	3	35	49.000	  81.000	  82.000	  48.402	  49.000	  73.000	AttF1	3	49	2	797
54874	3	36	51.000	  77.000	  76.000	  51.671	  76.000	  42.671	AttR2	6	51	1	767
54874	3	37	50.000	  83.000	  85.000	  48.824	  50.000	  76.000	AttF1	4	51	2	1170
54874	3	38	50.000	  81.000	  82.000	  49.390	  42.000	  81.000	AttR1	2	51	2	23018
54874	3	39	50.000	  81.000	  79.000	  51.266	  79.000	  42.266	AttR2	5	50	3	2509
54874	3	40	50.000	  83.000	  85.000	  48.824	  76.000	  48.824	AttF2	1	50	2	1729
54874	3	41	48.000	  79.000	  78.000	  48.615	  78.000	  40.615	AttR2	6	49	3	1346
54874	3	42	50.000	  78.000	  80.000	  48.750	  75.000	  48.077	AttRF2	4	51	2	763
54874	3	43	50.000	  83.000	  85.000	  48.824	  45.377	  79.000	AttRF1	5	49	2	257
54874	3	44	50.000	  81.000	  81.000	  50.000	  50.000	  73.000	AttF1	2	50	3	345
54874	3	45	59.000	  86.000	  81.000	  53.000	  60.000	  68.000	Fill	2	49	1	791
54874	3	46	50.000	  78.000	  80.000	  48.750	  43.000	  78.000	AttR1	3	51	3	226
54874	3	47	50.000	  81.000	  86.000	  61.000	  69.000	  60.000	Fill	5	50	3	171
54874	3	48	50.000	  81.000	  81.000	  50.000	  72.000	  50.000	AttF2	2	50	3	454
54874	3	49	50.000	  81.000	  82.000	  49.390	  74.000	  49.390	AttF2	4	51	2	551
54874	3	50	50.000	  80.000	  87.000	  59.000	  68.000	  59.000	Fill	5	49	2	428
54874	3	51	49.000	  81.000	  85.000	  60.000	  67.000	  60.000	Fill	4	51	2	1319
54874	3	52	50.000	  78.000	  86.000	  58.000	  67.000	  59.000	Fill	3	49	2	556
54874	3	53	50.000	  78.000	  80.000	  48.750	  50.000	  70.000	AttF1	3	51	3	881
54874	3	54	49.000	  79.000	  87.000	  61.000	  68.000	  60.000	Fill	2	51	2	866
54874	3	55	60.000	  82.000	  80.000	  51.000	  59.000	  68.000	Fill	4	50	1	297
54874	3	56	51.000	  77.000	  76.000	  51.671	  51.000	  69.000	AttF1	3	49	2	298
54874	3	57	53.000	  78.000	  76.000	  54.395	  71.000	  48.244	AttRF2	4	50	1	969
54874	3	58	50.000	  81.000	  81.000	  50.000	  81.000	  43.000	AttR2	2	51	2	332
54874	3	59	61.000	  86.000	  81.000	  49.000	  58.000	  69.000	Fill	5	49	2	202
54874	3	60	50.000	  78.000	  80.000	  48.750	  80.000	  41.750	AttR2	3	50	1	132
54874	3	61	57.000	  87.000	  80.000	  51.000	  59.000	  70.000	Fill	4	51	2	385
54874	3	62	50.000	  81.000	  79.000	  51.266	  49.319	  76.000	AttRF1	4	51	2	9595
54874	3	63	53.000	  78.000	  76.000	  54.395	  76.000	  45.395	AttR2	2	49	1	1302
54874	3	64	48.000	  79.000	  78.000	  48.615	  46.122	  74.000	AttRF1	2	51	2	876
54874	3	65	49.000	  81.000	  82.000	  48.402	  82.000	  40.402	AttR2	5	51	1	1251
54874	3	66	53.000	  78.000	  76.000	  54.395	  53.000	  69.000	AttF1	2	49	1	1324
54874	3	67	51.000	  77.000	  76.000	  51.671	  44.000	  77.000	AttR1	1	51	3	969
54874	3	68	53.000	  78.000	  76.000	  54.395	  52.248	  73.000	AttRF1	1	50	2	1156
54874	3	69	50.000	  80.000	  81.000	  49.383	  50.000	  71.000	AttF1	4	51	2	841
54874	3	70	50.000	  80.000	  81.000	  49.383	  76.000	  47.500	AttRF2	4	51	2	842
54874	3	71	50.000	  81.000	  82.000	  49.390	  46.379	  77.000	AttRF1	5	49	2	1353
54874	3	72	51.000	  77.000	  76.000	  51.671	  48.952	  72.000	AttRF1	4	51	2	890
54874	3	73	50.000	  81.000	  82.000	  49.390	  78.000	  48.148	AttRF2	2	51	2	750
54874	3	74	49.000	  81.000	  82.000	  48.402	  73.000	  48.402	AttF2	5	51	1	1100
54874	3	75	49.000	  81.000	  82.000	  48.402	  40.000	  81.000	AttR1	4	51	2	889
54874	3	76	60.000	  85.000	  82.000	  49.000	  60.000	  70.000	Fill	3	49	2	1257
54874	3	77	50.000	  78.000	  80.000	  48.750	  72.000	  48.750	AttF2	4	51	2	1225
54874	3	78	48.000	  79.000	  78.000	  48.615	  74.000	  44.962	AttRF2	1	49	1	1479
54874	3	79	48.000	  79.000	  78.000	  48.615	  40.000	  79.000	AttR1	2	51	2	892
54874	3	80	50.000	  83.000	  85.000	  48.824	  85.000	  41.824	AttR2	6	51	1	772
54874	4	1	55.000	  82.000	  83.000	  54.337	  83.000	  45.337	AttR2	2	49	1	5928
54874	4	2	59.000	  87.000	  80.000	  47.000	  58.000	  69.000	Fill	6	51	1	4792
54874	4	3	47.000	  81.000	  83.000	  45.867	  47.000	  73.000	AttF1	2	51	2	3274
54874	4	4	47.000	  81.000	  83.000	  45.867	  40.000	  81.000	AttR1	2	49	1	2266
54874	4	5	50.000	  81.000	  82.000	  49.390	  77.000	  47.531	AttRF2	5	51	1	4538
54874	4	6	53.000	  84.000	  82.000	  54.293	  77.000	  48.583	AttRF2	4	50	1	3575
54874	4	7	51.000	  79.000	  86.000	  62.000	  68.000	  59.000	Fill	2	51	2	2650
54874	4	8	50.000	  81.000	  82.000	  49.390	  82.000	  42.390	AttR2	2	51	2	3050
54874	4	9	47.000	  81.000	  83.000	  45.867	  75.000	  45.867	AttF2	5	49	2	3866
54874	4	10	48.000	  80.000	  81.000	  47.407	  81.000	  39.407	AttR2	2	51	2	1778
54874	4	11	52.000	  82.000	  84.000	  58.000	  70.000	  59.000	Fill	5	51	1	2012
54874	4	12	61.000	  85.000	  78.000	  48.000	  57.000	  67.000	Fill	3	50	1	1346
54874	4	13	57.000	  86.000	  82.000	  49.000	  59.000	  70.000	Fill	3	50	1	1812
54874	4	14	51.000	  80.000	  82.000	  49.756	  51.000	  73.000	AttF1	5	49	2	1863
54874	4	15	54.000	  82.000	  80.000	  55.350	  54.000	  75.000	AttF1	3	49	2	16312
54874	4	16	49.000	  80.000	  81.000	  48.395	  76.000	  46.550	AttRF2	1	50	2	1819
54874	4	17	51.000	  78.000	  79.000	  50.354	  79.000	  42.354	AttR2	3	50	1	1747
54874	4	18	48.000	  80.000	  81.000	  47.407	  77.000	  46.200	AttRF2	3	50	1	2052
54874	4	19	50.000	  82.000	  81.000	  50.617	  74.000	  50.617	AttF2	5	51	1	1764
54874	4	20	50.000	  82.000	  81.000	  50.617	  81.000	  42.617	AttR2	3	49	2	1370
54874	4	21	64.000	  84.000	  81.000	  50.000	  59.000	  68.000	Fill	4	50	1	2636
54874	4	22	49.000	  80.000	  81.000	  48.395	  45.408	  76.000	AttRF1	5	51	1	1868
54874	4	23	58.000	  86.000	  79.000	  50.000	  57.000	  66.000	Fill	6	51	1	1139
54874	4	24	47.000	  81.000	  83.000	  45.867	  83.000	  36.867	AttR2	3	50	1	3650
54874	4	25	51.000	  78.000	  79.000	  50.354	  70.000	  50.354	AttF2	5	49	2	4969
54874	4	26	51.000	  78.000	  79.000	  50.354	  51.000	  71.000	AttF1	1	50	2	8610
54874	4	27	50.000	  81.000	  85.000	  60.000	  68.000	  59.000	Fill	6	50	2	8775
54874	4	28	49.000	  80.000	  81.000	  48.395	  49.000	  71.000	AttF1	4	49	3	5098
54874	4	29	50.000	  81.000	  82.000	  49.390	  50.000	  74.000	AttF1	4	50	1	6234
54874	4	30	55.000	  82.000	  83.000	  54.337	  46.000	  82.000	AttR1	3	49	2	3825
54874	4	31	49.000	  80.000	  81.000	  48.395	  73.000	  48.395	AttF2	2	51	2	3604
54874	4	32	48.000	  80.000	  81.000	  47.407	  48.000	  72.000	AttF1	4	51	2	4319
54874	4	33	47.000	  81.000	  83.000	  45.867	  78.000	  45.259	AttRF2	3	51	3	2500
54874	4	34	55.000	  82.000	  83.000	  54.337	  55.000	  74.000	AttF1	2	49	1	2162
54874	4	35	51.000	  80.000	  82.000	  49.756	  46.115	  76.000	AttRF1	6	51	1	2079
54874	4	36	49.000	  80.000	  81.000	  48.395	  81.000	  40.395	AttR2	5	51	1	8975
54874	4	37	60.000	  84.000	  79.000	  50.000	  56.000	  69.000	Fill	4	50	1	1122
54874	4	38	60.000	  84.000	  80.000	  49.000	  60.000	  69.000	Fill	2	49	1	838
54874	4	39	53.000	  84.000	  82.000	  54.293	  82.000	  46.293	AttR2	5	51	1	974
54874	4	40	58.000	  82.000	  77.000	  50.000	  60.000	  69.000	Fill	4	50	1	3499
54874	4	41	54.000	  82.000	  80.000	  55.350	  53.966	  78.000	AttRF1	2	51	2	2754
54874	4	42	50.000	  82.000	  81.000	  50.617	  50.000	  74.000	AttF1	5	51	1	1223
54874	4	43	54.000	  82.000	  80.000	  55.350	  47.000	  82.000	AttR1	6	51	1	1146
54874	4	44	47.000	  81.000	  83.000	  45.867	  41.999	  76.000	AttRF1	2	49	1	1558
54874	4	45	47.000	  80.000	  87.000	  59.000	  69.000	  58.000	Fill	2	51	2	1677
54874	4	46	51.000	  80.000	  82.000	  49.756	  82.000	  40.756	AttR2	1	49	1	2940
54874	4	47	53.000	  84.000	  82.000	  54.293	  53.000	  75.000	AttF1	4	50	1	5122
54874	4	48	55.000	  82.000	  83.000	  54.337	  79.000	  52.988	AttRF2	3	51	3	5103
54874	4	49	59.000	  85.000	  80.000	  49.000	  60.000	  69.000	Fill	4	50	1	1500
54874	4	50	54.000	  82.000	  80.000	  55.350	  80.000	  46.350	AttR2	2	49	1	850
54874	4	51	60.000	  86.000	  78.000	  48.000	  59.000	  66.000	Fill	2	49	1	963
54874	4	52	50.000	  78.000	  86.000	  59.000	  68.000	  60.000	Fill	4	51	2	878
54874	4	53	53.000	  84.000	  82.000	  54.293	  75.000	  54.293	AttF2	4	51	2	1384
54874	4	54	54.000	  82.000	  80.000	  55.350	  73.000	  55.350	AttF2	1	50	2	2371
54874	4	55	50.000	  81.000	  82.000	  49.390	  43.000	  81.000	AttR1	6	51	1	1964
54874	4	56	51.000	  78.000	  79.000	  50.354	  46.530	  73.000	AttRF1	5	51	1	1618
54874	4	57	52.000	  82.000	  85.000	  58.000	  68.000	  60.000	Fill	5	49	2	796
54874	4	58	55.000	  82.000	  83.000	  54.337	  76.000	  54.337	AttF2	4	50	1	3333
54874	4	59	50.000	  81.000	  82.000	  49.390	  73.000	  49.390	AttF2	3	50	1	1173
54874	4	60	49.000	  80.000	  81.000	  48.395	  40.000	  80.000	AttR1	2	51	2	2224
54874	4	61	50.000	  82.000	  81.000	  50.617	  43.000	  82.000	AttR1	4	51	2	1106
54874	4	62	50.000	  82.000	  81.000	  50.617	  48.743	  78.000	AttRF1	1	50	2	4015
54874	4	63	50.000	  82.000	  81.000	  50.617	  76.000	  46.341	AttRF2	2	51	2	1305
54874	4	64	51.000	  80.000	  82.000	  49.756	  77.000	  49.087	AttRF2	6	50	2	1879
54874	4	65	51.000	  80.000	  82.000	  49.756	  73.000	  49.756	AttF2	5	51	1	1615
54874	4	66	51.000	  80.000	  82.000	  49.756	  44.000	  80.000	AttR1	3	50	1	2074
54874	4	67	48.000	  80.000	  81.000	  47.407	  72.000	  47.407	AttF2	3	49	2	4474
54874	4	68	48.000	  80.000	  81.000	  47.407	  44.481	  76.000	AttRF1	3	49	2	2425
54874	4	69	53.000	  84.000	  82.000	  54.293	  52.968	  80.000	AttRF1	3	49	2	3060
54874	4	70	50.000	  80.000	  85.000	  60.000	  69.000	  60.000	Fill	5	49	2	4348
54874	4	71	53.000	  84.000	  82.000	  54.293	  46.000	  84.000	AttR1	4	50	1	7434
54874	4	72	54.000	  82.000	  80.000	  55.350	  75.000	  49.390	AttRF2	5	51	1	3786
54874	4	73	50.000	  81.000	  82.000	  49.390	  45.776	  76.000	AttRF1	4	50	1	8684
54874	4	74	55.000	  82.000	  83.000	  54.337	  50.409	  77.000	AttRF1	4	51	2	2188
54874	4	75	48.000	  79.000	  84.000	  64.000	  68.000	  59.000	Fill	1	50	2	10412
54874	4	76	51.000	  78.000	  79.000	  50.354	  42.000	  78.000	AttR1	4	51	2	2199
54874	4	77	47.000	  84.000	  86.000	  60.000	  68.000	  59.000	Fill	2	51	2	2296
54874	4	78	48.000	  80.000	  81.000	  47.407	  39.000	  80.000	AttR1	1	49	1	4968
54874	4	79	51.000	  78.000	  79.000	  50.354	  75.000	  49.038	AttRF2	5	50	3	11524
54874	4	80	49.000	  81.000	  85.000	  59.000	  68.000	  58.000	Fill	4	51	2	2313
54874	5	1	49.000	  80.000	  79.000	  49.620	  47.108	  75.000	AttRF1	2	49	1	3761
54874	5	2	61.000	  85.000	  80.000	  49.000	  59.000	  67.000	Fill	3	50	1	776
54874	5	3	49.000	  80.000	  79.000	  49.620	  70.000	  49.620	AttF2	3	50	1	1178
54874	5	4	48.000	  79.000	  79.000	  48.000	  48.000	  72.000	AttF1	1	49	1	1357
54874	5	5	50.000	  80.000	  81.000	  49.383	  73.000	  49.383	AttF2	2	51	2	1259
54874	5	6	49.000	  78.000	  79.000	  48.380	  70.000	  48.380	AttF2	6	50	2	1419
54874	5	7	49.000	  78.000	  79.000	  48.380	  75.000	  47.115	AttRF2	4	51	2	1427
54874	5	8	49.000	  78.000	  77.000	  49.636	  69.000	  49.636	AttF2	4	51	2	1412
54874	5	9	57.000	  86.000	  81.000	  50.000	  60.000	  68.000	Fill	2	49	1	1754
54874	5	10	49.000	  82.000	  80.000	  50.225	  76.000	  45.415	AttRF2	6	51	1	1934
54874	5	11	49.000	  78.000	  77.000	  49.636	  41.000	  78.000	AttR1	4	51	2	1389
54874	5	12	50.000	  80.000	  78.000	  51.282	  41.000	  80.000	AttR1	3	49	2	1879
54874	5	13	48.000	  79.000	  79.000	  48.000	  70.000	  48.000	AttF2	4	51	2	1616
54874	5	14	49.000	  80.000	  79.000	  49.620	  74.000	  45.325	AttRF2	4	51	2	2867
54874	5	15	49.000	  78.000	  77.000	  49.636	  49.000	  69.000	AttF1	4	51	2	3426
54874	5	16	49.000	  82.000	  80.000	  50.225	  48.342	  77.000	AttRF1	2	51	2	3837
54874	5	17	50.000	  80.000	  80.000	  50.000	  80.000	  41.000	AttR2	2	49	1	2828
54874	5	18	52.000	  82.000	  81.000	  52.642	  77.000	  48.829	AttRF2	5	49	2	1704
54874	5	19	49.000	  78.000	  79.000	  48.380	  49.000	  69.000	AttF1	2	49	1	5124
54874	5	20	48.000	  79.000	  79.000	  48.000	  41.000	  79.000	AttR1	3	50	1	5163
54874	5	21	51.000	  82.000	  84.000	  60.000	  69.000	  60.000	Fill	4	51	2	999
54874	5	22	51.000	  79.000	  85.000	  59.000	  68.000	  60.000	Fill	5	49	2	1242
54874	5	23	49.000	  79.000	  84.000	  58.000	  68.000	  61.000	Fill	1	50	2	867
54874	5	24	52.000	  80.000	  79.000	  52.658	  70.000	  52.658	AttF2	1	50	2	2274
54874	5	25	50.000	  80.000	  80.000	  50.000	  73.000	  50.000	AttF2	6	50	2	1658
54874	5	26	49.000	  82.000	  80.000	  50.225	  71.000	  50.225	AttF2	3	49	2	2523
54874	5	27	49.000	  78.000	  79.000	  48.380	  45.318	  74.000	AttRF1	3	49	2	991
54874	5	28	49.000	  82.000	  80.000	  50.225	  80.000	  42.225	AttR2	2	51	2	7147
54874	5	29	50.000	  80.000	  78.000	  51.282	  49.967	  76.000	AttRF1	5	49	2	3624
54874	5	30	48.000	  79.000	  79.000	  48.000	  74.000	  44.962	AttRF2	5	51	1	1194
54874	5	31	52.000	  82.000	  81.000	  52.642	  81.000	  44.642	AttR2	5	51	1	1028
54874	5	32	49.000	  80.000	  79.000	  49.620	  79.000	  40.620	AttR2	4	51	2	2295
54874	5	33	50.000	  80.000	  80.000	  50.000	  42.000	  80.000	AttR1	1	50	2	968
54874	5	34	52.000	  82.000	  81.000	  52.642	  52.000	  75.000	AttF1	5	49	2	1098
54874	5	35	50.000	  80.000	  87.000	  59.000	  66.000	  58.000	Fill	5	49	2	5267
54874	5	36	49.000	  83.000	  85.000	  60.000	  70.000	  59.000	Fill	3	49	2	818
54874	5	37	50.000	  82.000	  84.000	  60.000	  68.000	  58.000	Fill	4	51	2	845
54874	5	38	50.000	  80.000	  81.000	  49.383	  50.000	  71.000	AttF1	5	51	1	4661
54874	5	39	49.000	  78.000	  77.000	  49.636	  47.058	  73.000	AttRF1	3	49	2	1477
54874	5	40	50.000	  80.000	  81.000	  49.383	  41.000	  80.000	AttR1	1	50	2	6516
54874	5	41	50.000	  80.000	  78.000	  51.282	  78.000	  44.282	AttR2	6	50	2	1843
54874	5	42	49.000	  78.000	  77.000	  49.636	  77.000	  41.636	AttR2	2	51	2	1348
54874	5	43	50.000	  80.000	  86.000	  60.000	  67.000	  59.000	Fill	2	51	2	1215
54874	5	44	52.000	  82.000	  81.000	  52.642	  50.042	  77.000	AttRF1	3	49	2	6210
54874	5	45	49.000	  78.000	  79.000	  48.380	  42.000	  78.000	AttR1	2	49	1	1597
54874	5	46	52.000	  82.000	  81.000	  52.642	  43.000	  82.000	AttR1	3	49	2	1732
54874	5	47	60.000	  84.000	  80.000	  51.000	  60.000	  69.000	Fill	1	49	1	4550
54874	5	48	52.000	  80.000	  79.000	  52.658	  50.659	  76.000	AttRF1	1	50	2	2819
54874	5	49	59.000	  85.000	  80.000	  50.000	  60.000	  68.000	Fill	5	51	1	1165
54874	5	50	52.000	  80.000	  79.000	  52.658	  74.000	  48.100	AttRF2	2	51	2	3795
54874	5	51	52.000	  80.000	  79.000	  52.658	  52.000	  72.000	AttF1	3	49	2	5501
54874	5	52	52.000	  80.000	  79.000	  52.658	  79.000	  43.658	AttR2	2	51	2	23337
54874	5	53	52.000	  82.000	  81.000	  52.642	  72.000	  52.642	AttF2	4	51	2	4821
54874	5	54	50.000	  80.000	  78.000	  51.282	  74.000	  46.250	AttRF2	2	49	1	3591
54874	5	55	61.000	  83.000	  79.000	  50.000	  60.000	  66.000	Fill	4	50	1	1859
54874	5	56	50.000	  80.000	  81.000	  49.383	  81.000	  41.383	AttR2	1	49	1	5802
54874	5	57	49.000	  78.000	  77.000	  49.636	  72.000	  45.231	AttRF2	1	49	1	1861
54874	5	58	61.000	  82.000	  80.000	  53.000	  58.000	  67.000	Fill	6	51	1	1701
54874	5	59	51.000	  77.000	  85.000	  60.000	  68.000	  61.000	Fill	4	51	2	1202
54874	5	60	49.000	  80.000	  79.000	  49.620	  49.000	  72.000	AttF1	2	49	1	5461
54874	5	61	52.000	  80.000	  79.000	  52.658	  44.000	  80.000	AttR1	5	51	1	9597
54874	5	62	49.000	  82.000	  80.000	  50.225	  40.000	  82.000	AttR1	2	49	1	1200
54874	5	63	61.000	  86.000	  81.000	  47.000	  60.000	  67.000	Fill	3	50	1	1034
54874	5	64	50.000	  80.000	  78.000	  51.282	  71.000	  51.282	AttF2	6	51	1	4971
54874	5	65	60.000	  86.000	  78.000	  51.000	  62.000	  67.000	Fill	2	49	1	1141
54874	5	66	50.000	  78.000	  84.000	  60.000	  67.000	  57.000	Fill	3	49	2	1914
54874	5	67	48.000	  79.000	  79.000	  48.000	  79.000	  40.000	AttR2	3	50	1	2577
54874	5	68	49.000	  78.000	  79.000	  48.380	  79.000	  41.380	AttR2	3	50	1	2338
54874	5	69	50.000	  80.000	  80.000	  50.000	  46.875	  75.000	AttRF1	5	51	1	2384
54874	5	70	48.000	  79.000	  79.000	  48.000	  44.962	  74.000	AttRF1	3	49	2	2613
54874	5	71	50.000	  80.000	  81.000	  49.383	  45.725	  75.000	AttRF1	3	49	2	7277
54874	5	72	50.000	  80.000	  80.000	  50.000	  50.000	  71.000	AttF1	5	49	2	4437
54874	5	73	59.000	  84.000	  82.000	  49.000	  62.000	  68.000	Fill	1	49	1	2285
54874	5	74	49.000	  78.000	  85.000	  60.000	  69.000	  59.000	Fill	3	49	2	3429
54874	5	75	50.000	  80.000	  78.000	  51.282	  50.000	  73.000	AttF1	6	50	2	2800
54874	5	76	49.000	  82.000	  80.000	  50.225	  49.000	  75.000	AttF1	5	49	2	2754
54874	5	77	50.000	  80.000	  80.000	  50.000	  76.000	  47.500	AttRF2	1	50	2	4520
54874	5	78	57.000	  86.000	  76.000	  51.000	  56.000	  67.000	Fill	5	51	1	2164
54874	5	79	49.000	  80.000	  79.000	  49.620	  41.000	  80.000	AttR1	5	51	1	1762
54874	5	80	50.000	  80.000	  81.000	  49.383	  76.000	  47.500	AttRF2	5	49	2	1784
54874	6	1	50.000	  78.000	  80.000	  48.750	  44.484	  73.000	AttRF1	2	49	1	1893
54874	6	2	64.000	  86.000	  79.000	  49.000	  59.000	  69.000	Fill	4	50	1	608
54874	6	3	58.000	  82.000	  79.000	  49.000	  58.000	  70.000	Fill	4	50	1	1275
54874	6	4	50.000	  81.000	  81.000	  50.000	  42.000	  81.000	AttR1	1	49	1	762
54874	6	5	50.000	  82.000	  86.000	  60.000	  69.000	  59.000	Fill	3	49	2	1295
54874	6	6	51.000	  77.000	  76.000	  51.671	  68.000	  51.671	AttF2	5	51	1	800
54874	6	7	50.000	  83.000	  85.000	  48.824	  45.377	  79.000	AttRF1	5	51	1	1067
54874	6	8	50.000	  81.000	  79.000	  51.266	  49.319	  76.000	AttRF1	4	51	2	1155
54874	6	9	50.000	  81.000	  85.000	  59.000	  66.000	  57.000	Fill	2	51	2	1064
54874	6	10	50.000	  81.000	  81.000	  50.000	  50.000	  73.000	AttF1	2	51	2	1192
54874	6	11	50.000	  81.000	  79.000	  51.266	  79.000	  42.266	AttR2	4	51	2	1914
54874	6	12	59.000	  86.000	  81.000	  53.000	  60.000	  68.000	Fill	4	50	1	1168
54874	6	13	50.000	  81.000	  81.000	  50.000	  76.000	  46.914	AttRF2	5	51	1	1315
54874	6	14	50.000	  80.000	  81.000	  49.383	  76.000	  47.500	AttRF2	4	50	1	1432
54874	6	15	50.000	  83.000	  85.000	  48.824	  81.000	  48.795	AttRF2	4	51	2	1376
54874	6	16	50.000	  81.000	  79.000	  51.266	  50.000	  73.000	AttF1	4	51	2	1308
54874	6	17	50.000	  83.000	  85.000	  48.824	  50.000	  76.000	AttF1	3	49	2	2336
54874	6	18	51.000	  77.000	  76.000	  51.671	  44.000	  77.000	AttR1	2	49	1	1646
54874	6	19	50.000	  83.000	  85.000	  48.824	  76.000	  48.824	AttF2	1	49	1	1693
54874	6	20	50.000	  83.000	  85.000	  48.824	  42.000	  83.000	AttR1	4	51	2	1989
54874	6	21	50.000	  80.000	  81.000	  49.383	  43.000	  80.000	AttR1	4	50	1	1888
54874	6	22	50.000	  78.000	  86.000	  58.000	  67.000	  59.000	Fill	3	49	2	991
54874	6	23	53.000	  78.000	  76.000	  54.395	  53.000	  69.000	AttF1	3	49	2	3379
54874	6	24	50.000	  81.000	  81.000	  50.000	  46.914	  76.000	AttRF1	2	49	1	1741
54874	6	25	60.000	  86.000	  80.000	  51.000	  60.000	  68.000	Fill	4	50	1	1778
54874	6	26	49.000	  81.000	  82.000	  48.402	  73.000	  48.402	AttF2	1	49	1	1438
54874	6	27	49.000	  81.000	  82.000	  48.402	  49.000	  73.000	AttF1	3	49	2	2012
54874	6	28	53.000	  78.000	  76.000	  54.395	  68.000	  54.395	AttF2	3	50	1	8728
54874	6	29	48.000	  79.000	  78.000	  48.615	  46.122	  74.000	AttRF1	4	51	2	1078
54874	6	30	49.000	  81.000	  82.000	  48.402	  45.451	  77.000	AttRF1	3	49	2	2630
54874	6	31	48.000	  80.000	  87.000	  58.000	  69.000	  60.000	Fill	5	49	2	1135
54874	6	32	53.000	  78.000	  76.000	  54.395	  76.000	  45.395	AttR2	3	49	2	1806
54874	6	33	49.000	  81.000	  82.000	  48.402	  82.000	  40.402	AttR2	4	51	2	1624
54874	6	34	50.000	  80.000	  81.000	  49.383	  50.000	  71.000	AttF1	1	50	2	3491
54874	6	35	50.000	  81.000	  79.000	  51.266	  72.000	  51.266	AttF2	5	51	1	1355
54874	6	36	51.000	  77.000	  76.000	  51.671	  76.000	  42.671	AttR2	4	51	2	1823
54874	6	37	50.000	  81.000	  82.000	  49.390	  46.379	  77.000	AttRF1	3	49	2	1188
54874	6	38	48.000	  79.000	  78.000	  48.615	  71.000	  48.615	AttF2	1	50	2	862
54874	6	39	50.000	  81.000	  82.000	  49.390	  74.000	  49.390	AttF2	5	51	1	2150
54874	6	40	48.000	  79.000	  78.000	  48.615	  74.000	  44.962	AttRF2	6	50	2	1715
54874	6	41	49.000	  81.000	  82.000	  48.402	  78.000	  47.185	AttRF2	1	50	2	4280
54874	6	42	50.000	  81.000	  79.000	  51.266	  74.000	  45.679	AttRF2	3	51	3	4128
54874	6	43	50.000	  81.000	  82.000	  49.390	  50.000	  73.000	AttF1	2	51	2	2622
54874	6	44	50.000	  80.000	  81.000	  49.383	  81.000	  42.383	AttR2	5	49	2	2808
54874	6	45	50.000	  78.000	  80.000	  48.750	  43.000	  78.000	AttR1	1	50	2	2147
54874	6	46	49.000	  81.000	  82.000	  48.402	  40.000	  81.000	AttR1	5	49	2	1999
54874	6	47	61.000	  86.000	  81.000	  49.000	  58.000	  69.000	Fill	4	50	1	2234
54874	6	48	50.000	  81.000	  82.000	  49.390	  42.000	  81.000	AttR1	4	51	2	1922
54874	6	49	50.000	  80.000	  81.000	  49.383	  45.725	  75.000	AttRF1	5	51	1	1592
54874	6	50	53.000	  78.000	  76.000	  54.395	  44.000	  78.000	AttR1	2	49	1	2171
54874	6	51	50.000	  80.000	  83.000	  60.000	  70.000	  62.000	Fill	4	51	2	2046
54874	6	52	51.000	  77.000	  76.000	  51.671	  48.952	  72.000	AttRF1	2	49	1	2119
54874	6	53	53.000	  78.000	  76.000	  54.395	  52.248	  73.000	AttRF1	1	50	2	2162
54874	6	54	50.000	  81.000	  82.000	  49.390	  78.000	  48.148	AttRF2	2	49	1	3336
54874	6	55	48.000	  79.000	  78.000	  48.615	  78.000	  40.615	AttR2	1	49	1	2612
54874	6	56	50.000	  81.000	  81.000	  50.000	  81.000	  43.000	AttR2	4	50	1	2296
54874	6	57	50.000	  81.000	  86.000	  61.000	  69.000	  60.000	Fill	6	50	2	3313
54874	6	58	49.000	  81.000	  85.000	  60.000	  67.000	  60.000	Fill	4	51	2	1399
54874	6	59	50.000	  81.000	  81.000	  50.000	  72.000	  50.000	AttF2	4	51	2	2824
54874	6	60	50.000	  78.000	  80.000	  48.750	  72.000	  48.750	AttF2	5	49	2	2283
54874	6	61	50.000	  80.000	  87.000	  59.000	  68.000	  59.000	Fill	2	51	2	979
54874	6	62	50.000	  83.000	  85.000	  48.824	  85.000	  41.824	AttR2	1	50	2	1413
54874	6	63	50.000	  80.000	  81.000	  49.383	  74.000	  49.383	AttF2	6	50	2	2304
54874	6	64	50.000	  81.000	  82.000	  49.390	  82.000	  42.390	AttR2	4	51	2	2574
54874	6	65	60.000	  85.000	  82.000	  49.000	  60.000	  70.000	Fill	5	51	1	1208
54874	6	66	50.000	  78.000	  80.000	  48.750	  80.000	  41.750	AttR2	6	51	1	1945
54874	6	67	49.000	  79.000	  87.000	  61.000	  68.000	  60.000	Fill	6	50	2	720
54874	6	68	50.000	  78.000	  80.000	  48.750	  50.000	  70.000	AttF1	1	49	1	1974
54874	6	69	58.000	  83.000	  79.000	  49.000	  58.000	  69.000	Fill	5	51	1	703
54874	6	70	48.000	  79.000	  78.000	  48.615	  48.000	  72.000	AttF1	2	51	2	1758
54874	6	71	50.000	  81.000	  79.000	  51.266	  41.000	  81.000	AttR1	2	49	1	2571
54874	6	72	60.000	  82.000	  80.000	  51.000	  59.000	  68.000	Fill	2	49	1	1214
54874	6	73	51.000	  77.000	  76.000	  51.671	  71.000	  47.026	AttRF2	4	50	1	3168
54874	6	74	50.000	  78.000	  80.000	  48.750	  75.000	  48.077	AttRF2	5	49	2	5619
54874	6	75	57.000	  87.000	  80.000	  51.000	  59.000	  70.000	Fill	5	51	1	1454
54874	6	76	48.000	  79.000	  78.000	  48.615	  40.000	  79.000	AttR1	3	49	2	2102
54874	6	77	51.000	  77.000	  76.000	  51.671	  51.000	  69.000	AttF1	2	49	1	1412
54874	6	78	53.000	  78.000	  76.000	  54.395	  71.000	  48.244	AttRF2	4	51	2	1622
54874	6	79	58.000	  88.000	  79.000	  50.000	  57.000	  69.000	Fill	4	50	1	927
54874	6	80	53.000	  79.000	  84.000	  57.000	  68.000	  60.000	Fill	6	50	2	1278
54874	7	1	55.000	  82.000	  83.000	  54.337	  76.000	  54.337	AttF2	6	50	2	2980
54874	7	2	51.000	  80.000	  82.000	  49.756	  73.000	  49.756	AttF2	2	51	2	1509
54874	7	3	58.000	  86.000	  79.000	  50.000	  57.000	  66.000	Fill	3	50	1	1034
54874	7	4	50.000	  81.000	  82.000	  49.390	  73.000	  49.390	AttF2	6	51	1	2450
54874	7	5	59.000	  85.000	  80.000	  49.000	  60.000	  69.000	Fill	5	51	1	882
54874	7	6	60.000	  84.000	  80.000	  49.000	  60.000	  69.000	Fill	3	50	1	1035
54874	7	7	64.000	  84.000	  81.000	  50.000	  59.000	  68.000	Fill	2	49	1	794
54874	7	8	51.000	  78.000	  79.000	  50.354	  75.000	  49.038	AttRF2	3	49	2	1213
54874	7	9	60.000	  84.000	  79.000	  50.000	  56.000	  69.000	Fill	2	49	1	688
54874	7	10	54.000	  82.000	  80.000	  55.350	  80.000	  46.350	AttR2	4	51	2	1240
54874	7	11	54.000	  82.000	  80.000	  55.350	  75.000	  49.390	AttRF2	4	51	2	1624
54874	7	12	50.000	  81.000	  85.000	  60.000	  68.000	  59.000	Fill	3	49	2	841
54874	7	13	48.000	  80.000	  81.000	  47.407	  81.000	  39.407	AttR2	4	51	2	1321
54874	7	14	50.000	  81.000	  82.000	  49.390	  82.000	  42.390	AttR2	4	51	2	1296
54874	7	15	48.000	  80.000	  81.000	  47.407	  48.000	  72.000	AttF1	1	50	2	2471
54874	7	16	49.000	  80.000	  81.000	  48.395	  45.408	  76.000	AttRF1	3	50	1	1503
54874	7	17	49.000	  80.000	  81.000	  48.395	  76.000	  46.550	AttRF2	5	49	2	1445
54874	7	18	61.000	  85.000	  78.000	  48.000	  57.000	  67.000	Fill	6	51	1	796
54874	7	19	47.000	  81.000	  83.000	  45.867	  47.000	  73.000	AttF1	3	50	1	1616
54874	7	20	47.000	  81.000	  83.000	  45.867	  78.000	  45.259	AttRF2	2	49	1	3274
54874	7	21	59.000	  87.000	  80.000	  47.000	  58.000	  69.000	Fill	3	50	1	812
54874	7	22	57.000	  86.000	  82.000	  49.000	  59.000	  70.000	Fill	5	51	1	757
54874	7	23	53.000	  84.000	  82.000	  54.293	  77.000	  48.583	AttRF2	5	51	1	1466
54874	7	24	50.000	  82.000	  81.000	  50.617	  76.000	  46.341	AttRF2	2	51	2	2298
54874	7	25	47.000	  84.000	  86.000	  60.000	  68.000	  59.000	Fill	6	50	2	1042
54874	7	26	51.000	  80.000	  82.000	  49.756	  51.000	  73.000	AttF1	4	50	1	2306
54874	7	27	53.000	  84.000	  82.000	  54.293	  82.000	  46.293	AttR2	4	51	2	6747
54874	7	28	50.000	  82.000	  81.000	  50.617	  50.000	  74.000	AttF1	1	50	2	2372
54874	7	29	54.000	  82.000	  80.000	  55.350	  73.000	  55.350	AttF2	6	51	1	1968
54874	7	30	47.000	  80.000	  87.000	  59.000	  69.000	  58.000	Fill	4	51	2	1065
54874	7	31	49.000	  80.000	  81.000	  48.395	  73.000	  48.395	AttF2	4	51	2	1651
54874	7	32	50.000	  78.000	  86.000	  59.000	  68.000	  60.000	Fill	2	51	2	1049
54874	7	33	51.000	  78.000	  79.000	  50.354	  46.530	  73.000	AttRF1	3	49	2	2042
54874	7	34	48.000	  80.000	  81.000	  47.407	  72.000	  47.407	AttF2	5	51	1	1154
54874	7	35	60.000	  86.000	  78.000	  48.000	  59.000	  66.000	Fill	2	49	1	680
54874	7	36	53.000	  84.000	  82.000	  54.293	  75.000	  54.293	AttF2	5	51	1	4504
54874	7	37	52.000	  82.000	  84.000	  58.000	  70.000	  59.000	Fill	4	51	2	1111
54874	7	38	50.000	  82.000	  81.000	  50.617	  48.743	  78.000	AttRF1	5	51	1	1418
54874	7	39	48.000	  80.000	  81.000	  47.407	  77.000	  46.200	AttRF2	5	51	1	3228
54874	7	40	51.000	  80.000	  82.000	  49.756	  46.115	  76.000	AttRF1	3	49	2	6367
54874	7	41	51.000	  78.000	  79.000	  50.354	  51.000	  71.000	AttF1	2	49	1	1705
54874	7	42	54.000	  82.000	  80.000	  55.350	  54.000	  75.000	AttF1	4	51	2	1239
54874	7	43	50.000	  80.000	  85.000	  60.000	  69.000	  60.000	Fill	4	51	2	984
54874	7	44	49.000	  80.000	  81.000	  48.395	  40.000	  80.000	AttR1	4	50	1	1603
54874	7	45	50.000	  82.000	  81.000	  50.617	  43.000	  82.000	AttR1	2	49	1	1285
54874	7	46	54.000	  82.000	  80.000	  55.350	  47.000	  82.000	AttR1	1	50	2	1598
54874	7	47	51.000	  78.000	  79.000	  50.354	  70.000	  50.354	AttF2	3	49	2	1504
54874	7	48	49.000	  80.000	  81.000	  48.395	  49.000	  71.000	AttF1	2	49	1	6188
54874	7	49	50.000	  81.000	  82.000	  49.390	  45.776	  76.000	AttRF1	5	49	2	1455
54874	7	50	53.000	  84.000	  82.000	  54.293	  46.000	  84.000	AttR1	4	51	2	1319
54874	7	51	47.000	  81.000	  83.000	  45.867	  83.000	  36.867	AttR2	2	51	2	8340
54874	7	52	49.000	  80.000	  81.000	  48.395	  81.000	  40.395	AttR2	5	51	1	2706
54874	7	53	50.000	  81.000	  82.000	  49.390	  43.000	  81.000	AttR1	5	51	1	1815
54874	7	54	55.000	  82.000	  83.000	  54.337	  55.000	  74.000	AttF1	2	49	1	1882
54874	7	55	50.000	  82.000	  81.000	  50.617	  81.000	  42.617	AttR2	4	51	2	1474
54874	7	56	51.000	  80.000	  82.000	  49.756	  82.000	  40.756	AttR2	6	50	2	1434
54874	7	57	53.000	  84.000	  82.000	  54.293	  53.000	  75.000	AttF1	3	49	2	819
54874	7	58	48.000	  80.000	  81.000	  47.407	  44.481	  76.000	AttRF1	6	50	2	1333
54874	7	59	55.000	  82.000	  83.000	  54.337	  83.000	  45.337	AttR2	3	49	2	1067
54874	7	60	50.000	  81.000	  82.000	  49.390	  77.000	  47.531	AttRF2	4	51	2	1354
54874	7	61	55.000	  82.000	  83.000	  54.337	  79.000	  52.988	AttRF2	4	51	2	1760
54874	7	62	50.000	  81.000	  82.000	  49.390	  50.000	  74.000	AttF1	1	50	2	1901
54874	7	63	51.000	  80.000	  82.000	  49.756	  77.000	  49.087	AttRF2	4	51	2	1098
54874	7	64	48.000	  80.000	  81.000	  47.407	  39.000	  80.000	AttR1	6	50	2	12083
54874	7	65	51.000	  80.000	  82.000	  49.756	  44.000	  80.000	AttR1	4	51	2	1828
54874	7	66	55.000	  82.000	  83.000	  54.337	  46.000	  82.000	AttR1	3	50	1	1303
54874	7	67	51.000	  78.000	  79.000	  50.354	  79.000	  42.354	AttR2	5	49	2	6676
54874	7	68	50.000	  82.000	  81.000	  50.617	  74.000	  50.617	AttF2	3	49	2	1700
54874	7	69	49.000	  81.000	  85.000	  59.000	  68.000	  58.000	Fill	4	51	2	705
54874	7	70	47.000	  81.000	  83.000	  45.867	  75.000	  45.867	AttF2	5	49	2	1412
54874	7	71	58.000	  82.000	  77.000	  50.000	  60.000	  69.000	Fill	3	50	1	1554
54874	7	72	53.000	  84.000	  82.000	  54.293	  52.968	  80.000	AttRF1	3	50	1	1726
54874	7	73	51.000	  78.000	  79.000	  50.354	  42.000	  78.000	AttR1	4	51	2	980
54874	7	74	55.000	  82.000	  83.000	  54.337	  50.409	  77.000	AttRF1	1	49	1	854
54874	7	75	51.000	  79.000	  86.000	  62.000	  68.000	  59.000	Fill	5	49	2	745
54874	7	76	54.000	  82.000	  80.000	  55.350	  53.966	  78.000	AttRF1	5	49	2	1747
54874	7	77	52.000	  82.000	  85.000	  58.000	  68.000	  60.000	Fill	4	51	2	753
54874	7	78	47.000	  81.000	  83.000	  45.867	  40.000	  81.000	AttR1	2	51	2	2551
54874	7	79	48.000	  79.000	  84.000	  64.000	  68.000	  59.000	Fill	4	51	2	756
54874	7	80	47.000	  81.000	  83.000	  45.867	  41.999	  76.000	AttRF1	3	49	2	1562
54874	8	1	49.000	  82.000	  80.000	  50.225	  71.000	  50.225	AttF2	2	49	1	1911
54874	8	2	50.000	  80.000	  81.000	  49.383	  76.000	  47.500	AttRF2	2	51	2	1127
54874	8	3	51.000	  79.000	  85.000	  59.000	  68.000	  60.000	Fill	4	51	2	1228
54874	8	4	52.000	  82.000	  81.000	  52.642	  72.000	  52.642	AttF2	1	50	2	20097
54874	8	5	49.000	  80.000	  79.000	  49.620	  49.000	  72.000	AttF1	2	51	2	1975
54874	8	6	50.000	  80.000	  80.000	  50.000	  80.000	  41.000	AttR2	1	50	2	4562
54874	8	7	52.000	  82.000	  81.000	  52.642	  77.000	  48.829	AttRF2	5	49	2	14567
54874	8	8	59.000	  85.000	  80.000	  50.000	  60.000	  68.000	Fill	4	50	1	775
54874	8	9	50.000	  80.000	  81.000	  49.383	  50.000	  71.000	AttF1	5	51	1	1507
54874	8	10	61.000	  83.000	  79.000	  50.000	  60.000	  66.000	Fill	6	51	1	1000
54874	8	11	49.000	  79.000	  84.000	  58.000	  68.000	  61.000	Fill	3	49	2	1227
54874	8	12	61.000	  86.000	  81.000	  47.000	  60.000	  67.000	Fill	3	50	1	1006
54874	8	13	59.000	  84.000	  82.000	  49.000	  62.000	  68.000	Fill	4	50	1	1799
54874	8	14	60.000	  84.000	  80.000	  51.000	  60.000	  69.000	Fill	2	49	1	5532
54874	8	15	60.000	  86.000	  78.000	  51.000	  62.000	  67.000	Fill	2	49	1	704
54874	8	16	49.000	  82.000	  80.000	  50.225	  40.000	  82.000	AttR1	1	50	2	1654
54874	8	17	48.000	  79.000	  79.000	  48.000	  79.000	  40.000	AttR2	2	51	2	2022
54874	8	18	50.000	  80.000	  80.000	  50.000	  42.000	  80.000	AttR1	3	49	2	2032
54874	8	19	51.000	  82.000	  84.000	  60.000	  69.000	  60.000	Fill	4	51	2	1115
54874	8	20	50.000	  78.000	  84.000	  60.000	  67.000	  57.000	Fill	3	49	2	1075
54874	8	21	52.000	  80.000	  79.000	  52.658	  50.659	  76.000	AttRF1	5	49	2	1784
54874	8	22	49.000	  80.000	  79.000	  49.620	  74.000	  45.325	AttRF2	5	51	1	1332
54874	8	23	49.000	  78.000	  79.000	  48.380	  75.000	  47.115	AttRF2	6	51	1	1415
54874	8	24	52.000	  80.000	  79.000	  52.658	  79.000	  43.658	AttR2	3	49	2	699
54874	8	25	49.000	  80.000	  79.000	  49.620	  70.000	  49.620	AttF2	6	51	1	2071
54874	8	26	49.000	  82.000	  80.000	  50.225	  80.000	  42.225	AttR2	3	49	2	696
54874	8	27	52.000	  80.000	  79.000	  52.658	  44.000	  80.000	AttR1	1	50	2	1553
54874	8	28	49.000	  80.000	  79.000	  49.620	  47.108	  75.000	AttRF1	5	49	2	2822
54874	8	29	50.000	  82.000	  84.000	  60.000	  68.000	  58.000	Fill	6	50	2	1233
54874	8	30	49.000	  80.000	  79.000	  49.620	  79.000	  40.620	AttR2	2	51	2	1016
54874	8	31	49.000	  78.000	  79.000	  48.380	  79.000	  41.380	AttR2	4	51	2	1748
54874	8	32	49.000	  82.000	  80.000	  50.225	  49.000	  75.000	AttF1	1	50	2	1896
54874	8	33	49.000	  78.000	  79.000	  48.380	  49.000	  69.000	AttF1	5	51	1	1400
54874	8	34	49.000	  80.000	  79.000	  49.620	  41.000	  80.000	AttR1	4	50	1	3019
54874	8	35	48.000	  79.000	  79.000	  48.000	  74.000	  44.962	AttRF2	2	49	1	5742
54874	8	36	61.000	  85.000	  80.000	  49.000	  59.000	  67.000	Fill	2	49	1	1050
54874	8	37	52.000	  82.000	  81.000	  52.642	  81.000	  44.642	AttR2	5	51	1	1491
54874	8	38	50.000	  80.000	  78.000	  51.282	  71.000	  51.282	AttF2	6	51	1	2459
54874	8	39	52.000	  82.000	  81.000	  52.642	  50.042	  77.000	AttRF1	4	51	2	1059
54874	8	40	50.000	  80.000	  78.000	  51.282	  41.000	  80.000	AttR1	5	51	1	7108
54874	8	41	49.000	  83.000	  85.000	  60.000	  70.000	  59.000	Fill	4	51	2	969
54874	8	42	50.000	  80.000	  81.000	  49.383	  81.000	  41.383	AttR2	2	51	2	1556
54874	8	43	49.000	  78.000	  77.000	  49.636	  47.058	  73.000	AttRF1	6	50	2	1685
54874	8	44	50.000	  80.000	  78.000	  51.282	  50.000	  73.000	AttF1	3	49	2	824
54874	8	45	49.000	  82.000	  80.000	  50.225	  48.342	  77.000	AttRF1	2	51	2	907
54874	8	46	49.000	  78.000	  77.000	  49.636	  69.000	  49.636	AttF2	1	50	2	1471
54874	8	47	49.000	  82.000	  80.000	  50.225	  76.000	  45.415	AttRF2	2	49	1	2001
54874	8	48	52.000	  80.000	  79.000	  52.658	  70.000	  52.658	AttF2	5	51	1	1051
54874	8	49	50.000	  80.000	  81.000	  49.383	  45.725	  75.000	AttRF1	5	49	2	1252
54874	8	50	49.000	  78.000	  85.000	  60.000	  69.000	  59.000	Fill	2	51	2	787
54874	8	51	49.000	  78.000	  77.000	  49.636	  49.000	  69.000	AttF1	3	50	1	1422
54874	8	52	50.000	  80.000	  78.000	  51.282	  78.000	  44.282	AttR2	3	50	1	1912
54874	8	53	52.000	  80.000	  79.000	  52.658	  52.000	  72.000	AttF1	6	50	2	1038
54874	8	54	50.000	  80.000	  86.000	  60.000	  67.000	  59.000	Fill	3	49	2	773
54874	8	55	52.000	  82.000	  81.000	  52.642	  52.000	  75.000	AttF1	3	49	2	1985
54874	8	56	50.000	  80.000	  78.000	  51.282	  49.967	  76.000	AttRF1	3	49	2	1379
54874	8	57	50.000	  80.000	  78.000	  51.282	  74.000	  46.250	AttRF2	5	49	2	1630
54874	8	58	51.000	  77.000	  85.000	  60.000	  68.000	  61.000	Fill	3	49	2	680
54874	8	59	50.000	  80.000	  87.000	  59.000	  66.000	  58.000	Fill	1	50	2	747
54874	8	60	48.000	  79.000	  79.000	  48.000	  48.000	  72.000	AttF1	6	50	2	1990
54874	8	61	49.000	  78.000	  77.000	  49.636	  41.000	  78.000	AttR1	3	49	2	720
54874	8	62	49.000	  78.000	  79.000	  48.380	  42.000	  78.000	AttR1	3	49	2	1510
54874	8	63	50.000	  80.000	  81.000	  49.383	  73.000	  49.383	AttF2	2	51	2	1812
54874	8	64	50.000	  80.000	  81.000	  49.383	  41.000	  80.000	AttR1	3	49	2	726
54874	8	65	50.000	  80.000	  80.000	  50.000	  50.000	  71.000	AttF1	2	51	2	1851
54874	8	66	48.000	  79.000	  79.000	  48.000	  44.962	  74.000	AttRF1	3	49	2	1483
54874	8	67	49.000	  78.000	  77.000	  49.636	  77.000	  41.636	AttR2	5	51	1	2402
54874	8	68	50.000	  80.000	  80.000	  50.000	  46.875	  75.000	AttRF1	3	50	1	1541
54874	8	69	49.000	  78.000	  79.000	  48.380	  45.318	  74.000	AttRF1	1	49	1	1123
54874	8	70	52.000	  80.000	  79.000	  52.658	  74.000	  48.100	AttRF2	2	51	2	912
54874	8	71	57.000	  86.000	  81.000	  50.000	  60.000	  68.000	Fill	3	50	1	1086
54874	8	72	48.000	  79.000	  79.000	  48.000	  70.000	  48.000	AttF2	4	51	2	2799
54874	8	73	57.000	  86.000	  76.000	  51.000	  56.000	  67.000	Fill	6	51	1	1489
54874	8	74	48.000	  79.000	  79.000	  48.000	  41.000	  79.000	AttR1	2	49	1	1033
54874	8	75	52.000	  82.000	  81.000	  52.642	  43.000	  82.000	AttR1	3	49	2	2012
54874	8	76	61.000	  82.000	  80.000	  53.000	  58.000	  67.000	Fill	1	49	1	1503
54874	8	77	50.000	  80.000	  80.000	  50.000	  73.000	  50.000	AttF2	3	50	1	7267
54874	8	78	50.000	  80.000	  80.000	  50.000	  76.000	  47.500	AttRF2	2	49	1	4617
54874	8	79	49.000	  78.000	  79.000	  48.380	  70.000	  48.380	AttF2	6	50	2	2342
54874	8	80	49.000	  78.000	  77.000	  49.636	  72.000	  45.231	AttRF2	3	49	2	1100
54874	9	1	58.000	  88.000	  79.000	  50.000	  57.000	  69.000	Fill	6	51	1	2018
54874	9	2	50.000	  80.000	  83.000	  60.000	  70.000	  62.000	Fill	3	49	2	2261
54874	9	3	58.000	  82.000	  79.000	  49.000	  58.000	  70.000	Fill	4	50	1	1150
54874	9	4	50.000	  78.000	  80.000	  48.750	  44.484	  73.000	AttRF1	3	49	2	1427
54874	9	5	50.000	  83.000	  85.000	  48.824	  50.000	  76.000	AttF1	3	50	1	3165
54874	9	6	60.000	  85.000	  82.000	  49.000	  60.000	  70.000	Fill	4	50	1	986
54874	9	7	50.000	  81.000	  81.000	  50.000	  42.000	  81.000	AttR1	4	51	2	3422
54874	9	8	50.000	  81.000	  81.000	  50.000	  50.000	  73.000	AttF1	5	49	2	2224
54874	9	9	59.000	  86.000	  81.000	  53.000	  60.000	  68.000	Fill	6	51	1	1388
54874	9	10	60.000	  86.000	  80.000	  51.000	  60.000	  68.000	Fill	4	50	1	1749
54874	9	11	49.000	  81.000	  82.000	  48.402	  82.000	  40.402	AttR2	4	51	2	2627
54874	9	12	49.000	  81.000	  82.000	  48.402	  49.000	  73.000	AttF1	3	50	1	1525
54874	9	13	53.000	  78.000	  76.000	  54.395	  71.000	  48.244	AttRF2	4	51	2	1611
54874	9	14	51.000	  77.000	  76.000	  51.671	  76.000	  42.671	AttR2	1	49	1	2261
54874	9	15	49.000	  81.000	  82.000	  48.402	  45.451	  77.000	AttRF1	3	49	2	3614
54874	9	16	50.000	  83.000	  85.000	  48.824	  45.377	  79.000	AttRF1	2	49	1	6786
54874	9	17	50.000	  80.000	  81.000	  49.383	  74.000	  49.383	AttF2	4	51	2	1572
54874	9	18	48.000	  79.000	  78.000	  48.615	  78.000	  40.615	AttR2	4	51	2	1925
54874	9	19	50.000	  80.000	  87.000	  59.000	  68.000	  59.000	Fill	2	51	2	866
54874	9	20	61.000	  86.000	  81.000	  49.000	  58.000	  69.000	Fill	1	49	1	787
54874	9	21	50.000	  81.000	  81.000	  50.000	  72.000	  50.000	AttF2	5	49	2	2181
54874	9	22	50.000	  78.000	  80.000	  48.750	  75.000	  48.077	AttRF2	1	50	2	1504
54874	9	23	50.000	  81.000	  79.000	  51.266	  50.000	  73.000	AttF1	1	50	2	1445
54874	9	24	50.000	  83.000	  85.000	  48.824	  85.000	  41.824	AttR2	2	49	1	1572
54874	9	25	50.000	  78.000	  80.000	  48.750	  72.000	  48.750	AttF2	2	51	2	9212
54874	9	26	48.000	  79.000	  78.000	  48.615	  46.122	  74.000	AttRF1	5	49	2	1539
54874	9	27	50.000	  81.000	  85.000	  59.000	  66.000	  57.000	Fill	5	49	2	833
54874	9	28	49.000	  81.000	  82.000	  48.402	  73.000	  48.402	AttF2	4	51	2	3035
54874	9	29	53.000	  78.000	  76.000	  54.395	  76.000	  45.395	AttR2	3	50	1	3292
54874	9	30	50.000	  81.000	  79.000	  51.266	  74.000	  45.679	AttRF2	4	51	2	1739
54874	9	31	53.000	  78.000	  76.000	  54.395	  44.000	  78.000	AttR1	4	51	2	2614
54874	9	32	51.000	  77.000	  76.000	  51.671	  68.000	  51.671	AttF2	2	49	1	2178
54874	9	33	50.000	  81.000	  82.000	  49.390	  82.000	  42.390	AttR2	4	51	2	2196
54874	9	34	53.000	  79.000	  84.000	  57.000	  68.000	  60.000	Fill	2	51	2	21845
54874	9	35	50.000	  80.000	  81.000	  49.383	  43.000	  80.000	AttR1	2	49	1	3414
54874	9	36	50.000	  81.000	  86.000	  61.000	  69.000	  60.000	Fill	2	51	2	1065
54874	9	37	50.000	  81.000	  82.000	  49.390	  42.000	  81.000	AttR1	2	49	1	2089
54874	9	38	50.000	  78.000	  80.000	  48.750	  43.000	  78.000	AttR1	4	51	2	2144
54874	9	39	50.000	  81.000	  81.000	  50.000	  46.914	  76.000	AttRF1	2	51	2	2014
54874	9	40	57.000	  87.000	  80.000	  51.000	  59.000	  70.000	Fill	4	50	1	826
54874	9	41	48.000	  79.000	  78.000	  48.615	  74.000	  44.962	AttRF2	1	50	2	1603
54874	9	42	50.000	  81.000	  82.000	  49.390	  50.000	  73.000	AttF1	5	51	1	2839
54874	9	43	49.000	  81.000	  82.000	  48.402	  78.000	  47.185	AttRF2	2	51	2	1990
54874	9	44	50.000	  81.000	  79.000	  51.266	  72.000	  51.266	AttF2	3	49	2	1265
54874	9	45	50.000	  81.000	  81.000	  50.000	  76.000	  46.914	AttRF2	5	49	2	56676
54874	9	46	64.000	  86.000	  79.000	  49.000	  59.000	  69.000	Fill	3	50	1	1347
54874	9	47	49.000	  81.000	  82.000	  48.402	  40.000	  81.000	AttR1	1	49	1	5336
54874	9	48	50.000	  78.000	  80.000	  48.750	  80.000	  41.750	AttR2	3	51	3	1524
54874	9	49	50.000	  81.000	  82.000	  49.390	  74.000	  49.390	AttF2	3	49	2	1506
54874	9	50	50.000	  81.000	  79.000	  51.266	  79.000	  42.266	AttR2	4	51	2	1559
54874	9	51	53.000	  78.000	  76.000	  54.395	  53.000	  69.000	AttF1	4	51	2	1164
54874	9	52	58.000	  83.000	  79.000	  49.000	  58.000	  69.000	Fill	5	51	1	1412
54874	9	53	50.000	  81.000	  81.000	  50.000	  81.000	  43.000	AttR2	1	50	2	2861
54874	9	54	50.000	  78.000	  86.000	  58.000	  67.000	  59.000	Fill	3	49	2	1348
54874	9	55	49.000	  79.000	  87.000	  61.000	  68.000	  60.000	Fill	4	51	2	850
54874	9	56	50.000	  83.000	  85.000	  48.824	  42.000	  83.000	AttR1	5	51	1	1970
54874	9	57	48.000	  79.000	  78.000	  48.615	  40.000	  79.000	AttR1	3	49	2	2108
54874	9	58	48.000	  79.000	  78.000	  48.615	  71.000	  48.615	AttF2	4	51	2	1362
54874	9	59	50.000	  81.000	  79.000	  51.266	  41.000	  81.000	AttR1	4	50	1	2391
54874	9	60	53.000	  78.000	  76.000	  54.395	  68.000	  54.395	AttF2	2	51	2	1322
54874	9	61	60.000	  82.000	  80.000	  51.000	  59.000	  68.000	Fill	2	49	1	1591
54874	9	62	51.000	  77.000	  76.000	  51.671	  51.000	  69.000	AttF1	3	49	2	3282
54874	9	63	50.000	  80.000	  81.000	  49.383	  45.725	  75.000	AttRF1	5	49	2	1025
54874	9	64	50.000	  83.000	  85.000	  48.824	  76.000	  48.824	AttF2	2	51	2	1892
54874	9	65	50.000	  83.000	  85.000	  48.824	  81.000	  48.795	AttRF2	2	49	1	2332
54874	9	66	50.000	  81.000	  82.000	  49.390	  78.000	  48.148	AttRF2	2	49	1	2082
54874	9	67	50.000	  81.000	  79.000	  51.266	  49.319	  76.000	AttRF1	6	50	2	2107
54874	9	68	50.000	  80.000	  81.000	  49.383	  76.000	  47.500	AttRF2	2	49	1	1991
54874	9	69	50.000	  80.000	  81.000	  49.383	  81.000	  42.383	AttR2	4	51	2	2346
54874	9	70	50.000	  80.000	  81.000	  49.383	  50.000	  71.000	AttF1	6	50	2	6632
54874	9	71	48.000	  79.000	  78.000	  48.615	  48.000	  72.000	AttF1	3	49	2	8450
54874	9	72	48.000	  80.000	  87.000	  58.000	  69.000	  60.000	Fill	4	51	2	1074
54874	9	73	51.000	  77.000	  76.000	  51.671	  44.000	  77.000	AttR1	6	50	2	2795
54874	9	74	51.000	  77.000	  76.000	  51.671	  71.000	  47.026	AttRF2	5	49	2	2651
54874	9	75	50.000	  81.000	  82.000	  49.390	  46.379	  77.000	AttRF1	3	49	2	1036
54874	9	76	51.000	  77.000	  76.000	  51.671	  48.952	  72.000	AttRF1	1	50	2	2212
54874	9	77	53.000	  78.000	  76.000	  54.395	  52.248	  73.000	AttRF1	2	51	2	1463
54874	9	78	49.000	  81.000	  85.000	  60.000	  67.000	  60.000	Fill	4	51	2	719
54874	9	79	50.000	  78.000	  80.000	  48.750	  50.000	  70.000	AttF1	1	49	1	1844
54874	9	80	50.000	  82.000	  86.000	  60.000	  69.000	  59.000	Fill	3	49	2	1124
