Participant: 16
MachineID: BL-POLS-IELbC18
Start Time: Thu, Sep 29, 2011 12:15:00
Seed: 72965
Sub	TrType	Trial	A1	A2	B1	B2	Decoy1	Decoy2	resp	choice	RT
16	SimB1	1	74	36	54	56	75	35	2	2	94342
16	Fill2	2	65	44	62	42	58	45	3	3	15682
16	Fill3	3	55	53	54	49	45	56	2	2	9090
16	SimA2	4	35	76	55	56	56	55	2	3	6948
16	Fill5	5	33	76	30	76	36	60	2	1	17857
16	Fill2	6	65	45	64	43	68	28	3	1	6451
16	SimB2	7	76	36	56	56	54	58	1	2	4676
16	SimB2	8	75	34	55	54	53	56	1	2	4898
16	Fill3	9	56	55	54	53	58	41	1	1	19650
16	Fill2	10	64	44	61	44	65	31	1	1	6145
16	SimB1	11	76	34	55	55	77	33	2	2	4914
16	SimA1	12	34	77	55	56	32	79	3	2	2915
16	Fill5	13	34	75	32	73	37	59	2	2	18338
16	SimB2	14	76	36	56	56	54	58	1	2	4098
16	SimA1	15	34	76	55	55	32	78	2	2	1907
16	SimB2	16	74	35	54	55	52	57	2	2	3876
16	SimA2	17	35	75	55	55	56	54	3	2	2514
16	SimA1	18	36	76	56	56	35	77	3	2	1955
16	Fill4	19	42	67	40	65	34	68	3	1	16436
16	Fill3	20	58	55	55	54	48	57	3	1	5281
16	SimA2	21	36	73	55	54	56	53	3	3	5412
16	Fill3	22	54	57	52	56	46	58	2	1	6513
16	Fill5	23	39	74	36	73	41	59	1	3	4995
16	SimB1	24	75	33	54	54	76	32	2	2	7364
16	Fill5	25	35	75	32	73	38	59	2	1	9038
16	Fill4	26	47	65	45	64	50	50	3	3	8319
16	Fill5	27	36	73	33	73	26	75	2	1	13472
16	Fill1	28	75	33	74	30	65	36	2	3	30638
16	SimA1	29	35	75	55	55	33	77	3	2	2543
16	SimA2	30	37	75	56	56	57	55	1	2	2848
16	Fill1	31	73	34	70	34	75	20	3	1	5966
16	SimB1	32	74	35	54	55	75	34	1	1	11697
16	SimA2	33	33	76	54	55	55	54	3	3	8142
16	SimA2	34	34	76	55	55	56	54	2	2	3411
16	SimB2	35	75	35	55	55	54	56	3	2	2910
16	SimB2	36	75	36	55	56	54	57	2	2	3024
16	SimB1	37	76	34	55	55	77	33	3	2	5423
16	SimA1	38	36	73	55	54	34	75	1	2	3650
16	Fill5	39	39	75	36	74	42	60	3	1	6894
16	Fill2	40	65	46	63	43	54	49	3	1	12865
16	Fill1	41	72	37	69	35	73	21	1	1	4480
16	Fill2	42	65	47	63	45	68	31	3	1	29969
16	SimA1	43	35	75	54	56	33	77	1	2	3362
16	SimB2	44	76	36	57	55	56	56	1	3	2223
16	Fill3	45	58	56	56	55	59	43	3	1	2253
16	Fill5	46	35	73	33	71	25	76	3	1	5104
16	Fill5	47	34	74	31	73	35	61	2	3	3968
16	Fill5	48	35	74	34	72	26	76	3	1	3293
16	SimA2	49	37	75	56	56	58	54	1	2	2336
16	Fill1	50	73	37	70	35	76	21	1	1	7744
16	SimB2	51	74	35	55	54	53	56	3	2	15025
16	Fill3	52	55	56	53	53	46	57	2	1	5311
16	SimA2	53	35	75	54	56	55	55	1	3	3199
16	Fill2	54	65	47	63	46	55	50	1	1	7552
16	Fill3	55	53	56	51	53	56	39	1	1	5037
16	SimB2	56	74	35	55	54	54	55	1	2	7951
16	Fill3	57	55	54	53	51	47	56	3	1	5407
16	SimA2	58	37	75	57	55	58	54	3	2	7725
16	Fill4	59	44	66	43	62	46	49	3	3	5745
16	Fill3	60	53	56	52	52	55	39	3	1	13072
16	SimA1	61	36	75	55	56	34	77	3	2	6591
16	SimB1	62	76	35	55	56	77	34	1	1	25430
16	SimB1	63	76	36	56	56	78	34	3	3	6179
16	Fill2	64	69	44	68	42	70	31	1	1	10765
16	Fill2	65	67	44	65	42	70	28	3	1	14579
16	Fill4	66	44	63	43	59	47	46	3	3	2990
16	SimB2	67	77	35	56	56	54	58	2	2	2639
16	Fill5	68	37	76	36	73	28	77	3	1	5232
16	Fill2	69	64	46	62	44	55	48	2	1	6290
16	SimA1	70	33	75	53	55	31	77	1	2	2989
16	SimA1	71	35	76	55	56	34	77	3	2	3312
16	Fill5	72	34	74	31	73	36	59	1	3	10609
16	Fill3	73	53	54	50	54	56	39	3	3	2366
16	Fill2	74	63	46	62	42	55	47	1	1	8227
16	SimB2	75	73	37	54	56	52	58	1	2	3951
16	SimA1	76	35	75	55	55	33	77	3	2	1902
16	SimA2	77	36	73	55	54	57	52	1	2	2323
16	Fill3	78	54	54	51	54	55	41	3	1	3280
16	Fill1	79	74	35	72	33	75	20	1	1	5183
16	SimA2	80	33	75	53	55	55	53	2	2	3375
16	SimB2	81	73	36	54	55	53	56	2	2	4767
16	Fill4	82	46	63	43	61	38	64	2	1	12318
16	Fill2	83	66	43	64	42	56	45	2	1	2639
16	SimB2	84	73	36	54	55	52	57	1	2	5666
16	SimB1	85	76	34	55	55	78	32	2	2	3185
16	SimA1	86	37	75	57	55	36	76	2	2	8112
16	Fill5	87	36	75	33	73	26	77	1	1	9023
16	Fill1	88	75	37	72	35	76	21	1	2	6159
16	Fill3	89	55	53	53	52	58	38	2	2	4447
16	Fill4	90	49	64	47	62	40	65	2	2	5951
16	SimB2	91	76	34	55	55	53	57	2	2	1536
16	Fill4	92	45	65	43	64	37	67	2	1	24963
16	SimA2	93	36	76	56	56	58	54	2	2	10191
16	Fill1	94	74	35	71	35	65	36	1	1	7488
16	SimB2	95	76	34	55	55	54	56	2	2	6447
16	Fill4	96	46	65	44	63	49	49	2	3	1839
16	Fill4	97	49	64	47	61	52	47	3	1	10720
16	Fill4	98	44	65	41	65	45	49	2	1	8078
16	SimA2	99	34	76	54	56	55	55	2	3	3952
16	Fill5	100	36	73	33	73	28	74	1	1	3648
16	Fill4	101	45	63	42	61	46	48	1	3	4926
16	SimB1	102	75	34	55	54	77	32	3	2	3983
16	Fill4	103	43	68	40	67	36	69	1	1	23088
16	SimA1	104	37	73	56	54	35	75	3	2	5469
16	SimB2	105	75	34	55	54	53	56	1	2	3855
16	SimB2	106	76	34	55	55	54	56	1	3	1280
16	Fill1	107	75	36	74	32	67	38	3	1	29654
16	Fill1	108	78	35	76	32	81	20	2	1	9888
16	SimB2	109	76	35	55	56	53	58	1	2	22817
16	Fill4	110	46	66	44	64	35	69	1	1	7744
16	SimB1	111	75	35	55	55	76	34	3	2	6641
16	Fill3	112	54	55	53	52	45	58	1	1	14546
16	SimB1	113	73	35	53	55	75	33	1	2	6015
16	Fill1	114	74	34	73	30	75	18	3	1	5614
16	SimA1	115	35	77	56	56	34	78	2	2	5455
16	SimA1	116	36	73	55	54	34	75	1	2	6883
16	SimB1	117	76	35	55	56	78	33	1	2	4557
16	Fill1	118	76	35	74	32	69	36	3	1	6672
16	SimB2	119	75	33	54	54	53	55	3	2	5727
16	SimA1	120	37	75	56	56	35	77	1	2	5823
16	SimB1	121	74	36	54	56	76	34	1	2	4255
16	Fill1	122	73	36	70	36	62	39	3	1	11014
16	SimB1	123	74	35	55	54	75	34	2	2	7792
16	SimB2	124	73	35	53	55	51	57	2	2	9043
16	Fill1	125	77	37	76	33	78	21	2	1	5886
16	Fill3	126	53	56	51	54	46	57	3	1	4303
16	SimB2	127	76	33	55	54	53	56	2	3	8718
16	Fill5	128	36	75	34	72	39	58	2	3	10065
16	Fill2	129	67	46	65	45	57	48	3	2	8593
16	Fill2	130	68	44	65	42	70	30	2	1	26063
16	SimA2	131	35	75	55	55	56	54	1	2	3072
16	SimB1	132	76	34	56	54	78	32	3	2	6927
16	SimA1	133	33	75	54	54	32	76	3	2	3806
16	SimA1	134	34	75	54	55	33	76	2	2	4194
16	Fill2	135	64	45	63	41	67	27	1	1	11408
16	SimA1	136	35	75	54	56	33	77	3	2	17537
16	Fill2	137	65	44	62	42	56	47	1	1	10367
16	SimA1	138	34	76	54	56	33	77	3	2	9808
16	SimA2	139	35	75	55	55	56	54	3	2	4642
16	Fill5	140	34	76	32	74	27	77	2	1	8351
16	Fill4	141	44	65	43	62	36	66	1	1	6512
16	SimA2	142	35	75	55	55	56	54	2	2	5007
16	Fill1	143	75	36	72	36	64	39	1	1	6849
16	SimB2	144	76	35	55	56	54	57	1	2	4418
16	Fill5	145	32	75	30	74	35	57	1	1	12877
16	SimA2	146	36	74	55	55	57	53	3	2	2736
16	Fill1	147	76	34	74	31	67	36	1	1	18960
16	Fill3	148	56	56	55	52	47	58	2	1	7457
16	SimB2	149	77	35	56	56	54	58	3	2	4064
16	Fill3	150	58	54	55	52	61	36	1	1	5136
16	Fill3	151	55	55	52	54	47	57	1	1	2478
16	SimA2	152	35	77	56	56	58	54	1	2	3713
16	SimB1	153	75	34	55	54	76	33	1	2	3376
16	SimB2	154	74	36	54	56	52	58	1	2	6719
16	Fill2	155	64	44	63	41	65	30	2	1	7104
16	SimB2	156	76	34	55	55	54	56	2	2	2544
16	SimA2	157	33	75	54	54	56	52	1	2	4946
16	SimA2	158	34	75	54	55	56	53	1	2	3613
16	SimA2	159	36	73	55	54	57	52	3	2	8099
16	SimA2	160	37	73	56	54	58	52	2	2	6639
16	SimA1	161	34	75	55	54	32	77	3	2	2719
16	SimA2	162	34	75	55	54	57	52	1	2	3840
16	Fill1	163	75	33	73	32	78	16	1	1	6593
16	SimB1	164	75	36	55	56	76	35	2	2	9841
16	Fill5	165	36	73	35	71	28	74	2	1	5426
16	SimA2	166	36	73	55	54	56	53	1	2	5406
16	SimB1	167	74	36	55	55	76	34	1	2	2159
16	Fill5	168	34	77	32	76	24	80	1	1	10687
16	Fill1	169	76	33	75	31	66	36	2	1	3520
16	Fill1	170	75	37	72	37	78	22	2	1	13825
16	Fill1	171	77	36	75	35	68	37	1	1	10448
16	SimB1	172	76	34	55	55	77	33	1	2	4349
16	SimB1	173	76	33	55	54	77	32	1	2	13424
16	Fill4	174	46	65	45	63	37	67	2	1	6607
16	Fill1	175	76	36	74	34	67	38	1	3	11344
16	Fill4	176	45	63	43	61	37	65	1	1	10515
16	Fill3	177	54	56	52	53	55	43	1	1	6208
16	SimB2	178	74	36	55	55	54	56	3	2	4525
16	Fill2	179	65	46	62	44	57	48	2	1	7391
16	Fill4	180	45	67	43	64	46	54	3	1	10815
16	SimA2	181	36	75	55	56	56	55	1	3	5409
16	Fill2	182	63	46	61	45	65	29	3	3	29478
16	Fill3	183	56	56	55	54	59	38	1	1	8817
16	Fill5	184	37	75	35	72	28	76	3	1	8829
16	Fill3	185	56	56	53	55	58	41	3	1	2129
16	Fill2	186	65	46	64	44	56	47	2	1	11694
16	Fill3	187	56	55	54	53	48	57	1	1	2063
16	Fill5	188	35	76	34	74	25	78	2	1	11809
16	SimA1	189	35	75	55	55	33	77	1	2	5808
16	SimB1	190	77	35	56	56	78	34	1	2	2782
16	SimB1	191	76	34	55	55	78	32	3	2	4273
16	SimA1	192	36	73	55	54	34	75	1	2	2863
16	Fill1	193	77	35	74	35	78	22	2	1	6381
16	Fill4	194	43	66	41	65	34	67	3	1	11632
16	Fill5	195	34	75	32	73	24	77	2	1	11406
16	SimA1	196	34	76	55	55	33	77	2	2	2336
16	SimB1	197	73	36	54	55	75	34	1	2	7904
16	Fill2	198	65	43	63	41	56	44	3	1	18719
16	Fill3	199	59	54	56	52	61	38	1	1	4288
16	SimB2	200	76	34	55	55	54	56	3	2	4432
16	SimA1	201	34	75	54	55	32	77	1	2	2847
16	SimA2	202	34	75	54	55	56	53	1	2	5122
16	Fill1	203	72	37	69	36	62	39	3	1	26095
16	Fill5	204	37	75	34	75	39	60	3	1	5951
16	Fill2	205	67	45	65	44	69	31	3	3	13553
16	Fill2	206	63	44	62	42	64	31	3	3	11087
16	SimA2	207	34	76	55	55	57	53	3	2	2911
16	SimA1	208	36	73	55	54	34	75	1	2	5793
16	Fill2	209	68	46	66	44	71	31	1	1	14335
16	SimA1	210	35	75	55	55	34	76	2	2	2350
16	SimB2	211	76	35	55	56	53	58	3	2	2863
16	Fill4	212	43	65	40	64	45	51	1	3	6400
16	Fill5	213	36	76	33	76	39	60	2	1	13279
16	SimB2	214	74	36	54	56	52	58	1	3	6786
16	SimB2	215	76	34	56	54	54	56	1	3	5104
16	SimB1	216	77	35	56	56	79	33	2	2	2928
16	SimA1	217	37	75	56	56	36	76	2	2	2673
16	SimA1	218	33	76	54	55	31	78	1	2	2286
16	Fill4	219	43	66	41	65	46	51	3	3	4206
16	Fill3	220	55	54	53	51	45	57	2	1	1937
16	SimB1	221	76	36	56	56	77	35	3	2	2943
16	SimB1	222	73	37	54	56	75	35	2	2	5758
16	Fill2	223	65	44	63	43	56	45	1	1	5937
16	SimB1	224	74	35	55	54	75	34	2	1	5247
16	SimA2	225	34	77	55	56	56	55	2	3	5648
16	Fill3	226	55	54	54	50	46	57	1	1	5954
16	Fill4	227	48	66	47	62	51	49	1	1	9920
16	Fill4	228	47	64	45	63	38	67	1	1	12976
16	SimA1	229	35	76	55	56	34	77	1	2	3265
16	SimA1	230	36	74	55	55	35	75	2	2	6321
16	SimB1	231	76	36	57	55	78	34	3	2	7169
16	SimA2	232	35	76	55	56	56	55	1	3	7215
16	Fill5	233	35	77	34	74	38	60	2	1	19057
16	Fill1	234	75	34	72	34	64	37	3	1	13859
16	Fill4	235	44	65	42	62	34	67	1	1	3054
16	SimB1	236	76	35	55	56	78	33	2	2	13853
16	Fill4	237	46	66	45	63	47	53	3	1	9600
16	SimA2	238	35	75	54	56	55	55	2	3	2131
16	Fill1	239	77	34	76	30	78	21	2	1	6352
16	SimB1	240	73	36	54	55	75	34	1	2	4735
Motivation:	3
Strategy:	3
End Time: Thu, Sep 29, 2011 13:28:31
