Participant: 30
MachineID: BL-POLS-IELbC20
Start Time: Tue, Oct 04, 2011 11:12:30
Seed: 92282
Sub	TrType	Trial	A1	A2	B1	B2	Decoy1	Decoy2	resp	choice	RT
30	Fill5	1	33	76	30	76	36	60	2	1	31094
30	SimA1	2	36	73	55	54	34	75	2	1	43010
30	Fill1	3	72	37	69	35	73	21	2	1	16228
30	Fill4	4	46	66	44	64	35	69	3	1	11569
30	Fill3	5	53	56	51	54	46	57	3	1	7236
30	SimB2	6	73	35	53	55	51	57	1	1	28178
30	SimA2	7	35	75	54	56	55	55	3	1	14466
30	SimB1	8	74	35	55	54	75	34	3	1	22131
30	Fill3	9	56	55	54	53	58	41	1	1	17411
30	Fill4	10	46	63	43	61	38	64	3	1	9074
30	SimB1	11	73	36	54	55	75	34	3	1	25828
30	SimA1	12	34	75	54	55	32	77	1	3	8944
30	Fill1	13	75	37	72	35	76	21	1	1	8693
30	SimB1	14	77	35	56	56	79	33	1	3	8209
30	Fill1	15	75	33	74	30	65	36	1	1	18146
30	Fill2	16	65	44	63	43	56	45	1	1	4550
30	Fill1	17	76	34	74	31	67	36	1	1	3121
30	Fill2	18	69	44	68	42	70	31	2	1	12259
30	SimA2	19	33	75	53	55	55	53	3	1	4977
30	Fill5	20	35	75	32	73	38	59	3	1	2964
30	SimA2	21	34	76	55	55	56	54	2	1	3186
30	Fill2	22	67	46	65	45	57	48	3	1	5989
30	Fill5	23	37	76	36	73	28	77	1	1	10561
30	SimB1	24	76	34	55	55	78	32	2	1	6485
30	SimB1	25	76	34	55	55	77	33	3	3	4447
30	Fill2	26	67	44	65	42	70	28	3	1	12512
30	Fill1	27	74	34	73	30	75	18	1	1	5615
30	Fill3	28	54	54	51	54	55	41	2	1	5808
30	SimB2	29	74	35	55	54	53	56	2	1	10416
30	Fill4	30	47	65	45	64	50	50	3	1	8446
30	Fill3	31	55	55	52	54	47	57	2	1	4335
30	Fill4	32	46	65	45	63	37	67	3	1	18065
30	Fill3	33	54	55	53	52	45	58	3	1	8767
30	SimA1	34	36	76	56	56	35	77	2	1	8401
30	SimB2	35	74	36	55	55	54	56	3	1	7679
30	SimB1	36	75	34	55	54	76	33	2	3	7776
30	SimB2	37	74	35	55	54	54	55	1	1	6592
30	SimB1	38	76	35	55	56	78	33	3	3	4464
30	Fill3	39	55	54	53	51	45	57	3	1	14160
30	Fill4	40	43	65	40	64	45	51	3	1	7792
30	Fill5	41	35	74	34	72	26	76	3	2	10385
30	SimA1	42	33	76	54	55	31	78	2	3	6878
30	SimB1	43	76	34	55	55	78	32	2	3	6494
30	Fill1	44	73	34	70	34	75	20	3	1	11569
30	Fill1	45	74	35	71	35	65	36	2	1	5903
30	SimB1	46	76	35	55	56	78	33	1	3	3695
30	Fill1	47	77	34	76	30	78	21	3	1	5071
30	SimA1	48	37	75	56	56	35	77	3	3	7057
30	Fill4	49	44	65	43	62	36	66	3	1	15566
30	SimA1	50	34	75	54	55	33	76	3	3	11855
30	SimB2	51	76	34	55	55	54	56	3	1	8256
30	Fill2	52	65	45	64	43	68	28	1	1	6332
30	Fill4	53	44	65	41	65	45	49	1	1	5310
30	SimB2	54	75	33	54	54	53	55	1	1	9793
30	Fill1	55	77	36	75	35	68	37	1	1	12800
30	Fill5	56	35	76	34	74	25	78	3	1	6928
30	SimB2	57	75	34	55	54	53	56	1	1	13681
30	SimA1	58	35	75	55	55	34	76	3	3	7952
30	SimA1	59	36	75	55	56	34	77	3	3	5759
30	Fill3	60	53	54	50	54	56	39	3	1	12191
30	Fill4	61	45	65	43	64	37	67	1	1	17489
30	SimB2	62	76	36	56	56	54	58	2	1	9623
30	Fill2	63	64	44	63	41	65	30	1	1	4879
30	SimA2	64	36	75	55	56	56	55	3	1	11775
30	Fill3	65	58	54	55	52	61	36	2	1	8544
30	SimB1	66	73	35	53	55	75	33	2	3	3680
30	Fill5	67	34	76	32	74	27	77	2	1	4337
30	SimA2	68	37	73	56	54	58	52	2	1	7839
30	SimA2	69	35	75	54	56	55	55	3	1	7554
30	SimB2	70	76	34	55	55	54	56	3	1	11728
30	Fill4	71	44	63	43	59	47	46	3	1	14958
30	SimA2	72	34	75	55	54	57	52	2	1	9551
30	SimB2	73	76	35	55	56	53	58	2	1	5231
30	Fill3	74	56	56	55	52	47	58	3	1	13615
30	Fill1	75	78	35	76	32	81	20	2	1	10062
30	Fill1	76	73	36	70	36	62	39	2	1	3920
30	SimA2	77	36	73	55	54	57	52	1	1	4253
30	Fill3	78	56	56	55	54	59	38	3	1	12942
30	Fill5	79	34	75	32	73	24	77	2	1	7184
30	Fill1	80	75	33	73	32	78	16	2	1	6335
30	Fill5	81	36	75	33	73	26	77	2	1	6383
30	SimA2	82	36	73	55	54	56	53	2	3	9408
30	SimB1	83	73	37	54	56	75	35	3	1	8526
30	SimB2	84	73	36	54	55	52	57	2	1	6542
30	SimA1	85	34	77	55	56	32	79	1	3	9983
30	SimB1	86	76	36	56	56	77	35	2	3	17938
30	SimB2	87	76	34	55	55	53	57	1	1	7793
30	Fill3	88	55	53	54	49	45	56	3	1	3567
30	SimB1	89	76	34	55	55	77	33	2	3	4434
30	Fill3	90	54	56	52	53	55	43	3	1	4336
30	Fill2	91	64	45	63	41	67	27	1	1	7103
30	Fill2	92	65	47	63	45	68	31	3	1	11295
30	Fill1	93	73	37	70	35	76	21	2	1	9762
30	SimB2	94	74	36	54	56	52	58	2	2	7727
30	SimA1	95	35	77	56	56	34	78	1	1	4176
30	Fill1	96	77	37	76	33	78	21	3	1	3282
30	SimB1	97	76	33	55	54	77	32	1	3	3469
30	SimB2	98	77	35	56	56	54	58	3	1	3714
30	SimB1	99	74	35	54	55	75	34	3	3	3712
30	Fill4	100	43	66	41	65	34	67	2	1	4527
30	Fill2	101	65	44	62	42	58	45	3	1	4063
30	Fill3	102	55	56	53	53	46	57	2	1	8991
30	SimB1	103	76	35	55	56	77	34	1	3	4576
30	SimB2	104	76	35	55	56	54	57	2	1	2786
30	SimA1	105	34	75	55	54	32	77	1	3	3359
30	SimA1	106	34	76	55	55	33	77	1	3	2737
30	SimA1	107	35	75	54	56	33	77	1	3	2578
30	Fill2	108	65	46	62	44	57	48	2	1	8237
30	Fill4	109	48	66	47	62	51	49	1	1	6110
30	Fill4	110	45	67	43	64	46	54	3	1	10479
30	Fill4	111	43	66	41	65	46	51	2	1	12241
30	Fill4	112	49	64	47	61	52	47	3	1	5968
30	SimA2	113	34	75	54	55	56	53	1	1	8463
30	Fill3	114	56	56	53	55	58	41	2	1	8753
30	Fill2	115	64	44	61	44	65	31	2	1	9470
30	SimB1	116	76	34	55	55	77	33	1	3	5249
30	SimA2	117	37	75	57	55	58	54	1	1	5566
30	SimB2	118	75	35	55	55	54	56	2	1	2367
30	SimB1	119	73	36	54	55	75	34	1	3	6305
30	Fill5	120	36	73	33	73	26	75	1	1	13090
30	Fill5	121	36	73	33	73	28	74	1	1	7089
30	SimA1	122	35	75	55	55	33	77	1	3	7448
30	Fill3	123	59	54	56	52	61	38	3	1	10366
30	SimB1	124	74	36	55	55	76	34	1	3	5457
30	SimB2	125	73	37	54	56	52	58	3	1	2624
30	SimA1	126	36	73	55	54	34	75	1	3	6224
30	Fill5	127	34	77	32	76	24	80	1	1	2914
30	Fill2	128	64	46	62	44	55	48	1	1	4191
30	Fill5	129	37	75	35	72	28	76	3	1	3970
30	SimA1	130	35	75	54	56	33	77	3	3	3262
30	SimA1	131	37	75	56	56	36	76	2	3	3857
30	Fill5	132	37	75	34	75	39	60	3	1	2430
30	SimA2	133	34	75	54	55	56	53	3	1	2288
30	SimA1	134	36	73	55	54	34	75	1	3	3071
30	SimB1	135	75	34	55	54	77	32	1	3	1921
30	Fill3	136	55	54	53	51	47	56	2	1	2703
30	Fill2	137	68	44	65	42	70	30	1	1	2799
30	Fill5	138	36	73	35	71	28	74	1	1	5583
30	Fill2	139	65	46	63	43	54	49	1	1	3312
30	SimB2	140	76	36	56	56	54	58	3	1	4991
30	Fill1	141	76	35	74	32	69	36	3	1	2786
30	SimB1	142	75	36	55	56	76	35	3	3	2430
30	Fill2	143	65	43	63	41	56	44	1	1	4302
30	Fill3	144	56	55	54	53	48	57	3	3	4560
30	Fill5	145	32	75	30	74	35	57	3	1	4368
30	SimB1	146	77	35	56	56	78	34	3	3	2926
30	SimA1	147	35	75	55	55	33	77	1	3	2417
30	Fill2	148	65	47	63	46	55	50	1	1	5406
30	SimA2	149	36	74	55	55	57	53	1	1	2640
30	SimA2	150	34	76	55	55	57	53	2	1	2016
30	SimB2	151	76	34	56	54	54	56	2	1	1423
30	SimB1	152	74	36	54	56	75	35	1	1	4086
30	SimA2	153	33	76	54	55	55	54	3	1	3390
30	SimA2	154	35	75	55	55	56	54	2	1	6833
30	Fill5	155	36	75	34	72	39	58	3	1	2814
30	Fill3	156	53	56	51	53	56	39	2	1	8147
30	Fill2	157	68	46	66	44	71	31	2	1	10286
30	SimB1	158	76	34	56	54	78	32	2	3	8480
30	SimB1	159	75	35	55	55	76	34	1	3	6288
30	Fill1	160	77	35	74	35	78	22	1	3	7919
30	SimA2	161	33	75	54	54	56	52	2	3	7104
30	SimA1	162	37	73	56	54	35	75	1	3	7681
30	SimA1	163	35	76	55	56	34	77	1	1	3712
30	Fill2	164	63	46	61	45	65	29	2	1	11601
30	Fill4	165	44	65	42	62	34	67	2	1	3183
30	Fill5	166	34	74	31	73	35	61	2	1	2398
30	SimA2	167	36	73	55	54	57	52	1	1	8208
30	Fill2	168	66	43	64	42	56	45	1	1	2018
30	Fill5	169	34	74	31	73	36	59	1	1	3680
30	Fill3	170	58	55	55	54	48	57	3	1	8078
30	SimA2	171	36	76	56	56	58	54	1	1	2577
30	SimB1	172	74	35	55	54	75	34	3	3	3759
30	Fill2	173	67	45	65	44	69	31	3	3	2624
30	Fill1	174	75	34	72	34	64	37	2	1	2048
30	Fill4	175	49	64	47	62	40	65	2	1	2368
30	SimA2	176	35	75	55	55	56	54	3	1	3965
30	SimA2	177	34	77	55	56	56	55	1	1	1874
30	SimA1	178	35	76	55	56	34	77	1	3	3633
30	Fill4	179	45	63	43	61	37	65	2	1	5424
30	Fill5	180	35	77	34	74	38	60	3	1	3886
30	SimB2	181	75	36	55	56	54	57	3	1	4416
30	Fill2	182	63	46	62	42	55	47	2	1	6902
30	Fill5	183	36	76	33	76	39	60	1	1	2224
30	Fill4	184	45	63	42	61	46	48	3	1	2977
30	SimB1	185	74	36	54	56	76	34	1	3	1503
30	Fill4	186	47	64	45	63	38	67	1	1	6191
30	SimB2	187	76	33	55	54	53	56	3	1	1952
30	Fill3	188	58	56	56	55	59	43	2	1	3615
30	SimA1	189	37	75	57	55	36	76	1	3	3393
30	Fill3	190	55	53	53	52	58	38	3	3	6174
30	SimB2	191	76	34	55	55	54	56	3	1	1361
30	SimB2	192	74	35	54	55	52	57	1	1	4518
30	SimA2	193	36	73	55	54	56	53	1	1	4210
30	Fill3	194	54	57	52	56	46	58	3	3	8016
30	Fill5	195	34	75	32	73	37	59	1	1	3233
30	SimA2	196	35	75	55	55	56	54	2	1	1710
30	SimB1	197	76	36	57	55	78	34	1	3	2611
30	Fill4	198	42	67	40	65	34	68	1	1	2367
30	Fill3	199	53	56	52	52	55	39	3	1	4430
30	Fill5	200	39	74	36	73	41	59	2	1	5983
30	SimA2	201	35	75	55	55	56	54	3	1	6511
30	Fill1	202	75	37	72	37	78	22	2	1	3283
30	Fill1	203	74	35	72	33	75	20	1	1	5295
30	SimA2	204	35	77	56	56	58	54	2	1	6369
30	Fill2	205	63	44	62	42	64	31	3	1	4511
30	SimB2	206	74	36	54	56	52	58	3	1	3742
30	SimA2	207	35	76	55	56	56	55	2	2	6384
30	SimB1	208	76	36	56	56	78	34	2	3	2705
30	SimA1	209	34	76	54	56	33	77	3	3	2462
30	SimB2	210	76	34	55	55	54	56	2	1	4913
30	Fill3	211	55	54	54	50	46	57	2	1	7039
30	SimA1	212	33	75	53	55	31	77	2	1	4414
30	SimA1	213	33	75	54	54	32	76	3	3	3055
30	Fill1	214	76	33	75	31	66	36	3	1	8479
30	Fill1	215	76	36	74	34	67	38	1	2	15791
30	SimA1	216	35	75	55	55	33	77	3	3	5393
30	SimB1	217	75	33	54	54	76	32	2	3	3631
30	SimA1	218	34	76	55	55	32	78	2	3	2672
30	Fill5	219	35	73	33	71	25	76	3	1	3331
30	Fill2	220	65	44	62	42	56	47	3	1	7200
30	Fill4	221	43	68	40	67	36	69	1	1	8817
30	SimB2	222	76	35	55	56	53	58	3	1	1842
30	SimA2	223	35	76	55	56	56	55	1	1	2801
30	SimA1	224	36	74	55	55	35	75	3	3	3999
30	Fill1	225	72	37	69	36	62	39	2	1	2446
30	Fill1	226	75	36	74	32	67	38	1	1	1570
30	SimA2	227	34	76	54	56	55	55	3	1	1744
30	SimA2	228	37	75	56	56	58	54	1	1	1326
30	SimA1	229	36	73	55	54	34	75	2	3	8966
30	Fill4	230	46	66	45	63	47	53	3	1	3106
30	SimA2	231	37	75	56	56	57	55	2	1	9679
30	SimB2	232	73	36	54	55	53	56	1	1	10705
30	SimB2	233	77	35	56	56	54	58	1	1	5329
30	Fill1	234	75	36	72	36	64	39	2	1	3344
30	SimB2	235	75	34	55	54	53	56	3	1	7520
30	Fill2	236	65	46	64	44	56	47	2	1	3758
30	Fill4	237	44	66	43	62	46	49	3	3	3711
30	Fill5	238	39	75	36	74	42	60	3	1	3026
30	SimB2	239	76	36	57	55	56	56	2	1	2351
30	Fill4	240	46	65	44	63	49	49	1	1	3422
Motivation:	4
Strategy:	3
End Time: Tue, Oct 04, 2011 13:29:03
