username: S101, Experiment time (minutes): 63
Operating system: Mac OS 10.8.5
Manufacturer: Google Pepper
Player type: PlugIn
Version: MAC 13,0,0,206

username	blkNum	trlNum	Rect1Height	Rect1Width	Rect2Height	Rect2Width	Rect3Height	Rect3Width	Effect	StimType	StimPosition	rawResp	response	RT
2156	0	1	59.000	  59.000	  58.000	  52.224	  60.000	  49.917	Fill3	R	6	51	1	3574
2156	0	2	77.000	  49.117	  74.000	  44.432	  79.000	  41.734	Fill2	R	4	50	1	4324
2156	0	3	90.000	  38.633	  88.000	  34.398	  91.000	  33.473	Fill1	R	2	49	1	4548
2156	1	1	96.000	  39.875	  81.000	  47.259	  58.000	  66.000	ComD1	R	3	51	3	1861
2156	1	2	52.000	  79.000	  77.000	  53.351	  77.000	  45.351	AttR2	R	1	50	2	3638
2156	1	3	75.000	  45.627	  73.000	  41.288	  77.000	  38.325	Fill2	R	1	49	1	2118
2156	1	4	92.000	  39.120	  91.000	  34.132	  95.000	  32.916	Fill1	R	3	50	1	2403
2156	1	5	73.000	  49.301	  70.000	  45.086	  76.000	  41.697	Fill2	R	3	50	1	1622
2156	1	6	48.325	  77.000	  61.000	  61.000	  45.325	  82.097	SimA1	R	4	50	1	4977
2156	1	7	53.014	  69.000	  50.014	  65.041	  54.014	  58.632	Fill4	R	1	49	1	2260
2156	1	8	47.355	  76.000	  59.000	  61.000	  42.355	  84.972	SimA1	R	2	51	2	2213
2156	1	9	59.000	  58.000	  56.000	  52.964	  60.000	  50.367	Fill3	R	5	51	1	2415
2156	1	10	49.986	  72.000	  48.986	  65.141	  51.986	  61.497	Fill4	R	3	50	1	2322
2156	1	11	53.000	  80.000	  81.000	  52.346	  81.000	  43.346	AttR2	R	4	50	1	2311
2156	1	12	48.886	  70.000	  47.886	  62.628	  49.886	  60.037	Fill4	R	3	50	1	2541
2156	1	13	47.671	  73.000	  60.000	  58.000	  64.444	  54.000	SimA2	R	1	49	1	2073
2156	1	14	61.000	  60.000	  59.000	  54.915	  62.000	  52.242	Fill3	R	5	51	1	1633
2156	1	15	96.000	  39.271	  82.000	  45.976	  58.000	  65.000	ComD1	R	3	49	2	2721
2156	1	16	95.000	  38.505	  92.000	  35.033	  97.000	  32.948	Fill1	R	4	50	1	1214
2156	1	17	59.000	  61.000	  57.000	  55.509	  60.000	  52.300	Fill3	R	1	49	1	1361
2156	1	18	52.000	  76.000	  74.000	  53.405	  74.000	  44.405	AttR2	R	1	49	1	1813
2156	1	19	49.714	  70.000	  47.714	  63.419	  50.714	  60.042	Fill4	R	3	50	1	1849
2156	1	20	50.000	  80.000	  80.000	  50.000	  42.000	  80.000	AttR1	R	1	49	1	2370
2156	1	21	75.000	  47.987	  72.000	  44.319	  77.000	  41.208	Fill2	R	2	51	2	2388
2156	1	22	53.000	  80.000	  81.000	  52.346	  45.000	  80.000	AttR1	R	1	49	1	1511
2156	1	23	92.000	  39.783	  89.000	  36.315	  93.000	  34.753	Fill1	R	6	51	1	2492
2156	1	24	50.000	  81.000	  82.000	  49.390	  42.000	  81.000	AttR1	R	3	50	1	1525
2156	1	25	49.000	  82.000	  84.000	  47.833	  84.000	  40.833	AttR2	R	6	51	1	1154
2156	1	26	82.000	  45.976	  58.000	  65.000	  43.837	  86.000	ComD2	R	3	49	2	1206
2156	1	27	45.627	  75.000	  58.000	  59.000	  61.107	  56.000	SimA2	R	4	51	2	1769
2156	1	28	83.000	  46.120	  58.000	  66.000	  45.035	  85.000	ComD2	R	4	51	2	852
2156	1	29	48.635	  74.000	  61.000	  59.000	  66.648	  54.000	SimA2	R	4	49	3	940
2156	1	30	48.325	  77.000	  61.000	  61.000	  65.281	  57.000	SimA2	R	2	49	1	1449
2156	1	31	48.800	  75.000	  61.000	  60.000	  66.545	  55.000	SimA2	R	2	51	2	1681
2156	1	32	48.800	  75.000	  61.000	  60.000	  45.800	  79.913	SimA1	R	5	49	2	1705
2156	1	33	60.000	  58.000	  58.000	  52.103	  63.000	  47.810	Fill3	R	6	51	1	975
2156	1	34	47.685	  73.000	  59.000	  59.000	  43.685	  79.684	SimA1	R	4	50	1	1138
2156	1	35	47.685	  73.000	  59.000	  59.000	  62.161	  56.000	SimA2	R	2	49	1	767
2156	1	36	47.355	  76.000	  59.000	  61.000	  62.052	  58.000	SimA2	R	2	49	1	1065
2156	1	37	50.000	  80.000	  78.000	  51.282	  43.000	  80.000	AttR1	R	1	49	1	2289
2156	1	38	39.120	  92.000	  38.120	  80.169	  41.120	  74.539	Fill5	R	4	50	1	3394
2156	1	39	97.000	  38.268	  80.000	  46.400	  58.000	  64.000	ComD1	R	3	51	3	2428
2156	1	40	76.000	  48.158	  75.000	  42.493	  77.000	  41.351	Fill2	R	4	50	1	1583
2156	1	41	98.000	  37.806	  82.000	  45.183	  57.000	  65.000	ComD1	R	4	49	3	2400
2156	1	42	45.627	  75.000	  58.000	  59.000	  42.627	  80.278	SimA1	R	1	50	2	1460
2156	1	43	81.000	  47.259	  58.000	  66.000	  44.512	  86.000	ComD2	R	2	49	1	2524
2156	1	44	46.000	  80.000	  81.000	  45.432	  81.000	  38.432	AttR2	R	5	49	2	1297
2156	1	45	49.000	  79.000	  81.000	  47.790	  42.000	  79.000	AttR1	R	3	50	1	1666
2156	1	46	52.000	  79.000	  77.000	  53.351	  43.000	  79.000	AttR1	R	2	49	1	1785
2156	1	47	50.000	  80.000	  78.000	  51.282	  78.000	  44.282	AttR2	R	3	50	1	3684
2156	1	48	47.838	  74.000	  59.000	  60.000	  64.364	  55.000	SimA2	R	1	51	3	2021
2156	1	49	62.000	  59.000	  60.000	  52.850	  63.000	  50.381	Fill3	R	2	49	1	1135
2156	1	50	92.000	  39.120	  91.000	  34.429	  94.000	  33.362	Fill1	R	4	50	1	2861
2156	1	51	49.000	  82.000	  84.000	  47.833	  40.000	  82.000	AttR1	R	3	49	2	1252
2156	1	52	52.000	  76.000	  74.000	  53.405	  44.000	  76.000	AttR1	R	6	50	2	1748
2156	1	53	47.671	  73.000	  60.000	  58.000	  43.671	  79.686	SimA1	R	1	49	1	1881
2156	1	54	39.989	  90.000	  38.989	  78.304	  41.989	  73.734	Fill5	R	3	50	1	1041
2156	1	55	59.000	  61.000	  56.000	  57.018	  61.000	  51.197	Fill3	R	6	49	3	1977
2156	1	56	97.000	  39.464	  83.000	  46.120	  58.000	  66.000	ComD1	R	2	49	1	1660
2156	1	57	48.635	  74.000	  61.000	  59.000	  44.635	  80.632	SimA1	R	2	49	1	2052
2156	1	58	50.690	  71.000	  49.690	  62.970	  52.690	  58.835	Fill4	R	4	50	1	1212
2156	1	59	49.000	  79.000	  81.000	  47.790	  81.000	  39.790	AttR2	R	1	49	1	766
2156	1	60	95.000	  38.400	  79.000	  46.177	  57.000	  64.000	ComD1	R	1	50	2	737
2156	1	61	49.000	  80.000	  81.000	  48.395	  42.000	  80.000	AttR1	R	5	49	2	767
2156	1	62	40.667	  90.000	  37.667	  83.841	  42.667	  73.852	Fill5	R	2	49	1	1625
2156	1	63	80.000	  46.400	  58.000	  64.000	  43.671	  85.000	ComD2	R	6	50	2	1396
2156	1	64	75.000	  46.400	  74.000	  40.986	  76.000	  40.487	Fill2	R	5	51	1	1294
2156	1	65	50.000	  81.000	  82.000	  49.390	  82.000	  41.390	AttR2	R	3	49	2	767
2156	1	66	39.545	  88.000	  37.545	  79.077	  40.545	  72.388	Fill5	R	3	51	3	1322
2156	1	67	92.000	  37.196	  89.000	  33.607	  93.000	  31.742	Fill1	R	1	49	1	1623
2156	1	68	46.579	  76.000	  59.000	  60.000	  43.579	  81.232	SimA1	R	2	50	3	1185
2156	1	69	50.000	  80.000	  80.000	  50.000	  80.000	  42.000	AttR2	R	1	49	1	1021
2156	1	70	51.240	  75.000	  63.000	  61.000	  47.240	  81.351	SimA1	R	4	51	2	1959
2156	1	71	82.000	  45.183	  57.000	  65.000	  43.081	  86.000	ComD2	R	4	49	3	1508
2156	1	72	97.000	  38.866	  81.000	  46.543	  58.000	  65.000	ComD1	R	5	51	1	2112
2156	1	73	49.000	  80.000	  81.000	  48.395	  81.000	  41.395	AttR2	R	5	49	2	1478
2156	1	74	82.000	  47.561	  60.000	  65.000	  44.318	  88.000	ComD2	R	3	50	1	2030
2156	1	75	79.000	  46.177	  57.000	  64.000	  43.429	  84.000	ComD2	R	3	49	2	1369
2156	1	76	46.579	  76.000	  59.000	  60.000	  62.105	  57.000	SimA2	R	6	50	2	740
2156	1	77	101.000	  39.050	  85.000	  46.400	  58.000	  68.000	ComD1	R	2	51	2	1697
2156	1	78	95.000	  39.684	  80.000	  47.125	  58.000	  65.000	ComD1	R	5	50	3	1282
2156	1	79	50.833	  72.000	  48.833	  64.853	  51.833	  62.045	Fill4	R	5	50	3	3353
2156	1	80	98.000	  39.796	  82.000	  47.561	  60.000	  65.000	ComD1	R	2	49	1	6366
2156	1	81	81.000	  46.543	  58.000	  65.000	  43.837	  86.000	ComD2	R	4	51	2	1458
2156	1	82	38.886	  88.000	  35.886	  81.312	  40.886	  70.610	Fill5	R	3	50	1	2530
2156	1	83	85.000	  46.400	  58.000	  68.000	  46.400	  85.000	ComD2	R	2	51	2	1069
2156	1	84	80.000	  47.125	  58.000	  65.000	  44.353	  85.000	ComD2	R	4	51	2	1325
2156	1	85	92.000	  37.826	  91.000	  33.055	  93.000	  32.376	Fill1	R	3	50	1	1235
2156	1	86	46.000	  80.000	  81.000	  45.432	  39.000	  80.000	AttR1	R	4	50	1	1876
2156	1	87	47.838	  74.000	  59.000	  60.000	  43.838	  80.752	SimA1	R	5	49	2	1300
2156	1	88	41.101	  89.000	  39.101	  80.126	  42.101	  73.917	Fill5	R	4	50	1	1161
2156	1	89	51.240	  75.000	  63.000	  61.000	  66.259	  58.000	SimA2	R	5	50	3	1662
2156	1	90	78.000	  46.897	  76.000	  42.000	  80.000	  39.587	Fill2	R	4	50	1	1439
2156	2	1	71.000	  47.366	  70.000	  41.714	  72.000	  40.444	Fill2	R	1	49	1	2709
2156	2	2	49.000	  79.000	  77.000	  50.273	  40.000	  79.000	AttR1	R	5	51	1	1114
2156	2	3	49.459	  74.000	  61.000	  60.000	  64.211	  57.000	SimA2	R	3	51	3	1086
2156	2	4	41.109	  92.000	  40.109	  80.606	  43.109	  75.112	Fill5	R	2	49	1	863
2156	2	5	57.000	  59.000	  54.000	  54.037	  59.000	  48.593	Fill3	R	2	49	1	711
2156	2	6	91.000	  38.901	  89.000	  34.742	  92.000	  33.957	Fill1	R	3	50	1	732
2156	2	7	52.000	  79.000	  79.000	  52.000	  45.000	  79.000	AttR1	R	3	50	1	1034
2156	2	8	39.112	  89.000	  37.112	  79.623	  40.112	  73.693	Fill5	R	1	49	1	713
2156	2	9	48.132	  76.000	  59.000	  62.000	  45.132	  81.052	SimA1	R	4	50	1	1846
2156	2	10	49.000	  78.000	  77.000	  49.636	  42.000	  78.000	AttR1	R	6	50	2	797
2156	2	11	52.000	  78.000	  80.000	  50.700	  45.000	  78.000	AttR1	R	3	50	1	1657
2156	2	12	71.000	  47.324	  68.000	  43.132	  73.000	  40.164	Fill2	R	1	49	1	1337
2156	2	13	48.739	  69.000	  46.739	  62.432	  50.739	  57.037	Fill4	R	6	51	1	1046
2156	2	14	47.368	  76.000	  60.000	  60.000	  63.158	  57.000	SimA2	R	2	49	1	574
2156	2	15	61.000	  61.000	  59.000	  55.237	  63.000	  52.476	Fill3	R	2	50	3	1153
2156	2	16	49.000	  78.000	  77.000	  49.636	  77.000	  41.636	AttR2	R	3	49	2	758
2156	2	17	73.000	  48.493	  70.000	  44.571	  76.000	  40.066	Fill2	R	6	51	1	1404
2156	2	18	96.000	  39.948	  81.000	  47.346	  59.000	  65.000	ComD1	R	5	49	2	966
2156	2	19	48.132	  76.000	  59.000	  62.000	  63.069	  58.000	SimA2	R	5	49	2	1137
2156	2	20	49.000	  78.000	  77.000	  49.636	  41.000	  78.000	AttR1	R	5	49	2	935
2156	2	21	56.000	  60.000	  53.000	  54.340	  59.000	  49.763	Fill3	R	4	50	1	956
2156	2	22	49.859	  71.000	  48.859	  64.000	  50.859	  61.739	Fill4	R	2	49	1	841
2156	2	23	98.000	  39.735	  81.000	  48.074	  59.000	  66.000	ComD1	R	5	50	3	881
2156	2	24	81.000	  47.407	  60.000	  64.000	  43.146	  89.000	ComD2	R	2	51	2	1258
2156	2	25	50.000	  79.000	  81.000	  48.765	  41.000	  79.000	AttR1	R	4	51	2	2666
2156	2	26	37.753	  89.000	  36.753	  77.028	  39.753	  71.919	Fill5	R	3	49	2	2225
2156	2	27	52.528	  72.000	  51.528	  64.354	  54.528	  61.272	Fill4	R	3	50	1	844
2156	2	28	96.000	  39.333	  80.000	  47.200	  59.000	  64.000	ComD1	R	4	49	3	867
2156	2	29	46.667	  72.000	  43.667	  67.328	  48.667	  59.630	Fill4	R	6	51	1	963
2156	2	30	90.000	  37.367	  88.000	  33.170	  92.000	  31.293	Fill1	R	3	50	1	825
2156	2	31	47.811	  74.000	  61.000	  58.000	  42.811	  82.643	SimA1	R	2	51	2	4947
2156	2	32	40.890	  91.000	  39.890	  80.747	  42.890	  74.563	Fill5	R	2	49	1	850
2156	2	33	49.282	  78.000	  62.000	  62.000	  45.282	  84.890	SimA1	R	3	51	3	849
2156	2	34	77.000	  48.325	  75.000	  44.267	  79.000	  41.278	Fill2	R	3	50	1	672
2156	2	35	47.368	  76.000	  60.000	  60.000	  42.368	  84.969	SimA1	R	6	50	2	554
2156	2	36	47.000	  81.000	  81.000	  47.000	  38.000	  81.000	AttR1	R	5	51	1	847
2156	2	37	39.775	  89.000	  38.775	  77.188	  40.775	  74.310	Fill5	R	4	49	3	1254
2156	2	38	47.368	  76.000	  60.000	  60.000	  64.286	  56.000	SimA2	R	2	50	3	535
2156	2	39	49.000	  79.000	  77.000	  50.273	  77.000	  42.273	AttR2	R	2	51	2	2261
2156	2	40	49.459	  74.000	  61.000	  60.000	  46.459	  78.778	SimA1	R	6	50	2	661
2156	2	41	51.000	  80.000	  79.000	  51.646	  44.000	  80.000	AttR1	R	5	51	1	1006
2156	2	42	47.000	  81.000	  81.000	  47.000	  81.000	  40.000	AttR2	R	5	49	2	1191
2156	2	43	81.000	  46.543	  58.000	  65.000	  43.333	  87.000	ComD2	R	2	51	2	898
2156	2	44	82.000	  45.878	  57.000	  66.000	  44.786	  84.000	ComD2	R	2	50	3	914
2156	2	45	81.000	  48.074	  59.000	  66.000	  44.759	  87.000	ComD2	R	3	49	2	999
2156	2	46	80.000	  47.200	  59.000	  64.000	  43.402	  87.000	ComD2	R	1	50	2	1489
2156	2	47	47.838	  74.000	  60.000	  59.000	  43.838	  80.752	SimA1	R	3	50	1	1145
2156	2	48	89.000	  37.753	  87.000	  33.448	  92.000	  31.891	Fill1	R	1	49	1	981
2156	2	49	47.200	  75.000	  59.000	  60.000	  64.364	  55.000	SimA2	R	3	50	1	3952
2156	2	50	47.532	  77.000	  60.000	  61.000	  63.103	  58.000	SimA2	R	2	49	1	2278
2156	2	51	52.000	  79.000	  79.000	  52.000	  79.000	  44.000	AttR2	R	5	51	1	1374
2156	2	52	50.973	  73.000	  47.973	  67.351	  51.973	  62.822	Fill4	R	3	50	1	577
2156	2	53	47.532	  77.000	  60.000	  61.000	  42.532	  86.052	SimA1	R	5	49	2	804
2156	2	54	96.000	  39.188	  82.000	  45.878	  57.000	  66.000	ComD1	R	1	51	3	951
2156	2	55	49.282	  78.000	  62.000	  62.000	  65.153	  59.000	SimA2	R	6	50	2	2357
2156	2	56	95.000	  39.684	  81.000	  46.543	  58.000	  65.000	ComD1	R	2	50	3	1513
2156	2	57	49.000	  78.000	  77.000	  49.636	  77.000	  40.636	AttR2	R	1	49	1	1591
2156	2	58	47.838	  74.000	  60.000	  59.000	  63.214	  56.000	SimA2	R	5	51	1	985
2156	2	59	95.000	  39.684	  80.000	  47.125	  58.000	  65.000	ComD1	R	3	49	2	1028
2156	2	60	84.000	  46.262	  58.000	  67.000	  45.718	  85.000	ComD2	R	4	49	3	2414
2156	2	61	59.000	  59.000	  58.000	  52.103	  61.000	  50.098	Fill3	R	4	50	1	713
2156	2	62	49.028	  71.000	  48.028	  62.172	  50.028	  59.606	Fill4	R	2	49	1	1359
2156	2	63	95.000	  40.421	  81.000	  47.407	  60.000	  64.000	ComD1	R	3	51	3	1804
2156	2	64	81.000	  47.346	  59.000	  65.000	  43.580	  88.000	ComD2	R	4	51	2	1054
2156	2	65	62.000	  61.000	  61.000	  54.705	  65.000	  51.523	Fill3	R	4	50	1	1062
2156	2	66	94.000	  40.234	  91.000	  37.154	  95.000	  35.232	Fill1	R	4	50	1	1222
2156	2	67	48.325	  77.000	  61.000	  61.000	  43.325	  85.886	SimA1	R	4	50	1	2313
2156	2	68	94.000	  38.809	  79.000	  46.177	  57.000	  64.000	ComD1	R	6	49	3	3894
2156	2	69	90.000	  38.678	  87.000	  34.460	  91.000	  33.615	Fill1	R	3	50	1	2046
2156	2	70	47.811	  74.000	  61.000	  58.000	  64.327	  55.000	SimA2	R	1	49	1	5511
2156	2	71	38.216	  88.000	  36.216	  77.728	  40.216	  70.569	Fill5	R	4	50	1	2653
2156	2	72	51.000	  80.000	  79.000	  51.646	  79.000	  42.646	AttR2	R	5	49	2	7212
2156	2	73	53.000	  81.000	  82.000	  52.354	  82.000	  44.354	AttR2	R	3	50	1	3742
2156	2	74	76.000	  49.763	  73.000	  45.479	  77.000	  43.532	Fill2	R	5	51	1	3013
2156	2	75	59.000	  60.000	  57.000	  53.509	  60.000	  51.667	Fill3	R	2	50	3	3022
2156	2	76	81.000	  46.543	  58.000	  65.000	  43.837	  86.000	ComD2	R	3	50	1	2657
2156	2	77	92.000	  40.446	  89.000	  37.169	  95.000	  34.842	Fill1	R	2	49	1	1658
2156	2	78	53.000	  81.000	  82.000	  52.354	  46.000	  81.000	AttR1	R	3	50	1	1249
2156	2	79	48.000	  78.000	  77.000	  48.623	  40.000	  78.000	AttR1	R	2	49	1	1154
2156	2	80	52.000	  78.000	  80.000	  50.700	  80.000	  42.700	AttR2	R	4	50	1	3559
2156	2	81	79.000	  46.177	  57.000	  64.000	  42.419	  86.000	ComD2	R	3	50	1	2997
2156	2	82	48.325	  77.000	  61.000	  61.000	  64.155	  58.000	SimA2	R	3	49	2	1142
2156	2	83	50.000	  79.000	  81.000	  48.765	  81.000	  41.765	AttR2	R	1	49	1	1147
2156	2	84	96.000	  39.271	  81.000	  46.543	  58.000	  65.000	ComD1	R	5	50	3	10553
2156	2	85	80.000	  47.125	  58.000	  65.000	  43.837	  86.000	ComD2	R	2	51	2	1286
2156	2	86	48.000	  78.000	  77.000	  48.623	  77.000	  39.623	AttR2	R	4	51	2	1582
2156	2	87	47.368	  76.000	  60.000	  60.000	  42.368	  84.969	SimA1	R	1	50	2	1130
2156	2	88	47.200	  75.000	  59.000	  60.000	  42.200	  83.886	SimA1	R	5	49	2	1063
2156	2	89	100.000	  38.860	  84.000	  46.262	  58.000	  67.000	ComD1	R	2	50	3	1318
2156	2	90	75.000	  46.413	  73.000	  42.192	  76.000	  40.118	Fill2	R	1	49	1	1204
2156	3	1	51.000	  79.000	  81.000	  49.741	  81.000	  42.741	AttR2	R	6	51	1	4101
2156	3	2	49.471	  68.000	  46.471	  63.309	  50.471	  57.836	Fill4	R	6	50	2	1251
2156	3	3	62.000	  59.000	  59.000	  55.136	  63.000	  51.111	Fill3	R	5	51	1	1316
2156	3	4	51.000	  82.000	  84.000	  49.786	  42.000	  82.000	AttR1	R	3	50	1	1033
2156	3	5	96.000	  39.875	  81.000	  47.259	  58.000	  66.000	ComD1	R	2	50	3	2505
2156	3	6	40.198	  91.000	  37.198	  84.199	  41.198	  76.096	Fill5	R	6	49	3	1550
2156	3	7	73.000	  46.082	  70.000	  41.586	  76.000	  38.303	Fill2	R	2	49	1	1020
2156	3	8	91.000	  40.198	  88.000	  36.841	  94.000	  34.532	Fill1	R	3	50	1	1454
2156	3	9	49.613	  75.000	  61.000	  61.000	  65.281	  57.000	SimA2	R	5	51	1	1542
2156	3	10	48.649	  74.000	  60.000	  60.000	  45.649	  78.863	SimA1	R	3	49	2	996
2156	3	11	49.613	  75.000	  61.000	  61.000	  44.613	  83.406	SimA1	R	2	51	2	935
2156	3	12	52.116	  69.000	  50.116	  62.834	  54.116	  58.874	Fill4	R	6	49	3	1580
2156	3	13	82.000	  48.207	  59.000	  67.000	  45.965	  86.000	ComD2	R	4	51	2	982
2156	3	14	81.000	  47.259	  58.000	  66.000	  45.035	  85.000	ComD2	R	2	49	1	794
2156	3	15	48.000	  75.000	  60.000	  60.000	  64.286	  56.000	SimA2	R	4	49	3	1300
2156	3	16	48.000	  75.000	  60.000	  60.000	  43.000	  83.721	SimA1	R	3	49	2	913
2156	3	17	80.000	  46.400	  58.000	  64.000	  43.671	  85.000	ComD2	R	6	50	2	1279
2156	3	18	47.838	  74.000	  59.000	  60.000	  63.214	  56.000	SimA2	R	3	49	2	783
2156	3	19	48.635	  74.000	  61.000	  59.000	  43.635	  82.479	SimA1	R	2	51	2	800
2156	3	20	59.000	  59.000	  57.000	  52.632	  62.000	  48.435	Fill3	R	3	50	1	1229
2156	3	21	80.000	  45.675	  58.000	  63.000	  42.488	  86.000	ComD2	R	4	51	2	1110
2156	3	22	51.000	  79.000	  81.000	  49.741	  81.000	  41.741	AttR2	R	2	49	1	676
2156	3	23	91.000	  36.967	  90.000	  32.867	  93.000	  31.022	Fill1	R	1	49	1	684
2156	3	24	83.000	  46.120	  58.000	  66.000	  44.512	  86.000	ComD2	R	1	50	2	1123
2156	3	25	49.000	  80.000	  82.000	  47.805	  42.000	  80.000	AttR1	R	3	50	1	1769
2156	3	26	46.579	  76.000	  59.000	  60.000	  62.105	  57.000	SimA2	R	3	49	2	739
2156	3	27	40.404	  89.000	  38.404	  80.459	  41.404	  74.412	Fill5	R	3	50	1	1545
2156	3	28	82.000	  45.976	  58.000	  65.000	  43.333	  87.000	ComD2	R	5	49	2	1015
2156	3	29	41.568	  88.000	  39.568	  79.660	  43.568	  72.438	Fill5	R	6	49	3	1873
2156	3	30	81.000	  47.346	  59.000	  65.000	  44.593	  86.000	ComD2	R	3	49	2	1442
2156	3	31	96.000	  38.667	  80.000	  46.400	  58.000	  64.000	ComD1	R	1	49	1	1090
2156	3	32	77.000	  46.701	  75.000	  41.693	  80.000	  38.987	Fill2	R	3	50	1	939
2156	3	33	49.000	  80.000	  81.000	  48.395	  81.000	  40.395	AttR2	R	4	50	1	550
2156	3	34	47.838	  74.000	  60.000	  59.000	  43.838	  80.752	SimA1	R	2	51	2	2788
2156	3	35	77.000	  47.506	  74.000	  43.176	  78.000	  41.551	Fill2	R	4	50	1	3350
2156	3	36	50.000	  78.000	  77.000	  50.649	  77.000	  41.649	AttR2	R	2	49	1	925
2156	3	37	50.000	  82.000	  84.000	  48.810	  43.000	  82.000	AttR1	R	4	50	1	1425
2156	3	38	49.613	  75.000	  61.000	  61.000	  45.613	  81.577	SimA1	R	3	50	1	1148
2156	3	39	95.000	  40.368	  81.000	  47.346	  59.000	  65.000	ComD1	R	2	50	3	2529
2156	3	40	50.000	  77.000	  79.000	  48.734	  41.000	  77.000	AttR1	R	2	49	1	3038
2156	3	41	79.000	  46.177	  57.000	  64.000	  43.429	  84.000	ComD2	R	2	51	2	1278
2156	3	42	92.000	  37.837	  89.000	  34.225	  95.000	  31.589	Fill1	R	5	51	1	1198
2156	3	43	48.800	  75.000	  61.000	  60.000	  44.800	  81.696	SimA1	R	2	49	1	1257
2156	3	44	50.449	  69.000	  48.449	  61.570	  51.449	  59.748	Fill4	R	5	51	1	681
2156	3	45	51.000	  82.000	  84.000	  49.786	  84.000	  40.786	AttR2	R	3	50	1	537
2156	3	46	49.000	  80.000	  81.000	  48.395	  40.000	  80.000	AttR1	R	4	50	1	791
2156	3	47	48.000	  75.000	  60.000	  60.000	  43.000	  83.721	SimA1	R	4	49	3	1113
2156	3	48	50.000	  78.000	  77.000	  50.649	  41.000	  78.000	AttR1	R	2	49	1	910
2156	3	49	39.557	  88.000	  38.557	  76.044	  41.557	  70.674	Fill5	R	4	49	3	1132
2156	3	50	95.000	  38.463	  80.000	  45.675	  58.000	  63.000	ComD1	R	6	49	3	666
2156	3	51	52.257	  70.000	  49.257	  64.965	  54.257	  59.826	Fill4	R	4	50	1	657
2156	3	52	50.000	  80.000	  79.000	  50.633	  79.000	  43.633	AttR2	R	2	49	1	554
2156	3	53	95.000	  40.368	  81.000	  47.346	  59.000	  65.000	ComD1	R	2	50	3	782
2156	3	54	50.000	  80.000	  79.000	  50.633	  43.000	  80.000	AttR1	R	3	50	1	890
2156	3	55	49.613	  75.000	  61.000	  61.000	  65.281	  57.000	SimA2	R	2	49	1	554
2156	3	56	50.000	  77.000	  79.000	  48.734	  79.000	  40.734	AttR2	R	5	51	1	694
2156	3	57	75.000	  48.773	  73.000	  44.027	  77.000	  41.805	Fill2	R	4	49	3	685
2156	3	58	98.000	  38.469	  82.000	  45.976	  58.000	  65.000	ComD1	R	6	50	2	734
2156	3	59	47.838	  74.000	  60.000	  59.000	  64.364	  55.000	SimA2	R	4	50	1	964
2156	3	60	96.000	  38.000	  80.000	  45.600	  57.000	  64.000	ComD1	R	5	50	3	1057
2156	3	61	48.635	  74.000	  61.000	  59.000	  65.436	  55.000	SimA2	R	3	49	2	713
2156	3	62	49.000	  78.000	  79.000	  48.380	  79.000	  40.380	AttR2	R	4	51	2	862
2156	3	63	49.000	  78.000	  79.000	  48.380	  42.000	  78.000	AttR1	R	3	49	2	1198
2156	3	64	92.000	  37.837	  89.000	  34.416	  94.000	  32.415	Fill1	R	1	49	1	633
2156	3	65	97.000	  39.464	  83.000	  46.120	  58.000	  66.000	ComD1	R	3	51	3	825
2156	3	66	50.110	  73.000	  48.110	  65.954	  52.110	  61.908	Fill4	R	4	50	1	772
2156	3	67	50.000	  82.000	  84.000	  48.810	  84.000	  40.810	AttR2	R	5	51	1	926
2156	3	68	75.000	  46.413	  74.000	  40.311	  78.000	  38.641	Fill2	R	6	49	3	700
2156	3	69	48.649	  74.000	  60.000	  60.000	  63.158	  57.000	SimA2	R	6	50	2	1506
2156	3	70	39.112	  89.000	  38.112	  77.245	  40.112	  74.142	Fill5	R	5	49	2	1356
2156	3	71	47.838	  74.000	  59.000	  60.000	  42.838	  82.637	SimA1	R	2	49	1	1148
2156	3	72	94.000	  38.915	  92.000	  35.293	  96.000	  33.385	Fill1	R	2	49	1	953
2156	3	73	50.449	  69.000	  48.449	  61.652	  51.449	  57.979	Fill4	R	3	50	1	1358
2156	3	74	80.000	  45.600	  57.000	  64.000	  42.419	  86.000	ComD2	R	2	51	2	1365
2156	3	75	94.000	  38.809	  79.000	  46.177	  57.000	  64.000	ComD1	R	6	49	3	922
2156	3	76	95.000	  37.853	  93.000	  33.925	  97.000	  32.619	Fill1	R	1	49	1	702
2156	3	77	59.000	  59.000	  56.000	  53.464	  61.000	  49.803	Fill3	R	2	49	1	805
2156	3	78	48.000	  75.000	  60.000	  60.000	  63.158	  57.000	SimA2	R	4	51	2	807
2156	3	79	49.000	  80.000	  82.000	  47.805	  82.000	  38.805	AttR2	R	3	50	1	593
2156	3	80	75.000	  46.413	  73.000	  41.795	  76.000	  40.408	Fill2	R	1	49	1	611
2156	3	81	62.000	  58.000	  61.000	  52.066	  64.000	  48.766	Fill3	R	3	50	1	878
2156	3	82	58.000	  58.000	  55.000	  53.818	  60.000	  48.300	Fill3	R	2	49	1	1525
2156	3	83	46.579	  76.000	  59.000	  60.000	  43.579	  81.232	SimA1	R	4	50	1	932
2156	3	84	59.000	  62.000	  56.000	  57.482	  61.000	  52.164	Fill3	R	3	50	1	697
2156	3	85	51.000	  79.000	  81.000	  49.741	  44.000	  79.000	AttR1	R	2	49	1	897
2156	3	86	48.800	  75.000	  61.000	  60.000	  65.357	  56.000	SimA2	R	3	51	3	721
2156	3	87	38.227	  88.000	  36.227	  77.870	  40.227	  70.947	Fill5	R	4	50	1	758
2156	3	88	100.000	  39.530	  82.000	  48.207	  59.000	  67.000	ComD1	R	6	49	3	508
2156	3	89	51.000	  79.000	  81.000	  49.741	  43.000	  79.000	AttR1	R	5	51	1	1257
2156	3	90	81.000	  47.346	  59.000	  65.000	  43.580	  88.000	ComD2	R	2	49	1	449
2156	4	1	61.000	  62.000	  60.000	  55.233	  64.000	  52.469	Fill3	R	5	51	1	2677
2156	4	2	48.000	  82.000	  84.000	  46.857	  84.000	  38.857	AttR2	R	4	50	1	649
2156	4	3	92.000	  39.783	  90.000	  35.644	  93.000	  34.817	Fill1	R	3	50	1	577
2156	4	4	80.000	  47.125	  58.000	  65.000	  43.837	  86.000	ComD2	R	3	50	1	580
2156	4	5	47.987	  75.000	  61.000	  59.000	  64.268	  56.000	SimA2	R	3	51	3	1015
2156	4	6	51.000	  83.000	  82.000	  51.622	  82.000	  42.622	AttR2	R	4	50	1	569
2156	4	7	49.729	  70.000	  47.729	  64.259	  51.729	  58.807	Fill4	R	2	49	1	733
2156	4	8	75.000	  48.800	  73.000	  43.740	  76.000	  41.632	Fill2	R	6	50	2	521
2156	4	9	60.000	  61.000	  59.000	  54.661	  61.000	  52.639	Fill3	R	3	50	1	686
2156	4	10	48.158	  76.000	  60.000	  61.000	  63.103	  58.000	SimA2	R	6	51	1	679
2156	4	11	50.833	  72.000	  47.833	  66.711	  51.833	  61.968	Fill4	R	6	49	3	558
2156	4	12	59.000	  59.000	  56.000	  54.089	  60.000	  50.433	Fill3	R	2	49	1	755
2156	4	13	52.286	  70.000	  51.286	  61.869	  54.286	  59.887	Fill4	R	5	51	1	737
2156	4	14	39.333	  90.000	  37.333	  80.116	  40.333	  74.826	Fill5	R	3	51	3	814
2156	4	15	51.304	  69.000	  48.304	  65.005	  53.304	  57.631	Fill4	R	5	50	3	593
2156	4	16	76.000	  48.158	  74.000	  42.797	  79.000	  40.658	Fill2	R	1	49	1	572
2156	4	17	80.000	  46.312	  57.000	  65.000	  44.107	  84.000	ComD2	R	1	51	3	470
2156	4	18	97.000	  38.196	  80.000	  46.312	  57.000	  65.000	ComD1	R	2	50	3	422
2156	4	19	46.740	  77.000	  59.000	  61.000	  64.268	  56.000	SimA2	R	3	49	2	753
2156	4	20	47.685	  73.000	  59.000	  59.000	  62.161	  56.000	SimA2	R	3	49	2	1062
2156	4	21	96.000	  38.594	  82.000	  45.183	  57.000	  65.000	ComD1	R	2	50	3	479
2156	4	22	60.000	  61.000	  58.000	  55.155	  61.000	  52.393	Fill3	R	2	49	1	1175
2156	4	23	40.667	  93.000	  37.667	  86.310	  42.667	  76.430	Fill5	R	1	51	3	690
2156	4	24	49.000	  80.000	  81.000	  48.395	  81.000	  39.395	AttR2	R	3	50	1	482
2156	4	25	82.000	  45.976	  58.000	  65.000	  43.333	  87.000	ComD2	R	4	51	2	795
2156	4	26	92.000	  39.783	  91.000	  35.736	  95.000	  33.453	Fill1	R	1	49	1	758
2156	4	27	47.987	  75.000	  61.000	  59.000	  44.987	  80.001	SimA1	R	4	50	1	913
2156	4	28	48.000	  82.000	  84.000	  46.857	  41.000	  82.000	AttR1	R	5	51	1	1039
2156	4	29	48.961	  76.000	  61.000	  61.000	  66.446	  56.000	SimA2	R	5	49	2	862
2156	4	30	90.000	  38.678	  87.000	  35.092	  91.000	  33.626	Fill1	R	6	50	2	799
2156	4	31	40.667	  90.000	  39.667	  78.782	  42.667	  73.711	Fill5	R	5	51	1	690
2156	4	32	47.685	  73.000	  59.000	  59.000	  44.685	  77.901	SimA1	R	3	49	2	920
2156	4	33	96.000	  38.594	  80.000	  46.312	  57.000	  65.000	ComD1	R	4	49	3	695
2156	4	34	49.000	  80.000	  80.000	  49.000	  80.000	  42.000	AttR2	R	5	51	1	638
2156	4	35	76.000	  48.158	  73.000	  44.205	  77.000	  41.714	Fill2	R	3	50	1	694
2156	4	36	49.000	  80.000	  81.000	  48.395	  41.000	  80.000	AttR1	R	2	49	1	590
2156	4	37	93.000	  40.667	  91.000	  36.725	  96.000	  34.562	Fill1	R	5	51	1	632
2156	4	38	47.838	  74.000	  60.000	  59.000	  65.556	  54.000	SimA2	R	3	50	1	568
2156	4	39	94.000	  38.809	  80.000	  45.600	  57.000	  64.000	ComD1	R	4	49	3	579
2156	4	40	40.220	  91.000	  37.220	  84.632	  41.220	  76.517	Fill5	R	5	51	1	550
2156	4	41	46.413	  75.000	  59.000	  59.000	  64.463	  54.000	SimA2	R	4	50	1	500
2156	4	42	82.000	  47.488	  59.000	  66.000	  44.759	  87.000	ComD2	R	5	49	2	609
2156	4	43	50.833	  72.000	  48.833	  65.283	  52.833	  61.174	Fill4	R	3	50	1	532
2156	4	44	96.000	  39.875	  82.000	  46.683	  58.000	  66.000	ComD1	R	5	50	3	561
2156	4	45	49.613	  75.000	  61.000	  61.000	  46.613	  79.827	SimA1	R	4	49	3	622
2156	4	46	82.000	  46.683	  58.000	  66.000	  44.000	  87.000	ComD2	R	3	49	2	841
2156	4	47	61.000	  60.000	  60.000	  53.317	  64.000	  49.797	Fill3	R	2	51	2	873
2156	4	48	97.000	  38.866	  82.000	  45.976	  58.000	  65.000	ComD1	R	4	49	3	1577
2156	4	49	48.000	  81.000	  81.000	  48.000	  81.000	  39.000	AttR2	R	4	50	1	1180
2156	4	50	76.000	  49.763	  74.000	  45.257	  77.000	  43.208	Fill2	R	2	49	1	1198
2156	4	51	49.613	  75.000	  61.000	  61.000	  64.155	  58.000	SimA2	R	3	50	1	841
2156	4	52	80.000	  46.312	  57.000	  65.000	  43.588	  85.000	ComD2	R	4	51	2	1178
2156	4	53	46.413	  75.000	  59.000	  59.000	  41.413	  84.055	SimA1	R	5	49	2	876
2156	4	54	49.000	  80.000	  81.000	  48.395	  42.000	  80.000	AttR1	R	5	51	1	692
2156	4	55	60.000	  59.000	  58.000	  53.362	  63.000	  49.429	Fill3	R	1	49	1	604
2156	4	56	47.200	  75.000	  59.000	  60.000	  43.200	  81.944	SimA1	R	2	51	2	974
2156	4	57	48.595	  74.000	  62.000	  58.000	  45.595	  78.869	SimA1	R	4	50	1	721
2156	4	58	49.000	  80.000	  80.000	  49.000	  41.000	  80.000	AttR1	R	3	50	1	543
2156	4	59	81.000	  48.148	  60.000	  65.000	  43.820	  89.000	ComD2	R	4	51	2	725
2156	4	60	39.557	  88.000	  38.557	  76.044	  41.557	  71.589	Fill5	R	5	51	1	633
2156	4	61	50.000	  81.000	  80.000	  50.625	  42.000	  81.000	AttR1	R	1	49	1	561
2156	4	62	97.000	  38.268	  80.000	  46.400	  58.000	  64.000	ComD1	R	4	49	3	589
2156	4	63	48.158	  76.000	  60.000	  61.000	  44.158	  82.884	SimA1	R	3	51	3	544
2156	4	64	52.000	  81.000	  81.000	  52.000	  81.000	  43.000	AttR2	R	4	50	1	422
2156	4	65	49.000	  80.000	  81.000	  48.395	  81.000	  40.395	AttR2	R	5	49	2	776
2156	4	66	80.000	  46.400	  58.000	  64.000	  43.163	  86.000	ComD2	R	6	50	2	492
2156	4	67	50.000	  79.000	  80.000	  49.375	  43.000	  79.000	AttR1	R	2	49	1	612
2156	4	68	48.961	  76.000	  61.000	  61.000	  45.961	  80.961	SimA1	R	6	50	2	455
2156	4	69	51.000	  83.000	  82.000	  51.622	  43.000	  83.000	AttR1	R	2	51	2	542
2156	4	70	82.000	  45.183	  57.000	  65.000	  43.588	  85.000	ComD2	R	3	49	2	1180
2156	4	71	50.000	  79.000	  80.000	  49.375	  80.000	  41.375	AttR2	R	5	51	1	726
2156	4	72	97.000	  40.144	  82.000	  47.488	  59.000	  66.000	ComD1	R	3	51	3	1396
2156	4	73	46.740	  77.000	  59.000	  61.000	  41.740	  86.224	SimA1	R	3	51	3	759
2156	4	74	39.783	  92.000	  36.783	  85.611	  40.783	  76.528	Fill5	R	5	50	3	613
2156	4	75	51.000	  80.000	  78.000	  52.308	  42.000	  80.000	AttR1	R	5	51	1	1111
2156	4	76	80.000	  45.600	  57.000	  64.000	  42.918	  85.000	ComD2	R	6	50	2	900
2156	4	77	93.000	  38.065	  91.000	  34.242	  96.000	  31.958	Fill1	R	5	49	2	1490
2156	4	78	76.000	  46.579	  75.000	  41.733	  78.000	  40.192	Fill2	R	4	50	1	672
2156	4	79	96.000	  40.625	  81.000	  48.148	  60.000	  65.000	ComD1	R	2	50	3	554
2156	4	80	91.000	  40.220	  88.000	  35.920	  92.000	  35.315	Fill1	R	6	51	1	1198
2156	4	81	50.000	  81.000	  80.000	  50.625	  80.000	  42.625	AttR2	R	3	49	2	914
2156	4	82	51.000	  80.000	  78.000	  52.308	  78.000	  43.308	AttR2	R	4	50	1	1118
2156	4	83	51.108	  74.000	  49.108	  68.848	  52.108	  64.232	Fill4	R	6	51	1	797
2156	4	84	47.200	  75.000	  59.000	  60.000	  63.214	  56.000	SimA2	R	4	50	1	662
2156	4	85	95.000	  39.684	  80.000	  47.125	  58.000	  65.000	ComD1	R	1	51	3	911
2156	4	86	47.838	  74.000	  60.000	  59.000	  42.838	  82.637	SimA1	R	5	51	1	916
2156	4	87	48.000	  81.000	  81.000	  48.000	  41.000	  81.000	AttR1	R	2	49	1	673
2156	4	88	73.000	  47.685	  72.000	  42.264	  74.000	  40.581	Fill2	R	5	51	1	849
2156	4	89	52.000	  81.000	  81.000	  52.000	  44.000	  81.000	AttR1	R	5	51	1	873
2156	4	90	48.595	  74.000	  62.000	  58.000	  66.593	  54.000	SimA2	R	4	50	1	744
2156	5	1	46.877	  73.000	  58.000	  59.000	  41.877	  81.716	SimA1	R	3	50	1	989
2156	5	2	76.000	  47.355	  74.000	  43.189	  78.000	  40.795	Fill2	R	3	50	1	970
2156	5	3	80.000	  45.600	  57.000	  64.000	  42.419	  86.000	ComD2	R	3	49	2	1004
2156	5	4	88.000	  38.864	  86.000	  34.512	  90.000	  33.178	Fill1	R	2	49	1	622
2156	5	5	96.000	  38.667	  80.000	  46.400	  58.000	  64.000	ComD1	R	5	50	3	714
2156	5	6	52.159	  69.000	  50.159	  63.637	  54.159	  58.863	Fill4	R	5	51	1	662
2156	5	7	57.000	  60.000	  55.000	  54.145	  60.000	  50.067	Fill3	R	4	50	1	638
2156	5	8	47.838	  74.000	  60.000	  59.000	  64.364	  55.000	SimA2	R	5	49	2	622
2156	5	9	92.000	  39.120	  89.000	  35.787	  95.000	  32.758	Fill1	R	5	51	1	961
2156	5	10	51.000	  81.000	  80.000	  51.638	  80.000	  44.638	AttR2	R	6	50	2	726
2156	5	11	99.000	  38.667	  83.000	  46.120	  58.000	  66.000	ComD1	R	1	51	3	867
2156	5	12	53.014	  69.000	  52.014	  61.906	  55.014	  58.366	Fill4	R	4	50	1	572
2156	5	13	51.000	  82.000	  82.000	  51.000	  82.000	  42.000	AttR2	R	4	50	1	507
2156	5	14	54.000	  82.000	  80.000	  55.350	  80.000	  46.350	AttR2	R	4	50	1	540
2156	5	15	99.000	  38.000	  83.000	  45.325	  57.000	  66.000	ComD1	R	5	50	3	633
2156	5	16	82.000	  47.488	  59.000	  66.000	  45.279	  86.000	ComD2	R	5	49	2	569
2156	5	17	51.000	  82.000	  82.000	  51.000	  42.000	  82.000	AttR1	R	5	49	2	1123
2156	5	18	50.000	  80.000	  80.000	  50.000	  42.000	  80.000	AttR1	R	2	49	1	560
2156	5	19	48.800	  75.000	  60.000	  61.000	  43.800	  83.562	SimA1	R	2	51	2	686
2156	5	20	41.568	  88.000	  40.568	  77.401	  43.568	  71.750	Fill5	R	1	51	3	733
2156	5	21	40.667	  90.000	  38.667	  80.534	  41.667	  75.816	Fill5	R	3	50	1	548
2156	5	22	50.110	  73.000	  62.000	  59.000	  65.321	  56.000	SimA2	R	2	50	3	497
2156	5	23	51.000	  81.000	  80.000	  51.638	  42.000	  81.000	AttR1	R	3	50	1	513
2156	5	24	48.800	  75.000	  61.000	  60.000	  66.545	  55.000	SimA2	R	2	50	3	566
2156	5	25	46.413	  75.000	  59.000	  59.000	  62.161	  56.000	SimA2	R	4	50	1	681
2156	5	26	91.000	  39.560	  88.000	  35.784	  94.000	  33.457	Fill1	R	4	50	1	593
2156	5	27	50.000	  78.000	  79.000	  49.367	  43.000	  78.000	AttR1	R	3	50	1	548
2156	5	28	60.000	  60.000	  59.000	  53.220	  61.000	  51.934	Fill3	R	2	50	3	874
2156	5	29	80.000	  46.400	  58.000	  64.000	  43.163	  86.000	ComD2	R	1	49	1	1170
2156	5	30	51.000	  79.000	  80.000	  50.362	  80.000	  41.362	AttR2	R	4	50	1	518
2156	5	31	59.000	  59.000	  57.000	  53.754	  61.000	  49.180	Fill3	R	4	50	1	465
2156	5	32	81.000	  46.543	  58.000	  65.000	  44.353	  85.000	ComD2	R	4	50	1	377
2156	5	33	97.000	  37.608	  80.000	  45.600	  57.000	  64.000	ComD1	R	5	50	3	508
2156	5	34	97.000	  40.144	  82.000	  47.488	  59.000	  66.000	ComD1	R	2	49	1	449
2156	5	35	54.000	  82.000	  80.000	  55.350	  47.000	  82.000	AttR1	R	4	51	2	865
2156	5	36	47.532	  77.000	  60.000	  61.000	  63.103	  58.000	SimA2	R	2	50	3	489
2156	5	37	50.110	  73.000	  62.000	  59.000	  46.110	  79.333	SimA1	R	4	49	3	1234
2156	5	38	74.000	  47.041	  73.000	  42.205	  76.000	  40.224	Fill2	R	2	49	1	730
2156	5	39	48.158	  76.000	  61.000	  60.000	  64.211	  57.000	SimA2	R	2	50	3	847
2156	5	40	48.158	  76.000	  61.000	  60.000	  45.158	  81.049	SimA1	R	4	51	2	1183
2156	5	41	97.000	  40.144	  81.000	  48.074	  59.000	  66.000	ComD1	R	3	51	3	593
2156	5	42	49.000	  80.000	  79.000	  49.620	  79.000	  42.620	AttR2	R	2	50	3	580
2156	5	43	46.413	  75.000	  59.000	  59.000	  42.413	  82.073	SimA1	R	1	49	1	1302
2156	5	44	40.438	  89.000	  38.438	  80.155	  42.438	  72.105	Fill5	R	4	49	3	1148
2156	5	45	50.000	  79.000	  80.000	  49.375	  41.000	  79.000	AttR1	R	2	49	1	840
2156	5	46	49.000	  80.000	  79.000	  49.620	  42.000	  80.000	AttR1	R	3	50	1	969
2156	5	47	50.000	  80.000	  80.000	  50.000	  80.000	  41.000	AttR2	R	5	51	1	708
2156	5	48	82.000	  45.183	  57.000	  65.000	  44.107	  84.000	ComD2	R	5	49	2	937
2156	5	49	47.200	  75.000	  60.000	  59.000	  65.556	  54.000	SimA2	R	3	49	2	982
2156	5	50	98.000	  38.469	  80.000	  47.125	  58.000	  65.000	ComD1	R	2	50	3	817
2156	5	51	47.200	  75.000	  60.000	  59.000	  44.200	  80.090	SimA1	R	2	51	2	716
2156	5	52	62.000	  59.000	  61.000	  51.885	  64.000	  50.500	Fill3	R	5	51	1	825
2156	5	53	93.000	  39.333	  91.000	  34.879	  95.000	  34.168	Fill1	R	4	50	1	708
2156	5	54	40.449	  89.000	  37.449	  82.511	  42.449	  72.557	Fill5	R	4	50	1	761
2156	5	55	47.838	  74.000	  60.000	  59.000	  43.838	  80.752	SimA1	R	2	49	1	1063
2156	5	56	50.000	  78.000	  79.000	  49.367	  79.000	  41.367	AttR2	R	2	49	1	742
2156	5	57	50.077	  78.000	  62.000	  63.000	  47.077	  82.971	SimA1	R	5	49	2	668
2156	5	58	80.000	  47.125	  58.000	  65.000	  43.333	  87.000	ComD2	R	3	50	1	500
2156	5	59	94.000	  38.936	  91.000	  35.670	  97.000	  32.701	Fill1	R	6	50	2	865
2156	5	60	61.000	  59.000	  59.000	  52.644	  64.000	  48.797	Fill3	R	3	51	3	1258
2156	5	61	51.000	  79.000	  80.000	  50.362	  42.000	  79.000	AttR1	R	5	51	1	825
2156	5	62	50.000	  72.000	  48.000	  65.875	  51.000	  60.863	Fill4	R	4	50	1	1067
2156	5	63	50.000	  81.000	  83.000	  48.795	  43.000	  81.000	AttR1	R	2	49	1	667
2156	5	64	50.000	  81.000	  83.000	  48.795	  83.000	  40.795	AttR2	R	3	49	2	725
2156	5	65	71.000	  48.169	  70.000	  42.700	  74.000	  39.554	Fill2	R	5	50	3	913
2156	5	66	75.000	  48.000	  74.000	  43.189	  76.000	  41.303	Fill2	R	1	49	1	1255
2156	5	67	96.000	  39.271	  81.000	  46.543	  58.000	  65.000	ComD1	R	1	51	3	895
2156	5	68	46.877	  73.000	  58.000	  59.000	  61.107	  56.000	SimA2	R	2	50	3	1182
2156	5	69	83.000	  46.120	  58.000	  66.000	  44.512	  86.000	ComD2	R	1	50	2	624
2156	5	70	50.833	  72.000	  47.833	  67.296	  51.833	  61.621	Fill4	R	6	51	1	772
2156	5	71	76.000	  48.158	  73.000	  44.178	  79.000	  41.076	Fill2	R	1	49	1	750
2156	5	72	38.000	  90.000	  35.000	  82.571	  39.000	  74.718	Fill5	R	4	51	2	731
2156	5	73	50.000	  79.000	  80.000	  49.375	  80.000	  40.375	AttR2	R	4	50	1	345
2156	5	74	96.000	  39.188	  82.000	  45.878	  57.000	  66.000	ComD1	R	3	49	2	559
2156	5	75	48.800	  75.000	  61.000	  60.000	  45.800	  79.913	SimA1	R	1	50	2	412
2156	5	76	83.000	  45.325	  57.000	  66.000	  44.786	  84.000	ComD2	R	6	49	3	359
2156	5	77	77.000	  47.506	  75.000	  42.907	  80.000	  40.487	Fill2	R	2	49	1	589
2156	5	78	61.000	  60.000	  58.000	  55.483	  64.000	  49.875	Fill3	R	6	51	1	870
2156	5	79	82.000	  45.878	  57.000	  66.000	  44.786	  84.000	ComD2	R	1	49	1	542
2156	5	80	50.077	  78.000	  62.000	  63.000	  67.345	  58.000	SimA2	R	3	50	1	460
2156	5	81	50.000	  82.000	  84.000	  48.810	  84.000	  39.810	AttR2	R	4	50	1	583
2156	5	82	91.000	  38.253	  88.000	  34.432	  92.000	  32.804	Fill1	R	6	51	1	614
2156	5	83	39.112	  89.000	  38.112	  77.088	  41.112	  72.338	Fill5	R	5	51	1	1122
2156	5	84	50.000	  82.000	  84.000	  48.810	  41.000	  82.000	AttR1	R	3	49	2	607
2156	5	85	81.000	  48.074	  59.000	  66.000	  45.279	  86.000	ComD2	R	3	49	2	793
2156	5	86	97.000	  38.196	  82.000	  45.183	  57.000	  65.000	ComD1	R	5	50	3	548
2156	5	87	47.532	  77.000	  60.000	  61.000	  44.532	  82.187	SimA1	R	3	49	2	969
2156	5	88	49.028	  71.000	  46.028	  65.373	  50.028	  61.325	Fill4	R	6	51	1	741
2156	5	89	48.800	  75.000	  60.000	  61.000	  63.103	  58.000	SimA2	R	2	49	1	681
2156	5	90	48.169	  71.000	  47.169	  62.520	  49.169	  59.651	Fill4	R	3	49	2	970
2156	6	1	92.000	  38.457	  90.000	  33.822	  95.000	  33.000	Fill1	R	1	49	1	1541
2156	6	2	76.000	  48.158	  75.000	  43.413	  78.000	  40.654	Fill2	R	4	50	1	465
2156	6	3	60.000	  60.000	  58.000	  55.052	  61.000	  51.951	Fill3	R	1	49	1	889
2156	6	4	95.000	  39.000	  81.000	  45.741	  57.000	  65.000	ComD1	R	4	50	1	1017
2156	6	5	48.158	  76.000	  61.000	  60.000	  45.158	  81.049	SimA1	R	4	50	1	556
2156	6	6	48.649	  74.000	  60.000	  60.000	  64.286	  56.000	SimA2	R	2	50	3	457
2156	6	7	47.368	  76.000	  60.000	  60.000	  43.368	  83.010	SimA1	R	4	51	2	986
2156	6	8	51.000	  79.000	  79.000	  51.000	  43.000	  79.000	AttR1	R	6	50	2	460
2156	6	9	81.000	  45.741	  57.000	  65.000	  43.081	  86.000	ComD2	R	3	49	2	652
2156	6	10	39.775	  89.000	  37.775	  79.655	  41.775	  72.579	Fill5	R	4	50	1	572
2156	6	11	96.000	  39.271	  82.000	  45.976	  58.000	  65.000	ComD1	R	4	50	1	711
2156	6	12	49.000	  80.000	  78.000	  50.256	  42.000	  80.000	AttR1	R	2	49	1	541
2156	6	13	52.000	  79.000	  78.000	  52.667	  78.000	  43.667	AttR2	R	6	51	1	850
2156	6	14	75.000	  47.200	  74.000	  41.743	  78.000	  40.231	Fill2	R	5	49	2	682
2156	6	15	97.000	  39.536	  82.000	  46.768	  59.000	  65.000	ComD1	R	3	49	2	554
2156	6	16	47.671	  73.000	  60.000	  58.000	  63.273	  55.000	SimA2	R	5	50	3	447
2156	6	17	82.000	  46.768	  59.000	  65.000	  44.593	  86.000	ComD2	R	3	50	1	471
2156	6	18	49.000	  80.000	  78.000	  50.256	  78.000	  41.256	AttR2	R	4	51	2	974
2156	6	19	50.000	  80.000	  82.000	  48.780	  41.000	  80.000	AttR1	R	2	49	1	618
2156	6	20	47.838	  74.000	  59.000	  60.000	  63.214	  56.000	SimA2	R	2	49	1	525
2156	6	21	59.000	  60.000	  58.000	  53.810	  60.000	  51.067	Fill3	R	4	50	1	473
2156	6	22	48.961	  76.000	  61.000	  61.000	  45.961	  80.961	SimA1	R	3	51	3	793
2156	6	23	50.571	  70.000	  47.571	  64.724	  52.571	  58.054	Fill4	R	6	50	2	628
2156	6	24	50.000	  80.000	  82.000	  48.780	  82.000	  39.780	AttR2	R	4	49	3	574
2156	6	25	47.671	  73.000	  60.000	  58.000	  44.671	  77.902	SimA1	R	3	49	2	1729
2156	6	26	47.368	  76.000	  60.000	  60.000	  42.368	  84.969	SimA1	R	2	49	1	989
2156	6	27	46.740	  77.000	  59.000	  61.000	  64.268	  56.000	SimA2	R	3	50	1	609
2156	6	28	62.000	  61.000	  60.000	  56.067	  64.000	  52.609	Fill3	R	1	49	1	732
2156	6	29	49.000	  81.000	  79.000	  50.241	  40.000	  81.000	AttR1	R	5	51	1	873
2156	6	30	59.000	  60.000	  56.000	  54.893	  60.000	  51.300	Fill3	R	4	49	3	737
2156	6	31	98.000	  38.388	  81.000	  46.444	  57.000	  66.000	ComD1	R	5	50	3	398
2156	6	32	39.333	  90.000	  38.333	  78.496	  40.333	  75.099	Fill5	R	4	50	1	1929
2156	6	33	48.635	  74.000	  61.000	  59.000	  66.648	  54.000	SimA2	R	4	49	3	678
2156	6	34	91.000	  38.901	  88.000	  34.659	  92.000	  33.804	Fill1	R	4	50	1	518
2156	6	35	76.000	  47.368	  73.000	  42.616	  79.000	  40.405	Fill2	R	5	51	1	1100
2156	6	36	96.000	  39.948	  82.000	  46.768	  59.000	  65.000	ComD1	R	2	50	3	553
2156	6	37	47.368	  76.000	  60.000	  60.000	  64.286	  56.000	SimA2	R	2	50	3	463
2156	6	38	82.000	  45.183	  57.000	  65.000	  43.081	  86.000	ComD2	R	4	49	3	670
2156	6	39	50.000	  82.000	  82.000	  50.000	  43.000	  82.000	AttR1	R	3	50	1	838
2156	6	40	84.000	  46.262	  58.000	  67.000	  45.186	  86.000	ComD2	R	5	50	3	526
2156	6	41	82.000	  46.768	  59.000	  65.000	  44.593	  86.000	ComD2	R	4	49	3	756
2156	6	42	40.000	  90.000	  38.000	  81.263	  42.000	  73.357	Fill5	R	5	51	1	554
2156	6	43	75.000	  47.173	  73.000	  42.397	  76.000	  40.513	Fill2	R	5	50	3	415
2156	6	44	49.000	  81.000	  79.000	  50.241	  79.000	  41.241	AttR2	R	4	50	1	402
2156	6	45	49.000	  81.000	  79.000	  50.241	  41.000	  81.000	AttR1	R	4	49	3	572
2156	6	46	60.000	  61.000	  59.000	  53.729	  62.000	  51.032	Fill3	R	2	50	3	455
2156	6	47	48.158	  76.000	  61.000	  60.000	  65.357	  56.000	SimA2	R	1	51	3	543
2156	6	48	47.838	  74.000	  59.000	  60.000	  44.838	  78.951	SimA1	R	4	49	3	549
2156	6	49	97.000	  39.536	  80.000	  47.938	  59.000	  65.000	ComD1	R	2	51	2	1385
2156	6	50	40.205	  88.000	  38.205	  78.839	  42.205	  71.082	Fill5	R	5	50	3	1300
2156	6	51	50.000	  82.000	  84.000	  48.810	  84.000	  40.810	AttR2	R	1	51	3	592
2156	6	52	49.000	  81.000	  79.000	  50.241	  79.000	  43.241	AttR2	R	5	49	2	1204
2156	6	53	99.000	  39.253	  83.000	  46.819	  58.000	  67.000	ComD1	R	5	49	2	1438
2156	6	54	73.000	  48.493	  72.000	  42.306	  75.000	  41.707	Fill2	R	2	49	1	1006
2156	6	55	76.000	  49.763	  75.000	  43.907	  78.000	  43.141	Fill2	R	5	51	1	1169
2156	6	56	49.000	  80.000	  81.000	  48.395	  81.000	  39.395	AttR2	R	6	50	2	525
2156	6	57	81.000	  46.444	  57.000	  66.000	  43.744	  86.000	ComD2	R	5	49	2	2089
2156	6	58	50.000	  72.000	  48.000	  65.083	  51.000	  61.843	Fill4	R	6	50	2	545
2156	6	59	48.000	  79.000	  79.000	  48.000	  79.000	  41.000	AttR2	R	4	50	1	1086
2156	6	60	48.961	  76.000	  61.000	  61.000	  66.446	  56.000	SimA2	R	3	49	2	1086
2156	6	61	46.740	  77.000	  59.000	  61.000	  43.740	  82.281	SimA1	R	2	49	1	1430
2156	6	62	100.000	  38.860	  84.000	  46.262	  58.000	  67.000	ComD1	R	4	51	2	1754
2156	6	63	49.000	  80.000	  81.000	  48.395	  42.000	  80.000	AttR1	R	6	50	2	703
2156	6	64	48.649	  74.000	  60.000	  60.000	  43.649	  82.477	SimA1	R	1	49	1	797
2156	6	65	91.000	  39.560	  89.000	  34.865	  93.000	  33.409	Fill1	R	1	49	1	791
2156	6	66	61.000	  58.000	  58.000	  52.569	  64.000	  48.266	Fill3	R	5	51	1	922
2156	6	67	50.833	  72.000	  48.833	  66.307	  51.833	  62.605	Fill4	R	1	49	1	791
2156	6	68	50.571	  70.000	  47.571	  64.345	  51.571	  59.413	Fill4	R	3	50	1	530
2156	6	69	51.000	  79.000	  79.000	  51.000	  79.000	  42.000	AttR2	R	6	50	2	3790
2156	6	70	83.000	  46.819	  58.000	  67.000	  45.186	  86.000	ComD2	R	3	49	2	649
2156	6	71	80.000	  47.938	  59.000	  65.000	  43.580	  88.000	ComD2	R	4	49	3	729
2156	6	72	50.000	  82.000	  82.000	  50.000	  82.000	  42.000	AttR2	R	4	50	1	742
2156	6	73	48.000	  79.000	  79.000	  48.000	  40.000	  79.000	AttR1	R	1	49	1	548
2156	6	74	47.368	  76.000	  60.000	  60.000	  63.158	  57.000	SimA2	R	5	51	1	721
2156	6	75	52.029	  68.000	  50.029	  62.543	  54.029	  57.302	Fill4	R	3	50	1	455
2156	6	76	48.000	  75.000	  60.000	  60.000	  43.000	  83.721	SimA1	R	4	49	3	671
2156	6	77	52.528	  72.000	  51.528	  63.771	  54.528	  60.868	Fill4	R	2	49	1	695
2156	6	78	50.000	  82.000	  84.000	  48.810	  43.000	  82.000	AttR1	R	2	49	1	614
2156	6	79	91.000	  40.220	  89.000	  36.618	  93.000	  34.054	Fill1	R	6	50	2	729
2156	6	80	96.000	  39.948	  80.000	  47.938	  59.000	  65.000	ComD1	R	2	50	3	718
2156	6	81	48.635	  74.000	  61.000	  59.000	  43.635	  82.479	SimA1	R	1	50	2	764
2156	6	82	82.000	  45.976	  58.000	  65.000	  43.837	  86.000	ComD2	R	5	50	3	849
2156	6	83	41.109	  92.000	  38.109	  85.335	  43.109	  75.832	Fill5	R	4	50	1	1113
2156	6	84	97.000	  38.196	  82.000	  45.183	  57.000	  65.000	ComD1	R	6	49	3	807
2156	6	85	80.000	  47.938	  59.000	  65.000	  44.593	  86.000	ComD2	R	4	49	3	746
2156	6	86	95.000	  39.811	  94.000	  35.894	  98.000	  33.837	Fill1	R	2	51	2	1278
2156	6	87	39.783	  92.000	  38.783	  80.577	  40.783	  76.650	Fill5	R	2	49	1	1031
2156	6	88	91.000	  38.901	  89.000	  35.112	  92.000	  33.489	Fill1	R	2	49	1	1761
2156	6	89	52.000	  79.000	  78.000	  52.667	  45.000	  79.000	AttR1	R	5	49	2	1663
2156	6	90	48.000	  75.000	  60.000	  60.000	  63.158	  57.000	SimA2	R	2	50	3	1343
2156	7	1	61.000	  63.000	  59.000	  58.051	  63.000	  54.286	Fill3	R	6	51	1	2637
2156	7	2	51.000	  82.000	  83.000	  50.386	  43.000	  82.000	AttR1	R	5	51	1	1038
2156	7	3	49.000	  83.000	  85.000	  47.847	  41.000	  83.000	AttR1	R	6	50	2	582
2156	7	4	52.000	  80.000	  78.000	  53.333	  78.000	  45.333	AttR2	R	2	49	1	515
2156	7	5	74.000	  49.459	  72.000	  45.139	  75.000	  43.373	Fill2	R	2	49	1	494
2156	7	6	82.000	  48.354	  61.000	  65.000	  44.551	  89.000	ComD2	R	6	50	2	2094
2156	7	7	48.000	  75.000	  60.000	  60.000	  44.000	  81.818	SimA1	R	1	50	2	558
2156	7	8	51.304	  69.000	  49.304	  63.179	  52.304	  58.714	Fill4	R	5	51	1	1245
2156	7	9	47.200	  75.000	  59.000	  60.000	  63.214	  56.000	SimA2	R	1	49	1	669
2156	7	10	48.800	  75.000	  60.000	  61.000	  44.800	  81.696	SimA1	R	5	50	3	1492
2156	7	11	50.000	  72.000	  49.000	  65.020	  51.000	  61.725	Fill4	R	3	50	1	524
2156	7	12	76.000	  49.763	  75.000	  44.573	  77.000	  42.675	Fill2	R	3	50	1	482
2156	7	13	91.000	  38.901	  89.000	  34.944	  93.000	  33.699	Fill1	R	5	51	1	849
2156	7	14	60.000	  59.000	  57.000	  54.491	  61.000	  50.967	Fill3	R	5	51	1	1266
2156	7	15	48.000	  75.000	  60.000	  60.000	  65.455	  55.000	SimA2	R	2	49	1	690
2156	7	16	80.000	  46.400	  58.000	  64.000	  42.667	  87.000	ComD2	R	3	49	2	1145
2156	7	17	92.000	  41.109	  90.000	  37.200	  94.000	  35.840	Fill1	R	1	49	1	511
2156	7	18	74.000	  47.838	  71.000	  44.211	  76.000	  40.789	Fill2	R	6	51	1	748
2156	7	19	51.000	  82.000	  80.000	  52.275	  43.000	  82.000	AttR1	R	3	49	2	578
2156	7	20	45.789	  76.000	  58.000	  60.000	  40.789	  85.316	SimA1	R	2	49	1	507
2156	7	21	46.068	  73.000	  59.000	  57.000	  43.068	  78.085	SimA1	R	4	50	1	433
2156	7	22	48.000	  75.000	  60.000	  60.000	  64.286	  56.000	SimA2	R	3	51	3	570
2156	7	23	94.000	  38.809	  80.000	  45.600	  57.000	  64.000	ComD1	R	4	49	3	1228
2156	7	24	95.000	  39.684	  82.000	  45.976	  58.000	  65.000	ComD1	R	3	51	3	894
2156	7	25	50.000	  81.000	  83.000	  48.795	  43.000	  81.000	AttR1	R	5	51	1	726
2156	7	26	99.000	  38.667	  81.000	  47.259	  58.000	  66.000	ComD1	R	3	51	3	588
2156	7	27	77.000	  49.909	  74.000	  46.054	  78.000	  43.449	Fill2	R	4	51	2	631
2156	7	28	46.068	  73.000	  59.000	  57.000	  62.278	  54.000	SimA2	R	3	51	3	618
2156	7	29	47.838	  74.000	  60.000	  59.000	  64.364	  55.000	SimA2	R	5	50	3	429
2156	7	30	51.108	  74.000	  48.108	  68.263	  52.108	  64.424	Fill4	R	3	50	1	534
2156	7	31	76.000	  51.368	  74.000	  46.919	  77.000	  44.403	Fill2	R	3	49	2	628
2156	7	32	51.932	  74.000	  49.932	  68.853	  53.932	  63.802	Fill4	R	5	51	1	735
2156	7	33	49.000	  83.000	  85.000	  47.847	  85.000	  40.847	AttR2	R	2	49	1	956
2156	7	34	49.613	  75.000	  61.000	  61.000	  45.613	  81.577	SimA1	R	3	51	3	705
2156	7	35	49.000	  80.000	  82.000	  47.805	  82.000	  39.805	AttR2	R	3	50	1	582
2156	7	36	51.000	  80.000	  81.000	  50.370	  81.000	  42.370	AttR2	R	6	51	1	626
2156	7	37	82.000	  47.488	  59.000	  66.000	  44.250	  88.000	ComD2	R	2	49	1	604
2156	7	38	47.200	  75.000	  60.000	  59.000	  43.200	  81.944	SimA1	R	2	49	1	934
2156	7	39	81.000	  45.827	  58.000	  64.000	  42.667	  87.000	ComD2	R	5	49	2	1124
2156	7	40	50.000	  81.000	  83.000	  48.795	  83.000	  41.795	AttR2	R	5	51	1	986
2156	7	41	95.000	  41.737	  82.000	  48.354	  61.000	  65.000	ComD1	R	4	49	3	509
2156	7	42	97.000	  37.526	  81.000	  44.938	  56.000	  65.000	ComD1	R	4	49	3	729
2156	7	43	50.137	  73.000	  49.137	  64.982	  51.137	  63.398	Fill4	R	3	50	1	423
2156	7	44	94.000	  41.532	  93.000	  36.903	  95.000	  36.305	Fill1	R	3	50	1	610
2156	7	45	51.000	  80.000	  80.000	  51.000	  80.000	  44.000	AttR2	R	4	50	1	701
2156	7	46	93.000	  41.323	  90.000	  38.033	  95.000	  35.558	Fill1	R	5	51	1	1137
2156	7	47	60.000	  61.000	  58.000	  55.793	  63.000	  51.238	Fill3	R	4	49	3	574
2156	7	48	52.000	  83.000	  83.000	  52.000	  83.000	  44.000	AttR2	R	6	50	2	1873
2156	7	49	52.757	  74.000	  50.757	  68.720	  54.757	  63.335	Fill4	R	4	49	3	697
2156	7	50	51.000	  80.000	  81.000	  50.370	  42.000	  80.000	AttR1	R	3	51	3	569
2156	7	51	47.838	  74.000	  60.000	  59.000	  42.838	  82.637	SimA1	R	3	49	2	540
2156	7	52	49.000	  80.000	  82.000	  47.805	  40.000	  80.000	AttR1	R	1	50	2	641
2156	7	53	52.000	  83.000	  83.000	  52.000	  45.000	  83.000	AttR1	R	5	51	1	609
2156	7	54	47.000	  82.000	  82.000	  47.000	  82.000	  40.000	AttR2	R	4	49	3	604
2156	7	55	92.000	  39.783	  90.000	  35.178	  95.000	  33.326	Fill1	R	5	49	2	638
2156	7	56	60.000	  60.000	  59.000	  52.814	  61.000	  52.115	Fill3	R	6	50	2	438
2156	7	57	47.200	  75.000	  59.000	  60.000	  42.200	  83.886	SimA1	R	4	49	3	886
2156	7	58	81.000	  44.938	  56.000	  65.000	  43.333	  84.000	ComD2	R	6	50	2	502
2156	7	59	39.333	  90.000	  37.333	  80.464	  40.333	  74.802	Fill5	R	1	49	1	844
2156	7	60	95.000	  39.074	  81.000	  45.827	  58.000	  64.000	ComD1	R	4	49	3	1276
2156	7	61	41.532	  94.000	  39.532	  85.501	  42.532	  78.999	Fill5	R	5	51	1	812
2156	7	62	48.000	  75.000	  60.000	  60.000	  43.000	  83.721	SimA1	R	1	50	2	566
2156	7	63	47.200	  75.000	  60.000	  59.000	  65.556	  54.000	SimA2	R	5	50	3	521
2156	7	64	51.000	  82.000	  80.000	  52.275	  80.000	  45.275	AttR2	R	4	51	2	702
2156	7	65	97.000	  40.144	  82.000	  47.488	  59.000	  66.000	ComD1	R	5	49	2	685
2156	7	66	40.000	  90.000	  38.000	  80.658	  42.000	  73.357	Fill5	R	6	51	1	709
2156	7	67	96.000	  38.667	  80.000	  46.400	  58.000	  64.000	ComD1	R	1	50	2	842
2156	7	68	51.000	  80.000	  80.000	  51.000	  42.000	  80.000	AttR1	R	5	49	2	586
2156	7	69	48.800	  75.000	  61.000	  60.000	  45.800	  79.913	SimA1	R	1	50	2	549
2156	7	70	45.789	  76.000	  58.000	  60.000	  62.143	  56.000	SimA2	R	2	50	3	586
2156	7	71	81.000	  47.259	  58.000	  66.000	  44.512	  86.000	ComD2	R	5	49	2	1268
2156	7	72	49.613	  75.000	  61.000	  61.000	  65.281	  57.000	SimA2	R	3	51	3	980
2156	7	73	98.000	  38.469	  81.000	  46.543	  58.000	  65.000	ComD1	R	3	50	1	590
2156	7	74	74.000	  48.649	  73.000	  43.630	  75.000	  41.947	Fill2	R	5	49	2	673
2156	7	75	80.000	  45.600	  57.000	  64.000	  43.429	  84.000	ComD2	R	6	51	1	969
2156	7	76	80.000	  46.400	  58.000	  64.000	  43.163	  86.000	ComD2	R	3	49	2	636
2156	7	77	41.772	  92.000	  38.772	  85.836	  43.772	  75.757	Fill5	R	1	49	1	1076
2156	7	78	61.000	  64.000	  59.000	  57.831	  64.000	  53.922	Fill3	R	5	51	1	972
2156	7	79	47.000	  82.000	  82.000	  47.000	  40.000	  82.000	AttR1	R	4	49	3	1142
2156	7	80	39.783	  92.000	  38.783	  80.964	  41.783	  75.582	Fill5	R	4	50	1	1308
2156	7	81	61.000	  62.000	  60.000	  55.317	  64.000	  52.484	Fill3	R	2	49	1	625
2156	7	82	81.000	  46.543	  58.000	  65.000	  44.353	  85.000	ComD2	R	2	49	1	604
2156	7	83	82.000	  45.976	  58.000	  65.000	  43.333	  87.000	ComD2	R	2	49	1	654
2156	7	84	48.800	  75.000	  60.000	  61.000	  65.357	  56.000	SimA2	R	2	50	3	526
2156	7	85	48.800	  75.000	  61.000	  60.000	  65.357	  56.000	SimA2	R	3	51	3	1044
2156	7	86	97.000	  38.268	  80.000	  46.400	  58.000	  64.000	ComD1	R	3	50	1	508
2156	7	87	52.000	  80.000	  78.000	  53.333	  45.000	  80.000	AttR1	R	3	49	2	602
2156	7	88	41.109	  92.000	  40.109	  80.955	  42.109	  77.442	Fill5	R	2	49	1	772
2156	7	89	92.000	  39.130	  91.000	  34.253	  95.000	  32.811	Fill1	R	2	49	1	1111
2156	7	90	51.000	  82.000	  83.000	  50.386	  83.000	  41.386	AttR2	R	3	49	2	500
2156	8	1	93.000	  38.667	  90.000	  34.778	  94.000	  33.670	Fill1	R	3	50	1	2574
2156	8	2	38.427	  89.000	  36.427	  79.721	  39.427	  73.858	Fill5	R	5	49	2	624
2156	8	3	59.000	  60.000	  56.000	  55.161	  62.000	  49.806	Fill3	R	2	50	3	445
2156	8	4	92.000	  38.478	  89.000	  34.528	  95.000	  32.432	Fill1	R	5	50	3	453
2156	8	5	95.000	  39.000	  80.000	  46.312	  57.000	  65.000	ComD1	R	6	50	2	532
2156	8	6	62.000	  61.000	  59.000	  57.017	  63.000	  53.000	Fill3	R	4	50	1	513
2156	8	7	97.000	  39.464	  82.000	  46.683	  58.000	  66.000	ComD1	R	6	50	2	526
2156	8	8	49.000	  83.000	  81.000	  50.210	  42.000	  83.000	AttR1	R	4	49	3	1252
2156	8	9	50.000	  80.000	  81.000	  49.383	  81.000	  41.383	AttR2	R	5	51	1	1100
2156	8	10	47.027	  74.000	  60.000	  58.000	  63.273	  55.000	SimA2	R	2	50	3	457
2156	8	11	60.000	  59.000	  57.000	  54.439	  62.000	  49.903	Fill3	R	1	49	1	450
2156	8	12	50.000	  79.000	  79.000	  50.000	  79.000	  42.000	AttR2	R	3	49	2	554
2156	8	13	96.000	  39.188	  81.000	  46.444	  57.000	  66.000	ComD1	R	3	50	1	422
2156	8	14	49.763	  76.000	  62.000	  61.000	  66.351	  57.000	SimA2	R	2	49	1	929
2156	8	15	50.000	  79.000	  79.000	  50.000	  43.000	  79.000	AttR1	R	4	50	1	358
2156	8	16	83.000	  47.627	  59.000	  67.000	  44.920	  88.000	ComD2	R	5	50	3	500
2156	8	17	98.000	  38.469	  82.000	  45.976	  58.000	  65.000	ComD1	R	3	50	1	385
2156	8	18	82.000	  46.683	  58.000	  66.000	  45.035	  85.000	ComD2	R	3	50	1	317
2156	8	19	98.000	  37.143	  81.000	  44.938	  56.000	  65.000	ComD1	R	6	50	2	393
2156	8	20	39.333	  90.000	  38.333	  78.861	  41.333	  73.210	Fill5	R	2	49	1	579
2156	8	21	81.000	  46.543	  58.000	  65.000	  44.353	  85.000	ComD2	R	2	50	3	374
2156	8	22	81.000	  46.444	  57.000	  66.000	  43.744	  86.000	ComD2	R	5	51	1	706
2156	8	23	51.549	  71.000	  49.549	  64.703	  53.549	  59.571	Fill4	R	4	49	3	422
2156	8	24	80.000	  46.312	  57.000	  65.000	  43.588	  85.000	ComD2	R	2	50	3	458
2156	8	25	92.000	  39.783	  91.000	  35.044	  93.000	  35.011	Fill1	R	3	50	1	521
2156	8	26	94.000	  40.170	  80.000	  47.200	  59.000	  64.000	ComD1	R	5	51	1	670
2156	8	27	47.692	  78.000	  60.000	  62.000	  44.692	  83.236	SimA1	R	5	49	2	439
2156	8	28	73.000	  48.493	  71.000	  43.817	  74.000	  41.568	Fill2	R	1	50	2	311
2156	8	29	40.864	  88.000	  39.864	  76.436	  41.864	  73.620	Fill5	R	3	50	1	548
2156	8	30	100.000	  39.530	  83.000	  47.627	  59.000	  67.000	ComD1	R	4	50	1	433
2156	8	31	48.000	  82.000	  81.000	  48.593	  39.000	  82.000	AttR1	R	5	49	2	577
2156	8	32	47.000	  80.000	  78.000	  48.205	  78.000	  40.205	AttR2	R	3	49	2	947
2156	8	33	80.000	  47.200	  59.000	  64.000	  43.402	  87.000	ComD2	R	5	49	2	937
2156	8	34	47.041	  74.000	  59.000	  59.000	  44.041	  79.041	SimA1	R	6	49	3	1398
2156	8	35	40.227	  88.000	  38.227	  78.949	  41.227	  73.665	Fill5	R	1	50	2	401
2156	8	36	95.000	  39.811	  94.000	  35.585	  96.000	  34.656	Fill1	R	4	51	2	660
2156	8	37	48.000	  82.000	  81.000	  48.593	  81.000	  39.593	AttR2	R	4	49	3	452
2156	8	38	48.773	  75.000	  62.000	  59.000	  45.773	  79.916	SimA1	R	4	49	3	661
2156	8	39	47.000	  79.000	  79.000	  47.000	  39.000	  79.000	AttR1	R	3	49	2	429
2156	8	40	47.532	  77.000	  60.000	  61.000	  65.357	  56.000	SimA2	R	2	50	3	534
2156	8	41	50.000	  80.000	  82.000	  48.780	  82.000	  40.780	AttR2	R	4	50	1	484
2156	8	42	95.000	  39.684	  81.000	  46.543	  58.000	  65.000	ComD1	R	4	50	1	445
2156	8	43	50.000	  80.000	  82.000	  48.780	  42.000	  80.000	AttR1	R	5	49	2	628
2156	8	44	53.000	  78.000	  79.000	  52.329	  79.000	  45.329	AttR2	R	1	50	2	486
2156	8	45	46.579	  76.000	  59.000	  60.000	  42.579	  83.140	SimA1	R	3	49	2	1038
2156	8	46	48.773	  75.000	  62.000	  59.000	  66.509	  55.000	SimA2	R	2	50	3	598
2156	8	47	49.859	  71.000	  47.859	  64.941	  50.859	  60.422	Fill4	R	5	49	2	745
2156	8	48	41.560	  91.000	  39.560	  82.962	  42.560	  76.409	Fill5	R	3	49	2	839
2156	8	49	92.000	  38.478	  91.000	  34.451	  95.000	  32.232	Fill1	R	3	50	1	926
2156	8	50	78.000	  46.103	  76.000	  41.408	  79.000	  40.291	Fill2	R	4	50	1	429
2156	8	51	76.000	  46.579	  73.000	  42.767	  77.000	  39.844	Fill2	R	1	49	1	590
2156	8	52	47.532	  77.000	  60.000	  61.000	  43.532	  84.075	SimA1	R	1	50	2	625
2156	8	53	81.000	  44.938	  56.000	  65.000	  43.333	  84.000	ComD2	R	6	50	2	581
2156	8	54	82.000	  45.976	  58.000	  65.000	  43.333	  87.000	ComD2	R	2	49	1	494
2156	8	55	60.000	  61.000	  59.000	  54.034	  61.000	  53.016	Fill3	R	3	50	1	967
2156	8	56	40.220	  91.000	  37.220	  84.203	  42.220	  74.183	Fill5	R	2	49	1	585
2156	8	57	81.000	  45.827	  58.000	  64.000	  42.667	  87.000	ComD2	R	4	50	1	533
2156	8	58	81.000	  46.543	  58.000	  65.000	  43.333	  87.000	ComD2	R	5	49	2	441
2156	8	59	46.553	  76.000	  58.000	  61.000	  62.070	  57.000	SimA2	R	5	50	3	592
2156	8	60	50.000	  80.000	  81.000	  49.383	  42.000	  80.000	AttR1	R	3	49	2	468
2156	8	61	94.000	  39.489	  81.000	  45.827	  58.000	  64.000	ComD1	R	4	49	3	412
2156	8	62	47.027	  74.000	  60.000	  58.000	  43.027	  80.879	SimA1	R	4	49	3	846
2156	8	63	49.944	  72.000	  62.000	  58.000	  45.944	  78.268	SimA1	R	5	49	2	494
2156	8	64	49.859	  71.000	  48.859	  63.857	  50.859	  60.461	Fill4	R	5	49	2	494
2156	8	65	76.000	  49.763	  74.000	  45.419	  77.000	  43.000	Fill2	R	3	50	1	454
2156	8	66	52.000	  81.000	  80.000	  52.650	  80.000	  43.650	AttR2	R	4	50	1	366
2156	8	67	47.685	  73.000	  59.000	  59.000	  64.463	  54.000	SimA2	R	5	50	3	373
2156	8	68	50.000	  82.000	  80.000	  51.250	  41.000	  82.000	AttR1	R	2	49	1	620
2156	8	69	90.000	  38.000	  87.000	  34.172	  93.000	  31.462	Fill1	R	4	50	1	535
2156	8	70	49.763	  76.000	  62.000	  61.000	  46.763	  80.876	SimA1	R	4	49	3	460
2156	8	71	47.685	  73.000	  59.000	  59.000	  44.685	  77.901	SimA1	R	5	50	3	708
2156	8	72	53.000	  78.000	  79.000	  52.329	  46.000	  78.000	AttR1	R	4	50	1	481
2156	8	73	97.000	  38.866	  81.000	  46.543	  58.000	  65.000	ComD1	R	1	50	2	354
2156	8	74	46.579	  76.000	  59.000	  60.000	  64.364	  55.000	SimA2	R	2	49	1	574
2156	8	75	49.000	  83.000	  81.000	  50.210	  81.000	  41.210	AttR2	R	4	50	1	754
2156	8	76	57.000	  60.000	  56.000	  52.607	  59.000	  50.576	Fill3	R	4	50	1	638
2156	8	77	47.000	  80.000	  78.000	  48.205	  38.000	  80.000	AttR1	R	4	49	3	1014
2156	8	78	52.116	  69.000	  51.116	  60.901	  53.116	  59.624	Fill4	R	4	50	1	545
2156	8	79	62.000	  58.000	  60.000	  52.017	  63.000	  49.349	Fill3	R	6	50	2	638
2156	8	80	47.000	  79.000	  79.000	  47.000	  79.000	  38.000	AttR2	R	6	50	2	470
2156	8	81	50.000	  82.000	  80.000	  51.250	  80.000	  43.250	AttR2	R	3	49	2	534
2156	8	82	73.000	  46.849	  71.000	  41.775	  74.000	  39.986	Fill2	R	4	49	3	533
2156	8	83	47.041	  74.000	  59.000	  59.000	  64.463	  54.000	SimA2	R	3	49	2	1161
2156	8	84	49.944	  72.000	  62.000	  58.000	  65.382	  55.000	SimA2	R	5	49	2	639
2156	8	85	48.857	  70.000	  47.857	  62.373	  50.857	  58.084	Fill4	R	6	51	1	1446
2156	8	86	52.000	  81.000	  80.000	  52.650	  45.000	  81.000	AttR1	R	6	49	3	3197
2156	8	87	46.553	  76.000	  58.000	  61.000	  43.553	  81.235	SimA1	R	3	50	1	585
2156	8	88	75.000	  48.800	  73.000	  43.342	  76.000	  42.566	Fill2	R	6	49	3	499
2156	8	89	47.692	  78.000	  60.000	  62.000	  65.263	  57.000	SimA2	R	2	50	3	985
2156	8	90	53.268	  71.000	  52.268	  63.060	  54.268	  61.510	Fill4	R	4	49	3	876
