username: S103, Experiment time (minutes): 26
Operating system: Mac OS 10.8.5
Manufacturer: Google Pepper
Player type: PlugIn
Version: MAC 13,0,0,206

username	blkNum	trlNum	Rect1Height	Rect1Width	Rect2Height	Rect2Width	Rect3Height	Rect3Width	Effect	StimType	StimPosition	rawResp	response	RT
8292	0	1	90.000	  38.633	  88.000	  34.398	  91.000	  33.473	Fill1	R	5	51	1	5007
8292	0	2	59.000	  59.000	  58.000	  52.224	  60.000	  49.917	Fill3	R	6	51	1	3820
8292	0	3	77.000	  49.117	  74.000	  44.432	  79.000	  41.734	Fill2	R	2	49	1	3577
8292	1	1	95.000	  39.684	  80.000	  47.125	  58.000	  65.000	ComD1	R	2	50	3	5340
8292	1	2	49.000	  79.000	  81.000	  47.790	  81.000	  39.790	AttR2	R	3	49	2	3036
8292	1	3	96.000	  39.875	  81.000	  47.259	  58.000	  66.000	ComD1	R	3	51	3	1996
8292	1	4	46.000	  80.000	  81.000	  45.432	  81.000	  38.432	AttR2	R	4	50	1	2022
8292	1	5	59.000	  61.000	  56.000	  57.018	  61.000	  51.197	Fill3	R	3	50	1	2513
8292	1	6	95.000	  38.400	  79.000	  46.177	  57.000	  64.000	ComD1	R	2	49	1	3086
8292	1	7	50.000	  80.000	  78.000	  51.282	  78.000	  44.282	AttR2	R	4	50	1	2495
8292	1	8	97.000	  38.866	  81.000	  46.543	  58.000	  65.000	ComD1	R	4	50	1	3407
8292	1	9	61.000	  60.000	  59.000	  54.915	  62.000	  52.242	Fill3	R	4	50	1	4362
8292	1	10	59.000	  58.000	  56.000	  52.964	  60.000	  50.367	Fill3	R	2	49	1	2520
8292	1	11	50.000	  81.000	  82.000	  49.390	  42.000	  81.000	AttR1	R	5	51	1	2709
8292	1	12	47.838	  74.000	  59.000	  60.000	  64.364	  55.000	SimA2	R	2	51	2	2889
8292	1	13	82.000	  47.561	  60.000	  65.000	  44.318	  88.000	ComD2	R	3	49	2	1359
8292	1	14	78.000	  46.897	  76.000	  42.000	  80.000	  39.587	Fill2	R	5	51	1	1959
8292	1	15	49.714	  70.000	  47.714	  63.419	  50.714	  60.042	Fill4	R	4	50	1	1997
8292	1	16	53.000	  80.000	  81.000	  52.346	  45.000	  80.000	AttR1	R	2	49	1	1703
8292	1	17	62.000	  59.000	  60.000	  52.850	  63.000	  50.381	Fill3	R	3	50	1	1101
8292	1	18	45.627	  75.000	  58.000	  59.000	  61.107	  56.000	SimA2	R	3	49	2	1626
8292	1	19	50.000	  80.000	  80.000	  50.000	  80.000	  42.000	AttR2	R	5	51	1	1317
8292	1	20	75.000	  46.400	  74.000	  40.986	  76.000	  40.487	Fill2	R	4	50	1	1050
8292	1	21	53.014	  69.000	  50.014	  65.041	  54.014	  58.632	Fill4	R	4	50	1	2690
8292	1	22	52.000	  79.000	  77.000	  53.351	  77.000	  45.351	AttR2	R	1	49	1	1114
8292	1	23	49.000	  82.000	  84.000	  47.833	  40.000	  82.000	AttR1	R	6	51	1	1279
8292	1	24	50.833	  72.000	  48.833	  64.853	  51.833	  62.045	Fill4	R	5	51	1	1790
8292	1	25	81.000	  47.259	  58.000	  66.000	  44.512	  86.000	ComD2	R	4	51	2	1930
8292	1	26	47.838	  74.000	  59.000	  60.000	  43.838	  80.752	SimA1	R	1	49	1	4239
8292	1	27	49.000	  80.000	  81.000	  48.395	  81.000	  41.395	AttR2	R	4	50	1	1759
8292	1	28	60.000	  58.000	  58.000	  52.103	  63.000	  47.810	Fill3	R	2	49	1	1076
8292	1	29	49.000	  80.000	  81.000	  48.395	  42.000	  80.000	AttR1	R	5	49	2	1669
8292	1	30	48.886	  70.000	  47.886	  62.628	  49.886	  60.037	Fill4	R	3	50	1	2132
8292	1	31	41.101	  89.000	  39.101	  80.126	  42.101	  73.917	Fill5	R	2	49	1	1066
8292	1	32	47.685	  73.000	  59.000	  59.000	  62.161	  56.000	SimA2	R	2	50	3	1170
8292	1	33	48.635	  74.000	  61.000	  59.000	  66.648	  54.000	SimA2	R	5	50	3	3973
8292	1	34	49.000	  82.000	  84.000	  47.833	  84.000	  40.833	AttR2	R	6	51	1	1023
8292	1	35	50.000	  81.000	  82.000	  49.390	  82.000	  41.390	AttR2	R	4	50	1	1633
8292	1	36	50.000	  80.000	  80.000	  50.000	  42.000	  80.000	AttR1	R	1	49	1	1457
8292	1	37	79.000	  46.177	  57.000	  64.000	  43.429	  84.000	ComD2	R	5	49	2	1658
8292	1	38	50.000	  80.000	  78.000	  51.282	  43.000	  80.000	AttR1	R	1	49	1	2338
8292	1	39	52.000	  76.000	  74.000	  53.405	  74.000	  44.405	AttR2	R	3	49	2	1583
8292	1	40	47.355	  76.000	  59.000	  61.000	  62.052	  58.000	SimA2	R	4	50	1	3321
8292	1	41	98.000	  39.796	  82.000	  47.561	  60.000	  65.000	ComD1	R	3	49	2	735
8292	1	42	53.000	  80.000	  81.000	  52.346	  81.000	  43.346	AttR2	R	5	49	2	861
8292	1	43	85.000	  46.400	  58.000	  68.000	  46.400	  85.000	ComD2	R	5	50	3	1613
8292	1	44	101.000	  39.050	  85.000	  46.400	  58.000	  68.000	ComD1	R	1	51	3	3638
8292	1	45	49.000	  79.000	  81.000	  47.790	  42.000	  79.000	AttR1	R	3	50	1	1823
8292	1	46	96.000	  39.271	  82.000	  45.976	  58.000	  65.000	ComD1	R	2	50	3	1322
8292	1	47	39.989	  90.000	  38.989	  78.304	  41.989	  73.734	Fill5	R	5	50	3	1087
8292	1	48	92.000	  39.120	  91.000	  34.132	  95.000	  32.916	Fill1	R	3	50	1	855
8292	1	49	46.579	  76.000	  59.000	  60.000	  43.579	  81.232	SimA1	R	2	49	1	1654
8292	1	50	48.635	  74.000	  61.000	  59.000	  44.635	  80.632	SimA1	R	2	50	3	1087
8292	1	51	45.627	  75.000	  58.000	  59.000	  42.627	  80.278	SimA1	R	2	49	1	1286
8292	1	52	75.000	  47.987	  72.000	  44.319	  77.000	  41.208	Fill2	R	3	50	1	1111
8292	1	53	82.000	  45.976	  58.000	  65.000	  43.837	  86.000	ComD2	R	4	50	1	2757
8292	1	54	49.986	  72.000	  48.986	  65.141	  51.986	  61.497	Fill4	R	5	50	3	2074
8292	1	55	39.545	  88.000	  37.545	  79.077	  40.545	  72.388	Fill5	R	1	49	1	1074
8292	1	56	97.000	  39.464	  83.000	  46.120	  58.000	  66.000	ComD1	R	3	32	0	178
8292	1	57	92.000	  39.783	  89.000	  36.315	  93.000	  34.753	Fill1	R	2	49	1	765
8292	1	58	52.000	  79.000	  77.000	  53.351	  43.000	  79.000	AttR1	R	2	49	1	1066
8292	1	59	92.000	  37.196	  89.000	  33.607	  93.000	  31.742	Fill1	R	6	51	1	1178
8292	1	60	47.355	  76.000	  59.000	  61.000	  42.355	  84.972	SimA1	R	3	49	2	741
8292	1	61	51.240	  75.000	  63.000	  61.000	  66.259	  58.000	SimA2	R	2	50	3	1106
8292	1	62	83.000	  46.120	  58.000	  66.000	  45.035	  85.000	ComD2	R	3	49	2	671
8292	1	63	80.000	  46.400	  58.000	  64.000	  43.671	  85.000	ComD2	R	2	51	2	1734
8292	1	64	40.667	  90.000	  37.667	  83.841	  42.667	  73.852	Fill5	R	2	50	3	1557
8292	1	65	75.000	  45.627	  73.000	  41.288	  77.000	  38.325	Fill2	R	1	49	1	586
8292	1	66	52.000	  76.000	  74.000	  53.405	  44.000	  76.000	AttR1	R	3	50	1	733
8292	1	67	46.000	  80.000	  81.000	  45.432	  39.000	  80.000	AttR1	R	6	50	2	977
8292	1	68	48.325	  77.000	  61.000	  61.000	  65.281	  57.000	SimA2	R	4	49	3	1612
8292	1	69	59.000	  61.000	  57.000	  55.509	  60.000	  52.300	Fill3	R	2	49	1	686
8292	1	70	39.120	  92.000	  38.120	  80.169	  41.120	  74.539	Fill5	R	5	50	3	1079
8292	1	71	47.671	  73.000	  60.000	  58.000	  43.671	  79.686	SimA1	R	4	50	1	3807
8292	1	72	48.800	  75.000	  61.000	  60.000	  45.800	  79.913	SimA1	R	4	51	2	1265
8292	1	73	48.325	  77.000	  61.000	  61.000	  45.325	  82.097	SimA1	R	4	50	1	1298
8292	1	74	46.579	  76.000	  59.000	  60.000	  62.105	  57.000	SimA2	R	4	50	1	2546
8292	1	75	50.690	  71.000	  49.690	  62.970	  52.690	  58.835	Fill4	R	3	50	1	1247
8292	1	76	82.000	  45.183	  57.000	  65.000	  43.081	  86.000	ComD2	R	6	50	2	3351
8292	1	77	47.671	  73.000	  60.000	  58.000	  64.444	  54.000	SimA2	R	5	50	3	1829
8292	1	78	92.000	  37.826	  91.000	  33.055	  93.000	  32.376	Fill1	R	4	50	1	1326
8292	1	79	95.000	  38.505	  92.000	  35.033	  97.000	  32.948	Fill1	R	4	50	1	805
8292	1	80	38.886	  88.000	  35.886	  81.312	  40.886	  70.610	Fill5	R	5	50	3	3542
8292	1	81	51.240	  75.000	  63.000	  61.000	  47.240	  81.351	SimA1	R	1	50	2	7796
8292	1	82	73.000	  49.301	  70.000	  45.086	  76.000	  41.697	Fill2	R	6	50	2	1615
8292	1	83	80.000	  47.125	  58.000	  65.000	  44.353	  85.000	ComD2	R	2	51	2	2017
8292	1	84	48.800	  75.000	  61.000	  60.000	  66.545	  55.000	SimA2	R	2	49	1	1661
8292	1	85	81.000	  46.543	  58.000	  65.000	  43.837	  86.000	ComD2	R	3	49	2	892
8292	1	86	47.685	  73.000	  59.000	  59.000	  43.685	  79.684	SimA1	R	4	49	3	1028
8292	1	87	92.000	  39.120	  91.000	  34.429	  94.000	  33.362	Fill1	R	3	50	1	735
8292	1	88	76.000	  48.158	  75.000	  42.493	  77.000	  41.351	Fill2	R	3	50	1	573
8292	1	89	97.000	  38.268	  80.000	  46.400	  58.000	  64.000	ComD1	R	1	50	2	767
8292	1	90	98.000	  37.806	  82.000	  45.183	  57.000	  65.000	ComD1	R	4	49	3	1425
8292	2	1	94.000	  38.809	  79.000	  46.177	  57.000	  64.000	ComD1	R	1	50	2	2549
8292	2	2	95.000	  40.421	  81.000	  47.407	  60.000	  64.000	ComD1	R	3	51	3	1462
8292	2	3	90.000	  38.678	  87.000	  34.460	  91.000	  33.615	Fill1	R	3	50	1	726
8292	2	4	48.000	  78.000	  77.000	  48.623	  77.000	  39.623	AttR2	R	5	51	1	1045
8292	2	5	49.000	  78.000	  77.000	  49.636	  77.000	  41.636	AttR2	R	3	49	2	1269
8292	2	6	38.216	  88.000	  36.216	  77.728	  40.216	  70.569	Fill5	R	4	49	3	884
8292	2	7	47.368	  76.000	  60.000	  60.000	  64.286	  56.000	SimA2	R	4	49	3	869
8292	2	8	47.000	  81.000	  81.000	  47.000	  81.000	  40.000	AttR2	R	4	50	1	2013
8292	2	9	49.859	  71.000	  48.859	  64.000	  50.859	  61.739	Fill4	R	2	49	1	1575
8292	2	10	46.667	  72.000	  43.667	  67.328	  48.667	  59.630	Fill4	R	2	49	1	1066
8292	2	11	56.000	  60.000	  53.000	  54.340	  59.000	  49.763	Fill3	R	1	49	1	698
8292	2	12	91.000	  38.901	  89.000	  34.742	  92.000	  33.957	Fill1	R	6	51	1	2289
8292	2	13	52.000	  79.000	  79.000	  52.000	  79.000	  44.000	AttR2	R	1	49	1	1905
8292	2	14	96.000	  39.948	  81.000	  47.346	  59.000	  65.000	ComD1	R	3	49	2	3855
8292	2	15	49.282	  78.000	  62.000	  62.000	  65.153	  59.000	SimA2	R	3	49	2	1455
8292	2	16	96.000	  39.271	  81.000	  46.543	  58.000	  65.000	ComD1	R	4	49	3	3071
8292	2	17	47.368	  76.000	  60.000	  60.000	  63.158	  57.000	SimA2	R	3	50	1	1846
8292	2	18	81.000	  47.346	  59.000	  65.000	  43.580	  88.000	ComD2	R	2	51	2	2991
8292	2	19	47.838	  74.000	  60.000	  59.000	  43.838	  80.752	SimA1	R	4	50	1	3194
8292	2	20	53.000	  81.000	  82.000	  52.354	  46.000	  81.000	AttR1	R	4	50	1	917
8292	2	21	95.000	  39.684	  81.000	  46.543	  58.000	  65.000	ComD1	R	5	49	2	2185
8292	2	22	82.000	  45.878	  57.000	  66.000	  44.786	  84.000	ComD2	R	1	50	2	708
8292	2	23	81.000	  46.543	  58.000	  65.000	  43.837	  86.000	ComD2	R	4	50	1	1089
8292	2	24	47.532	  77.000	  60.000	  61.000	  63.103	  58.000	SimA2	R	5	49	2	1089
8292	2	25	53.000	  81.000	  82.000	  52.354	  82.000	  44.354	AttR2	R	1	49	1	1441
8292	2	26	39.112	  89.000	  37.112	  79.623	  40.112	  73.693	Fill5	R	2	49	1	2434
8292	2	27	50.000	  79.000	  81.000	  48.765	  41.000	  79.000	AttR1	R	6	50	2	1066
8292	2	28	59.000	  60.000	  57.000	  53.509	  60.000	  51.667	Fill3	R	2	50	3	1121
8292	2	29	49.000	  79.000	  77.000	  50.273	  77.000	  42.273	AttR2	R	5	49	2	879
8292	2	30	81.000	  46.543	  58.000	  65.000	  43.333	  87.000	ComD2	R	5	50	3	2984
8292	2	31	89.000	  37.753	  87.000	  33.448	  92.000	  31.891	Fill1	R	2	49	1	2154
8292	2	32	92.000	  40.446	  89.000	  37.169	  95.000	  34.842	Fill1	R	2	49	1	1270
8292	2	33	96.000	  39.188	  82.000	  45.878	  57.000	  66.000	ComD1	R	4	49	3	2239
8292	2	34	52.528	  72.000	  51.528	  64.354	  54.528	  61.272	Fill4	R	5	50	3	1255
8292	2	35	47.811	  74.000	  61.000	  58.000	  42.811	  82.643	SimA1	R	2	49	1	1830
8292	2	36	52.000	  78.000	  80.000	  50.700	  45.000	  78.000	AttR1	R	3	50	1	1097
8292	2	37	47.200	  75.000	  59.000	  60.000	  42.200	  83.886	SimA1	R	5	51	1	2953
8292	2	38	49.000	  78.000	  77.000	  49.636	  77.000	  40.636	AttR2	R	3	50	1	4462
8292	2	39	51.000	  80.000	  79.000	  51.646	  79.000	  42.646	AttR2	R	5	51	1	1934
8292	2	40	47.532	  77.000	  60.000	  61.000	  42.532	  86.052	SimA1	R	2	50	3	4589
8292	2	41	47.838	  74.000	  60.000	  59.000	  63.214	  56.000	SimA2	R	1	50	2	1206
8292	2	42	41.109	  92.000	  40.109	  80.606	  43.109	  75.112	Fill5	R	3	49	2	1090
8292	2	43	48.739	  69.000	  46.739	  62.432	  50.739	  57.037	Fill4	R	5	51	1	1522
8292	2	44	47.368	  76.000	  60.000	  60.000	  42.368	  84.969	SimA1	R	3	51	3	2455
8292	2	45	75.000	  46.413	  73.000	  42.192	  76.000	  40.118	Fill2	R	2	49	1	679
8292	2	46	81.000	  48.074	  59.000	  66.000	  44.759	  87.000	ComD2	R	5	49	2	687
8292	2	47	95.000	  39.684	  80.000	  47.125	  58.000	  65.000	ComD1	R	5	49	2	1615
8292	2	48	90.000	  37.367	  88.000	  33.170	  92.000	  31.293	Fill1	R	5	49	2	930
8292	2	49	81.000	  47.407	  60.000	  64.000	  43.146	  89.000	ComD2	R	6	50	2	910
8292	2	50	77.000	  48.325	  75.000	  44.267	  79.000	  41.278	Fill2	R	3	50	1	588
8292	2	51	94.000	  40.234	  91.000	  37.154	  95.000	  35.232	Fill1	R	5	51	1	1263
8292	2	52	71.000	  47.366	  70.000	  41.714	  72.000	  40.444	Fill2	R	1	49	1	854
8292	2	53	73.000	  48.493	  70.000	  44.571	  76.000	  40.066	Fill2	R	3	50	1	734
8292	2	54	49.000	  79.000	  77.000	  50.273	  40.000	  79.000	AttR1	R	5	49	2	1181
8292	2	55	62.000	  61.000	  61.000	  54.705	  65.000	  51.523	Fill3	R	5	51	1	1518
8292	2	56	37.753	  89.000	  36.753	  77.028	  39.753	  71.919	Fill5	R	3	50	1	709
8292	2	57	50.000	  79.000	  81.000	  48.765	  81.000	  41.765	AttR2	R	4	50	1	1306
8292	2	58	47.000	  81.000	  81.000	  47.000	  38.000	  81.000	AttR1	R	5	49	2	623
8292	2	59	52.000	  79.000	  79.000	  52.000	  45.000	  79.000	AttR1	R	3	50	1	738
8292	2	60	100.000	  38.860	  84.000	  46.262	  58.000	  67.000	ComD1	R	3	51	3	952
8292	2	61	84.000	  46.262	  58.000	  67.000	  45.718	  85.000	ComD2	R	5	49	2	574
8292	2	62	79.000	  46.177	  57.000	  64.000	  42.419	  86.000	ComD2	R	6	50	2	590
8292	2	63	49.000	  78.000	  77.000	  49.636	  42.000	  78.000	AttR1	R	5	51	1	1257
8292	2	64	52.000	  78.000	  80.000	  50.700	  80.000	  42.700	AttR2	R	3	50	1	778
8292	2	65	50.973	  73.000	  47.973	  67.351	  51.973	  62.822	Fill4	R	5	50	3	885
8292	2	66	49.000	  78.000	  77.000	  49.636	  41.000	  78.000	AttR1	R	2	49	1	821
8292	2	67	48.000	  78.000	  77.000	  48.623	  40.000	  78.000	AttR1	R	1	50	2	552
8292	2	68	80.000	  47.125	  58.000	  65.000	  43.837	  86.000	ComD2	R	6	51	1	1189
8292	2	69	40.890	  91.000	  39.890	  80.747	  42.890	  74.563	Fill5	R	1	49	1	1246
8292	2	70	49.282	  78.000	  62.000	  62.000	  45.282	  84.890	SimA1	R	1	50	2	702
8292	2	71	49.028	  71.000	  48.028	  62.172	  50.028	  59.606	Fill4	R	6	51	1	1109
8292	2	72	47.368	  76.000	  60.000	  60.000	  42.368	  84.969	SimA1	R	5	49	2	1065
8292	2	73	61.000	  61.000	  59.000	  55.237	  63.000	  52.476	Fill3	R	3	50	1	762
8292	2	74	48.132	  76.000	  59.000	  62.000	  63.069	  58.000	SimA2	R	2	50	3	1566
8292	2	75	48.325	  77.000	  61.000	  61.000	  64.155	  58.000	SimA2	R	3	49	2	1865
8292	2	76	71.000	  47.324	  68.000	  43.132	  73.000	  40.164	Fill2	R	2	49	1	673
8292	2	77	51.000	  80.000	  79.000	  51.646	  44.000	  80.000	AttR1	R	4	50	1	770
8292	2	78	49.459	  74.000	  61.000	  60.000	  64.211	  57.000	SimA2	R	3	49	2	1909
8292	2	79	96.000	  39.333	  80.000	  47.200	  59.000	  64.000	ComD1	R	5	50	3	842
8292	2	80	48.132	  76.000	  59.000	  62.000	  45.132	  81.052	SimA1	R	2	51	2	1778
8292	2	81	57.000	  59.000	  54.000	  54.037	  59.000	  48.593	Fill3	R	1	49	1	676
8292	2	82	47.811	  74.000	  61.000	  58.000	  64.327	  55.000	SimA2	R	3	49	2	1357
8292	2	83	47.200	  75.000	  59.000	  60.000	  64.364	  55.000	SimA2	R	6	50	2	626
8292	2	84	48.325	  77.000	  61.000	  61.000	  43.325	  85.886	SimA1	R	2	49	1	1804
8292	2	85	98.000	  39.735	  81.000	  48.074	  59.000	  66.000	ComD1	R	3	51	3	1862
8292	2	86	49.459	  74.000	  61.000	  60.000	  46.459	  78.778	SimA1	R	2	50	3	2350
8292	2	87	76.000	  49.763	  73.000	  45.479	  77.000	  43.532	Fill2	R	2	49	1	1180
8292	2	88	59.000	  59.000	  58.000	  52.103	  61.000	  50.098	Fill3	R	4	50	1	1478
8292	2	89	39.775	  89.000	  38.775	  77.188	  40.775	  74.310	Fill5	R	3	50	1	815
8292	2	90	80.000	  47.200	  59.000	  64.000	  43.402	  87.000	ComD2	R	2	51	2	970
8292	3	1	51.000	  79.000	  81.000	  49.741	  44.000	  79.000	AttR1	R	3	50	1	981
8292	3	2	50.000	  80.000	  79.000	  50.633	  43.000	  80.000	AttR1	R	2	49	1	650
8292	3	3	80.000	  45.600	  57.000	  64.000	  42.419	  86.000	ComD2	R	2	51	2	1594
8292	3	4	82.000	  45.976	  58.000	  65.000	  43.333	  87.000	ComD2	R	3	49	2	645
8292	3	5	52.116	  69.000	  50.116	  62.834	  54.116	  58.874	Fill4	R	2	49	1	813
8292	3	6	96.000	  38.000	  80.000	  45.600	  57.000	  64.000	ComD1	R	5	50	3	791
8292	3	7	95.000	  38.463	  80.000	  45.675	  58.000	  63.000	ComD1	R	2	50	3	834
8292	3	8	59.000	  59.000	  56.000	  53.464	  61.000	  49.803	Fill3	R	5	51	1	1386
8292	3	9	95.000	  40.368	  81.000	  47.346	  59.000	  65.000	ComD1	R	1	51	3	637
8292	3	10	39.557	  88.000	  38.557	  76.044	  41.557	  70.674	Fill5	R	4	50	1	1501
8292	3	11	82.000	  48.207	  59.000	  67.000	  45.965	  86.000	ComD2	R	6	50	2	809
8292	3	12	81.000	  47.259	  58.000	  66.000	  45.035	  85.000	ComD2	R	2	49	1	1964
8292	3	13	81.000	  47.346	  59.000	  65.000	  44.593	  86.000	ComD2	R	4	49	3	1385
8292	3	14	49.000	  80.000	  82.000	  47.805	  82.000	  38.805	AttR2	R	3	49	2	1156
8292	3	15	40.404	  89.000	  38.404	  80.459	  41.404	  74.412	Fill5	R	3	50	1	745
8292	3	16	91.000	  36.967	  90.000	  32.867	  93.000	  31.022	Fill1	R	2	49	1	1478
8292	3	17	49.000	  80.000	  81.000	  48.395	  81.000	  40.395	AttR2	R	4	50	1	767
8292	3	18	75.000	  48.773	  73.000	  44.027	  77.000	  41.805	Fill2	R	4	50	1	617
8292	3	19	50.000	  78.000	  77.000	  50.649	  41.000	  78.000	AttR1	R	2	49	1	684
8292	3	20	40.198	  91.000	  37.198	  84.199	  41.198	  76.096	Fill5	R	3	50	1	693
8292	3	21	75.000	  46.413	  74.000	  40.311	  78.000	  38.641	Fill2	R	5	51	1	1588
8292	3	22	50.000	  77.000	  79.000	  48.734	  79.000	  40.734	AttR2	R	6	50	2	631
8292	3	23	50.000	  78.000	  77.000	  50.649	  77.000	  41.649	AttR2	R	5	49	2	825
8292	3	24	46.579	  76.000	  59.000	  60.000	  43.579	  81.232	SimA1	R	1	50	2	1397
8292	3	25	49.613	  75.000	  61.000	  61.000	  65.281	  57.000	SimA2	R	5	50	3	831
8292	3	26	48.649	  74.000	  60.000	  60.000	  45.649	  78.863	SimA1	R	5	49	2	1410
8292	3	27	48.000	  75.000	  60.000	  60.000	  63.158	  57.000	SimA2	R	3	49	2	1189
8292	3	28	97.000	  39.464	  83.000	  46.120	  58.000	  66.000	ComD1	R	1	51	3	1863
8292	3	29	48.800	  75.000	  61.000	  60.000	  44.800	  81.696	SimA1	R	3	50	1	1062
8292	3	30	51.000	  82.000	  84.000	  49.786	  84.000	  40.786	AttR2	R	5	49	2	638
8292	3	31	47.838	  74.000	  59.000	  60.000	  42.838	  82.637	SimA1	R	6	50	2	846
8292	3	32	51.000	  79.000	  81.000	  49.741	  81.000	  41.741	AttR2	R	2	49	1	799
8292	3	33	62.000	  58.000	  61.000	  52.066	  64.000	  48.766	Fill3	R	2	49	1	833
8292	3	34	50.000	  77.000	  79.000	  48.734	  41.000	  77.000	AttR1	R	1	49	1	3746
8292	3	35	73.000	  46.082	  70.000	  41.586	  76.000	  38.303	Fill2	R	1	50	2	1206
8292	3	36	47.838	  74.000	  60.000	  59.000	  64.364	  55.000	SimA2	R	3	50	1	1697
8292	3	37	49.000	  78.000	  79.000	  48.380	  79.000	  40.380	AttR2	R	2	49	1	2369
8292	3	38	83.000	  46.120	  58.000	  66.000	  44.512	  86.000	ComD2	R	3	49	2	5917
8292	3	39	48.000	  75.000	  60.000	  60.000	  64.286	  56.000	SimA2	R	4	49	3	1609
8292	3	40	98.000	  38.469	  82.000	  45.976	  58.000	  65.000	ComD1	R	3	49	2	5340
8292	3	41	48.649	  74.000	  60.000	  60.000	  63.158	  57.000	SimA2	R	6	50	2	714
8292	3	42	41.568	  88.000	  39.568	  79.660	  43.568	  72.438	Fill5	R	1	49	1	1422
8292	3	43	49.613	  75.000	  61.000	  61.000	  45.613	  81.577	SimA1	R	5	49	2	1017
8292	3	44	50.449	  69.000	  48.449	  61.570	  51.449	  59.748	Fill4	R	3	50	1	612
8292	3	45	51.000	  82.000	  84.000	  49.786	  42.000	  82.000	AttR1	R	4	50	1	550
8292	3	46	62.000	  59.000	  59.000	  55.136	  63.000	  51.111	Fill3	R	2	49	1	789
8292	3	47	100.000	  39.530	  82.000	  48.207	  59.000	  67.000	ComD1	R	5	49	2	935
8292	3	48	81.000	  47.346	  59.000	  65.000	  43.580	  88.000	ComD2	R	5	49	2	1269
8292	3	49	95.000	  40.368	  81.000	  47.346	  59.000	  65.000	ComD1	R	4	49	3	892
8292	3	50	94.000	  38.915	  92.000	  35.293	  96.000	  33.385	Fill1	R	6	50	2	1524
8292	3	51	52.257	  70.000	  49.257	  64.965	  54.257	  59.826	Fill4	R	4	50	1	825
8292	3	52	50.000	  82.000	  84.000	  48.810	  43.000	  82.000	AttR1	R	6	50	2	701
8292	3	53	50.000	  80.000	  79.000	  50.633	  79.000	  43.633	AttR2	R	1	50	2	977
8292	3	54	50.110	  73.000	  48.110	  65.954	  52.110	  61.908	Fill4	R	2	49	1	701
8292	3	55	49.000	  80.000	  81.000	  48.395	  40.000	  80.000	AttR1	R	3	50	1	946
8292	3	56	50.449	  69.000	  48.449	  61.652	  51.449	  57.979	Fill4	R	5	51	1	1095
8292	3	57	95.000	  37.853	  93.000	  33.925	  97.000	  32.619	Fill1	R	6	49	3	1231
8292	3	58	46.579	  76.000	  59.000	  60.000	  62.105	  57.000	SimA2	R	5	49	2	922
8292	3	59	49.613	  75.000	  61.000	  61.000	  65.281	  57.000	SimA2	R	3	49	2	647
8292	3	60	92.000	  37.837	  89.000	  34.416	  94.000	  32.415	Fill1	R	4	50	1	663
8292	3	61	49.000	  78.000	  79.000	  48.380	  42.000	  78.000	AttR1	R	5	51	1	2118
8292	3	62	80.000	  45.675	  58.000	  63.000	  42.488	  86.000	ComD2	R	3	49	2	748
8292	3	63	59.000	  62.000	  56.000	  57.482	  61.000	  52.164	Fill3	R	5	51	1	2697
8292	3	64	49.471	  68.000	  46.471	  63.309	  50.471	  57.836	Fill4	R	6	50	2	1890
8292	3	65	48.635	  74.000	  61.000	  59.000	  65.436	  55.000	SimA2	R	4	51	2	954
8292	3	66	48.800	  75.000	  61.000	  60.000	  65.357	  56.000	SimA2	R	4	49	3	566
8292	3	67	92.000	  37.837	  89.000	  34.225	  95.000	  31.589	Fill1	R	2	49	1	778
8292	3	68	50.000	  82.000	  84.000	  48.810	  84.000	  40.810	AttR2	R	1	50	2	1213
8292	3	69	59.000	  59.000	  57.000	  52.632	  62.000	  48.435	Fill3	R	3	50	1	767
8292	3	70	48.000	  75.000	  60.000	  60.000	  43.000	  83.721	SimA1	R	4	51	2	1221
8292	3	71	47.838	  74.000	  60.000	  59.000	  43.838	  80.752	SimA1	R	6	49	3	1084
8292	3	72	80.000	  46.400	  58.000	  64.000	  43.671	  85.000	ComD2	R	2	49	1	733
8292	3	73	96.000	  39.875	  81.000	  47.259	  58.000	  66.000	ComD1	R	3	49	2	786
8292	3	74	94.000	  38.809	  79.000	  46.177	  57.000	  64.000	ComD1	R	1	49	1	1277
8292	3	75	75.000	  46.413	  73.000	  41.795	  76.000	  40.408	Fill2	R	5	49	2	893
8292	3	76	79.000	  46.177	  57.000	  64.000	  43.429	  84.000	ComD2	R	2	51	2	1037
8292	3	77	51.000	  79.000	  81.000	  49.741	  81.000	  42.741	AttR2	R	3	49	2	1060
8292	3	78	58.000	  58.000	  55.000	  53.818	  60.000	  48.300	Fill3	R	4	50	1	717
8292	3	79	96.000	  38.667	  80.000	  46.400	  58.000	  64.000	ComD1	R	3	51	3	1601
8292	3	80	77.000	  47.506	  74.000	  43.176	  78.000	  41.551	Fill2	R	5	51	1	1772
8292	3	81	47.838	  74.000	  59.000	  60.000	  63.214	  56.000	SimA2	R	6	49	3	1166
8292	3	82	51.000	  79.000	  81.000	  49.741	  43.000	  79.000	AttR1	R	5	51	1	3226
8292	3	83	49.613	  75.000	  61.000	  61.000	  44.613	  83.406	SimA1	R	1	49	1	2908
8292	3	84	38.227	  88.000	  36.227	  77.870	  40.227	  70.947	Fill5	R	5	51	1	1074
8292	3	85	39.112	  89.000	  38.112	  77.245	  40.112	  74.142	Fill5	R	5	51	1	681
8292	3	86	77.000	  46.701	  75.000	  41.693	  80.000	  38.987	Fill2	R	1	51	3	1265
8292	3	87	91.000	  40.198	  88.000	  36.841	  94.000	  34.532	Fill1	R	6	51	1	938
8292	3	88	49.000	  80.000	  82.000	  47.805	  42.000	  80.000	AttR1	R	6	51	1	926
8292	3	89	48.635	  74.000	  61.000	  59.000	  43.635	  82.479	SimA1	R	5	49	2	1541
8292	3	90	48.000	  75.000	  60.000	  60.000	  43.000	  83.721	SimA1	R	5	50	3	857
8292	4	1	39.333	  90.000	  37.333	  80.116	  40.333	  74.826	Fill5	R	3	50	1	1469
8292	4	2	47.685	  73.000	  59.000	  59.000	  62.161	  56.000	SimA2	R	2	50	3	729
8292	4	3	47.200	  75.000	  59.000	  60.000	  63.214	  56.000	SimA2	R	1	50	2	575
8292	4	4	81.000	  48.148	  60.000	  65.000	  43.820	  89.000	ComD2	R	5	49	2	786
8292	4	5	47.200	  75.000	  59.000	  60.000	  43.200	  81.944	SimA1	R	4	50	1	2245
8292	4	6	82.000	  46.683	  58.000	  66.000	  44.000	  87.000	ComD2	R	5	49	2	933
8292	4	7	51.000	  83.000	  82.000	  51.622	  43.000	  83.000	AttR1	R	3	49	2	1137
8292	4	8	97.000	  38.268	  80.000	  46.400	  58.000	  64.000	ComD1	R	5	50	3	3014
8292	4	9	90.000	  38.678	  87.000	  35.092	  91.000	  33.626	Fill1	R	4	50	1	882
8292	4	10	46.740	  77.000	  59.000	  61.000	  41.740	  86.224	SimA1	R	3	49	2	905
8292	4	11	46.413	  75.000	  59.000	  59.000	  64.463	  54.000	SimA2	R	3	49	2	1166
8292	4	12	39.783	  92.000	  36.783	  85.611	  40.783	  76.528	Fill5	R	2	49	1	1177
8292	4	13	96.000	  38.594	  80.000	  46.312	  57.000	  65.000	ComD1	R	6	32	0	277
8292	4	14	96.000	  40.625	  81.000	  48.148	  60.000	  65.000	ComD1	R	2	50	3	829
8292	4	15	80.000	  46.400	  58.000	  64.000	  43.163	  86.000	ComD2	R	5	49	2	1319
8292	4	16	47.838	  74.000	  60.000	  59.000	  65.556	  54.000	SimA2	R	4	51	2	1117
8292	4	17	49.000	  80.000	  81.000	  48.395	  81.000	  39.395	AttR2	R	1	49	1	745
8292	4	18	48.000	  81.000	  81.000	  48.000	  81.000	  39.000	AttR2	R	2	51	2	1038
8292	4	19	96.000	  38.594	  82.000	  45.183	  57.000	  65.000	ComD1	R	1	49	1	8054
8292	4	20	49.000	  80.000	  80.000	  49.000	  80.000	  42.000	AttR2	R	2	49	1	2022
8292	4	21	49.729	  70.000	  47.729	  64.259	  51.729	  58.807	Fill4	R	2	49	1	730
8292	4	22	48.158	  76.000	  60.000	  61.000	  44.158	  82.884	SimA1	R	1	50	2	1407
8292	4	23	61.000	  62.000	  60.000	  55.233	  64.000	  52.469	Fill3	R	5	51	1	1729
8292	4	24	40.667	  90.000	  39.667	  78.782	  42.667	  73.711	Fill5	R	1	49	1	975
8292	4	25	97.000	  38.196	  80.000	  46.312	  57.000	  65.000	ComD1	R	6	50	2	2081
8292	4	26	76.000	  46.579	  75.000	  41.733	  78.000	  40.192	Fill2	R	3	50	1	954
8292	4	27	47.838	  74.000	  60.000	  59.000	  42.838	  82.637	SimA1	R	2	49	1	1767
8292	4	28	50.000	  81.000	  80.000	  50.625	  80.000	  42.625	AttR2	R	5	49	2	1058
8292	4	29	61.000	  60.000	  60.000	  53.317	  64.000	  49.797	Fill3	R	4	50	1	1953
8292	4	30	93.000	  40.667	  91.000	  36.725	  96.000	  34.562	Fill1	R	4	50	1	918
8292	4	31	59.000	  59.000	  56.000	  54.089	  60.000	  50.433	Fill3	R	1	49	1	996
8292	4	32	76.000	  48.158	  74.000	  42.797	  79.000	  40.658	Fill2	R	2	51	2	3310
8292	4	33	40.220	  91.000	  37.220	  84.632	  41.220	  76.517	Fill5	R	4	50	1	708
8292	4	34	48.000	  81.000	  81.000	  48.000	  41.000	  81.000	AttR1	R	2	49	1	898
8292	4	35	50.000	  79.000	  80.000	  49.375	  80.000	  41.375	AttR2	R	6	50	2	584
8292	4	36	80.000	  46.312	  57.000	  65.000	  44.107	  84.000	ComD2	R	3	49	2	1059
8292	4	37	49.000	  80.000	  81.000	  48.395	  41.000	  80.000	AttR1	R	4	50	1	793
8292	4	38	50.000	  81.000	  80.000	  50.625	  42.000	  81.000	AttR1	R	3	50	1	845
8292	4	39	76.000	  49.763	  74.000	  45.257	  77.000	  43.208	Fill2	R	5	50	3	1157
8292	4	40	52.000	  81.000	  81.000	  52.000	  44.000	  81.000	AttR1	R	4	50	1	3914
8292	4	41	46.413	  75.000	  59.000	  59.000	  41.413	  84.055	SimA1	R	2	51	2	6150
8292	4	42	51.000	  80.000	  78.000	  52.308	  42.000	  80.000	AttR1	R	3	50	1	853
8292	4	43	49.613	  75.000	  61.000	  61.000	  64.155	  58.000	SimA2	R	5	49	2	1556
8292	4	44	92.000	  39.783	  91.000	  35.736	  95.000	  33.453	Fill1	R	3	50	1	6209
8292	4	45	51.000	  83.000	  82.000	  51.622	  82.000	  42.622	AttR2	R	2	51	2	1308
8292	4	46	94.000	  38.809	  80.000	  45.600	  57.000	  64.000	ComD1	R	6	49	3	1026
8292	4	47	82.000	  45.183	  57.000	  65.000	  43.588	  85.000	ComD2	R	3	49	2	949
8292	4	48	80.000	  46.312	  57.000	  65.000	  43.588	  85.000	ComD2	R	3	50	1	1153
8292	4	49	50.833	  72.000	  47.833	  66.711	  51.833	  61.968	Fill4	R	1	49	1	1007
8292	4	50	80.000	  47.125	  58.000	  65.000	  43.837	  86.000	ComD2	R	3	49	2	8209
8292	4	51	52.000	  81.000	  81.000	  52.000	  81.000	  43.000	AttR2	R	3	49	2	797
8292	4	52	50.833	  72.000	  48.833	  65.283	  52.833	  61.174	Fill4	R	5	50	3	623
8292	4	53	60.000	  61.000	  59.000	  54.661	  61.000	  52.639	Fill3	R	1	50	2	721
8292	4	54	51.000	  80.000	  78.000	  52.308	  78.000	  43.308	AttR2	R	2	51	2	903
8292	4	55	93.000	  38.065	  91.000	  34.242	  96.000	  31.958	Fill1	R	2	49	1	812
8292	4	56	96.000	  39.875	  82.000	  46.683	  58.000	  66.000	ComD1	R	1	49	1	926
8292	4	57	60.000	  59.000	  58.000	  53.362	  63.000	  49.429	Fill3	R	4	50	1	532
8292	4	58	97.000	  38.866	  82.000	  45.976	  58.000	  65.000	ComD1	R	4	49	3	2257
8292	4	59	49.000	  80.000	  81.000	  48.395	  81.000	  40.395	AttR2	R	2	49	1	522
8292	4	60	46.740	  77.000	  59.000	  61.000	  64.268	  56.000	SimA2	R	4	49	3	926
8292	4	61	48.000	  82.000	  84.000	  46.857	  84.000	  38.857	AttR2	R	6	50	2	820
8292	4	62	40.667	  93.000	  37.667	  86.310	  42.667	  76.430	Fill5	R	3	50	1	631
8292	4	63	52.286	  70.000	  51.286	  61.869	  54.286	  59.887	Fill4	R	4	50	1	954
8292	4	64	48.595	  74.000	  62.000	  58.000	  66.593	  54.000	SimA2	R	5	50	3	1288
8292	4	65	75.000	  48.800	  73.000	  43.740	  76.000	  41.632	Fill2	R	6	50	2	752
8292	4	66	49.000	  80.000	  81.000	  48.395	  42.000	  80.000	AttR1	R	5	51	1	940
8292	4	67	82.000	  47.488	  59.000	  66.000	  44.759	  87.000	ComD2	R	1	50	2	722
8292	4	68	80.000	  45.600	  57.000	  64.000	  42.918	  85.000	ComD2	R	2	50	3	559
8292	4	69	60.000	  61.000	  58.000	  55.155	  61.000	  52.393	Fill3	R	2	49	1	885
8292	4	70	49.000	  80.000	  80.000	  49.000	  41.000	  80.000	AttR1	R	4	50	1	613
8292	4	71	91.000	  40.220	  88.000	  35.920	  92.000	  35.315	Fill1	R	2	50	3	615
8292	4	72	39.557	  88.000	  38.557	  76.044	  41.557	  71.589	Fill5	R	2	49	1	1033
8292	4	73	95.000	  39.684	  80.000	  47.125	  58.000	  65.000	ComD1	R	4	49	3	706
8292	4	74	51.304	  69.000	  48.304	  65.005	  53.304	  57.631	Fill4	R	1	49	1	703
8292	4	75	47.987	  75.000	  61.000	  59.000	  64.268	  56.000	SimA2	R	5	49	2	996
8292	4	76	48.158	  76.000	  60.000	  61.000	  63.103	  58.000	SimA2	R	5	49	2	3510
8292	4	77	97.000	  40.144	  82.000	  47.488	  59.000	  66.000	ComD1	R	5	50	3	1420
8292	4	78	51.108	  74.000	  49.108	  68.848	  52.108	  64.232	Fill4	R	5	50	3	2662
8292	4	79	92.000	  39.783	  90.000	  35.644	  93.000	  34.817	Fill1	R	6	51	1	1598
8292	4	80	48.961	  76.000	  61.000	  61.000	  66.446	  56.000	SimA2	R	2	50	3	730
8292	4	81	48.595	  74.000	  62.000	  58.000	  45.595	  78.869	SimA1	R	4	50	1	1383
8292	4	82	50.000	  79.000	  80.000	  49.375	  43.000	  79.000	AttR1	R	4	50	1	594
8292	4	83	49.613	  75.000	  61.000	  61.000	  46.613	  79.827	SimA1	R	6	50	2	548
8292	4	84	48.961	  76.000	  61.000	  61.000	  45.961	  80.961	SimA1	R	3	50	1	458
8292	4	85	47.987	  75.000	  61.000	  59.000	  44.987	  80.001	SimA1	R	4	49	3	673
8292	4	86	76.000	  48.158	  73.000	  44.205	  77.000	  41.714	Fill2	R	2	49	1	586
8292	4	87	48.000	  82.000	  84.000	  46.857	  41.000	  82.000	AttR1	R	2	49	1	820
8292	4	88	82.000	  45.976	  58.000	  65.000	  43.333	  87.000	ComD2	R	5	49	2	639
8292	4	89	73.000	  47.685	  72.000	  42.264	  74.000	  40.581	Fill2	R	3	50	1	663
8292	4	90	47.685	  73.000	  59.000	  59.000	  44.685	  77.901	SimA1	R	4	50	1	8822
8292	5	1	49.000	  80.000	  79.000	  49.620	  42.000	  80.000	AttR1	R	5	49	2	1117
8292	5	2	83.000	  46.120	  58.000	  66.000	  44.512	  86.000	ComD2	R	2	51	2	811
8292	5	3	51.000	  82.000	  82.000	  51.000	  42.000	  82.000	AttR1	R	6	51	1	958
8292	5	4	97.000	  40.144	  82.000	  47.488	  59.000	  66.000	ComD1	R	5	49	2	1018
8292	5	5	50.000	  81.000	  83.000	  48.795	  43.000	  81.000	AttR1	R	1	49	1	789
8292	5	6	50.077	  78.000	  62.000	  63.000	  47.077	  82.971	SimA1	R	5	49	2	583
8292	5	7	40.667	  90.000	  38.667	  80.534	  41.667	  75.816	Fill5	R	5	51	1	658
8292	5	8	77.000	  47.506	  75.000	  42.907	  80.000	  40.487	Fill2	R	3	50	1	490
8292	5	9	50.000	  79.000	  80.000	  49.375	  41.000	  79.000	AttR1	R	5	51	1	1074
8292	5	10	49.000	  80.000	  79.000	  49.620	  79.000	  42.620	AttR2	R	3	50	1	1049
8292	5	11	52.159	  69.000	  50.159	  63.637	  54.159	  58.863	Fill4	R	5	50	3	521
8292	5	12	82.000	  45.183	  57.000	  65.000	  44.107	  84.000	ComD2	R	2	51	2	726
8292	5	13	88.000	  38.864	  86.000	  34.512	  90.000	  33.178	Fill1	R	4	50	1	525
8292	5	14	93.000	  39.333	  91.000	  34.879	  95.000	  34.168	Fill1	R	5	51	1	761
8292	5	15	96.000	  38.667	  80.000	  46.400	  58.000	  64.000	ComD1	R	5	49	2	982
8292	5	16	82.000	  45.878	  57.000	  66.000	  44.786	  84.000	ComD2	R	4	51	2	665
8292	5	17	80.000	  47.125	  58.000	  65.000	  43.333	  87.000	ComD2	R	5	50	3	729
8292	5	18	71.000	  48.169	  70.000	  42.700	  74.000	  39.554	Fill2	R	4	50	1	558
8292	5	19	51.000	  82.000	  82.000	  51.000	  82.000	  42.000	AttR2	R	1	50	2	492
8292	5	20	91.000	  39.560	  88.000	  35.784	  94.000	  33.457	Fill1	R	4	50	1	956
8292	5	21	50.077	  78.000	  62.000	  63.000	  67.345	  58.000	SimA2	R	3	49	2	1002
8292	5	22	81.000	  48.074	  59.000	  66.000	  45.279	  86.000	ComD2	R	5	49	2	3341
8292	5	23	50.000	  72.000	  48.000	  65.875	  51.000	  60.863	Fill4	R	2	49	1	1730
8292	5	24	49.028	  71.000	  46.028	  65.373	  50.028	  61.325	Fill4	R	1	49	1	758
8292	5	25	50.000	  82.000	  84.000	  48.810	  41.000	  82.000	AttR1	R	5	49	2	1981
8292	5	26	47.838	  74.000	  60.000	  59.000	  64.364	  55.000	SimA2	R	5	50	3	775
8292	5	27	61.000	  59.000	  59.000	  52.644	  64.000	  48.797	Fill3	R	2	49	1	1154
8292	5	28	98.000	  38.469	  80.000	  47.125	  58.000	  65.000	ComD1	R	4	49	3	2254
8292	5	29	47.200	  75.000	  60.000	  59.000	  65.556	  54.000	SimA2	R	5	50	3	1110
8292	5	30	47.532	  77.000	  60.000	  61.000	  44.532	  82.187	SimA1	R	2	50	3	1364
8292	5	31	48.800	  75.000	  61.000	  60.000	  66.545	  55.000	SimA2	R	4	49	3	921
8292	5	32	48.158	  76.000	  61.000	  60.000	  45.158	  81.049	SimA1	R	4	50	1	758
8292	5	33	57.000	  60.000	  55.000	  54.145	  60.000	  50.067	Fill3	R	3	50	1	596
8292	5	34	94.000	  38.936	  91.000	  35.670	  97.000	  32.701	Fill1	R	4	50	1	1071
8292	5	35	50.000	  80.000	  80.000	  50.000	  42.000	  80.000	AttR1	R	1	49	1	1326
8292	5	36	50.000	  78.000	  79.000	  49.367	  43.000	  78.000	AttR1	R	6	50	2	540
8292	5	37	80.000	  46.400	  58.000	  64.000	  43.163	  86.000	ComD2	R	3	49	2	618
8292	5	38	99.000	  38.000	  83.000	  45.325	  57.000	  66.000	ComD1	R	4	49	3	638
8292	5	39	80.000	  45.600	  57.000	  64.000	  42.419	  86.000	ComD2	R	3	50	1	1117
8292	5	40	61.000	  60.000	  58.000	  55.483	  64.000	  49.875	Fill3	R	5	50	3	1081
8292	5	41	53.014	  69.000	  52.014	  61.906	  55.014	  58.366	Fill4	R	5	51	1	690
8292	5	42	83.000	  45.325	  57.000	  66.000	  44.786	  84.000	ComD2	R	6	50	2	442
8292	5	43	91.000	  38.253	  88.000	  34.432	  92.000	  32.804	Fill1	R	6	50	2	1010
8292	5	44	51.000	  79.000	  80.000	  50.362	  42.000	  79.000	AttR1	R	5	51	1	1253
8292	5	45	59.000	  59.000	  57.000	  53.754	  61.000	  49.180	Fill3	R	3	50	1	11925
8292	5	46	40.449	  89.000	  37.449	  82.511	  42.449	  72.557	Fill5	R	3	50	1	953
8292	5	47	97.000	  40.144	  81.000	  48.074	  59.000	  66.000	ComD1	R	3	51	3	1054
8292	5	48	62.000	  59.000	  61.000	  51.885	  64.000	  50.500	Fill3	R	2	49	1	694
8292	5	49	50.000	  78.000	  79.000	  49.367	  79.000	  41.367	AttR2	R	2	49	1	623
8292	5	50	97.000	  37.608	  80.000	  45.600	  57.000	  64.000	ComD1	R	4	49	3	809
8292	5	51	39.112	  89.000	  38.112	  77.088	  41.112	  72.338	Fill5	R	5	50	3	805
8292	5	52	74.000	  47.041	  73.000	  42.205	  76.000	  40.224	Fill2	R	5	50	3	870
8292	5	53	99.000	  38.667	  83.000	  46.120	  58.000	  66.000	ComD1	R	4	51	2	1166
8292	5	54	51.000	  79.000	  80.000	  50.362	  80.000	  41.362	AttR2	R	3	49	2	762
8292	5	55	54.000	  82.000	  80.000	  55.350	  47.000	  82.000	AttR1	R	4	51	2	3655
8292	5	56	50.110	  73.000	  62.000	  59.000	  46.110	  79.333	SimA1	R	2	51	2	791
8292	5	57	46.877	  73.000	  58.000	  59.000	  61.107	  56.000	SimA2	R	4	51	2	1378
8292	5	58	38.000	  90.000	  35.000	  82.571	  39.000	  74.718	Fill5	R	2	49	1	1005
8292	5	59	51.000	  81.000	  80.000	  51.638	  80.000	  44.638	AttR2	R	2	51	2	1222
8292	5	60	48.158	  76.000	  61.000	  60.000	  64.211	  57.000	SimA2	R	2	49	1	1025
8292	5	61	48.800	  75.000	  60.000	  61.000	  63.103	  58.000	SimA2	R	6	49	3	1486
8292	5	62	75.000	  48.000	  74.000	  43.189	  76.000	  41.303	Fill2	R	5	50	3	932
8292	5	63	76.000	  48.158	  73.000	  44.178	  79.000	  41.076	Fill2	R	3	50	1	617
8292	5	64	47.532	  77.000	  60.000	  61.000	  63.103	  58.000	SimA2	R	5	50	3	644
8292	5	65	76.000	  47.355	  74.000	  43.189	  78.000	  40.795	Fill2	R	1	49	1	669
8292	5	66	97.000	  38.196	  82.000	  45.183	  57.000	  65.000	ComD1	R	5	50	3	676
8292	5	67	60.000	  60.000	  59.000	  53.220	  61.000	  51.934	Fill3	R	5	50	3	621
8292	5	68	46.413	  75.000	  59.000	  59.000	  62.161	  56.000	SimA2	R	5	50	3	583
8292	5	69	46.413	  75.000	  59.000	  59.000	  42.413	  82.073	SimA1	R	2	50	3	2409
8292	5	70	92.000	  39.120	  89.000	  35.787	  95.000	  32.758	Fill1	R	3	50	1	701
8292	5	71	96.000	  39.271	  81.000	  46.543	  58.000	  65.000	ComD1	R	4	49	3	1505
8292	5	72	46.877	  73.000	  58.000	  59.000	  41.877	  81.716	SimA1	R	2	51	2	1079
8292	5	73	50.000	  81.000	  83.000	  48.795	  83.000	  40.795	AttR2	R	4	50	1	606
8292	5	74	50.000	  82.000	  84.000	  48.810	  84.000	  39.810	AttR2	R	3	49	2	706
8292	5	75	50.110	  73.000	  62.000	  59.000	  65.321	  56.000	SimA2	R	3	50	1	439
8292	5	76	48.169	  71.000	  47.169	  62.520	  49.169	  59.651	Fill4	R	5	50	3	423
8292	5	77	48.800	  75.000	  61.000	  60.000	  45.800	  79.913	SimA1	R	5	49	2	674
8292	5	78	47.838	  74.000	  60.000	  59.000	  43.838	  80.752	SimA1	R	2	49	1	882
8292	5	79	96.000	  39.188	  82.000	  45.878	  57.000	  66.000	ComD1	R	2	50	3	563
8292	5	80	50.000	  79.000	  80.000	  49.375	  80.000	  40.375	AttR2	R	2	49	1	573
8292	5	81	54.000	  82.000	  80.000	  55.350	  80.000	  46.350	AttR2	R	4	50	1	769
8292	5	82	48.800	  75.000	  60.000	  61.000	  43.800	  83.562	SimA1	R	3	50	1	612
8292	5	83	81.000	  46.543	  58.000	  65.000	  44.353	  85.000	ComD2	R	6	49	3	670
8292	5	84	41.568	  88.000	  40.568	  77.401	  43.568	  71.750	Fill5	R	3	50	1	574
8292	5	85	47.200	  75.000	  60.000	  59.000	  44.200	  80.090	SimA1	R	3	49	2	769
8292	5	86	50.000	  80.000	  80.000	  50.000	  80.000	  41.000	AttR2	R	1	49	1	844
8292	5	87	51.000	  81.000	  80.000	  51.638	  42.000	  81.000	AttR1	R	4	50	1	909
8292	5	88	82.000	  47.488	  59.000	  66.000	  45.279	  86.000	ComD2	R	3	50	1	4761
8292	5	89	50.833	  72.000	  47.833	  67.296	  51.833	  61.621	Fill4	R	3	50	1	527
8292	5	90	40.438	  89.000	  38.438	  80.155	  42.438	  72.105	Fill5	R	4	50	1	509
8292	6	1	50.833	  72.000	  48.833	  66.307	  51.833	  62.605	Fill4	R	4	50	1	773
8292	6	2	39.783	  92.000	  38.783	  80.577	  40.783	  76.650	Fill5	R	2	50	3	612
8292	6	3	49.000	  80.000	  78.000	  50.256	  42.000	  80.000	AttR1	R	5	51	1	1423
8292	6	4	47.671	  73.000	  60.000	  58.000	  63.273	  55.000	SimA2	R	2	49	1	570
8292	6	5	46.740	  77.000	  59.000	  61.000	  43.740	  82.281	SimA1	R	3	49	2	677
8292	6	6	48.649	  74.000	  60.000	  60.000	  43.649	  82.477	SimA1	R	2	49	1	893
8292	6	7	97.000	  39.536	  80.000	  47.938	  59.000	  65.000	ComD1	R	2	50	3	540
8292	6	8	81.000	  45.741	  57.000	  65.000	  43.081	  86.000	ComD2	R	5	49	2	610
8292	6	9	75.000	  47.200	  74.000	  41.743	  78.000	  40.231	Fill2	R	2	49	1	556
8292	6	10	76.000	  48.158	  75.000	  43.413	  78.000	  40.654	Fill2	R	2	50	3	1009
8292	6	11	59.000	  60.000	  56.000	  54.893	  60.000	  51.300	Fill3	R	3	50	1	565
8292	6	12	52.000	  79.000	  78.000	  52.667	  45.000	  79.000	AttR1	R	1	50	2	554
8292	6	13	98.000	  38.388	  81.000	  46.444	  57.000	  66.000	ComD1	R	4	49	3	830
8292	6	14	83.000	  46.819	  58.000	  67.000	  45.186	  86.000	ComD2	R	1	50	2	714
8292	6	15	48.000	  75.000	  60.000	  60.000	  43.000	  83.721	SimA1	R	2	51	2	790
8292	6	16	52.029	  68.000	  50.029	  62.543	  54.029	  57.302	Fill4	R	3	50	1	3921
8292	6	17	50.000	  82.000	  82.000	  50.000	  82.000	  42.000	AttR2	R	6	50	2	543
8292	6	18	50.571	  70.000	  47.571	  64.345	  51.571	  59.413	Fill4	R	2	49	1	893
8292	6	19	91.000	  40.220	  89.000	  36.618	  93.000	  34.054	Fill1	R	5	51	1	1229
8292	6	20	48.961	  76.000	  61.000	  61.000	  66.446	  56.000	SimA2	R	2	50	3	830
8292	6	21	92.000	  38.457	  90.000	  33.822	  95.000	  33.000	Fill1	R	5	51	1	626
8292	6	22	47.368	  76.000	  60.000	  60.000	  63.158	  57.000	SimA2	R	3	50	1	845
8292	6	23	52.528	  72.000	  51.528	  63.771	  54.528	  60.868	Fill4	R	5	50	3	909
8292	6	24	49.000	  80.000	  81.000	  48.395	  42.000	  80.000	AttR1	R	2	49	1	602
8292	6	25	82.000	  45.183	  57.000	  65.000	  43.081	  86.000	ComD2	R	3	49	2	605
8292	6	26	91.000	  38.901	  88.000	  34.659	  92.000	  33.804	Fill1	R	4	50	1	607
8292	6	27	47.838	  74.000	  59.000	  60.000	  63.214	  56.000	SimA2	R	5	50	3	530
8292	6	28	73.000	  48.493	  72.000	  42.306	  75.000	  41.707	Fill2	R	1	49	1	479
8292	6	29	48.158	  76.000	  61.000	  60.000	  65.357	  56.000	SimA2	R	5	49	2	1160
8292	6	30	48.961	  76.000	  61.000	  61.000	  45.961	  80.961	SimA1	R	5	49	2	885
8292	6	31	99.000	  39.253	  83.000	  46.819	  58.000	  67.000	ComD1	R	5	49	2	637
8292	6	32	47.368	  76.000	  60.000	  60.000	  42.368	  84.969	SimA1	R	4	50	1	588
8292	6	33	60.000	  60.000	  58.000	  55.052	  61.000	  51.951	Fill3	R	4	50	1	1023
8292	6	34	48.000	  79.000	  79.000	  48.000	  79.000	  41.000	AttR2	R	6	49	3	1105
8292	6	35	39.775	  89.000	  37.775	  79.655	  41.775	  72.579	Fill5	R	2	51	2	1703
8292	6	36	49.000	  81.000	  79.000	  50.241	  40.000	  81.000	AttR1	R	5	51	1	1060
8292	6	37	95.000	  39.811	  94.000	  35.894	  98.000	  33.837	Fill1	R	2	49	1	524
8292	6	38	40.205	  88.000	  38.205	  78.839	  42.205	  71.082	Fill5	R	3	50	1	650
8292	6	39	41.109	  92.000	  38.109	  85.335	  43.109	  75.832	Fill5	R	3	49	2	850
8292	6	40	49.000	  81.000	  79.000	  50.241	  41.000	  81.000	AttR1	R	5	49	2	1530
8292	6	41	97.000	  38.196	  82.000	  45.183	  57.000	  65.000	ComD1	R	2	50	3	623
8292	6	42	47.368	  76.000	  60.000	  60.000	  64.286	  56.000	SimA2	R	3	49	2	634
8292	6	43	96.000	  39.948	  82.000	  46.768	  59.000	  65.000	ComD1	R	3	49	2	626
8292	6	44	50.000	  82.000	  82.000	  50.000	  43.000	  82.000	AttR1	R	6	50	2	749
8292	6	45	96.000	  39.948	  80.000	  47.938	  59.000	  65.000	ComD1	R	3	51	3	2626
8292	6	46	51.000	  79.000	  79.000	  51.000	  43.000	  79.000	AttR1	R	5	51	1	1045
8292	6	47	82.000	  45.976	  58.000	  65.000	  43.837	  86.000	ComD2	R	2	51	2	1477
8292	6	48	50.000	  80.000	  82.000	  48.780	  41.000	  80.000	AttR1	R	1	49	1	8164
8292	6	49	49.000	  81.000	  79.000	  50.241	  79.000	  43.241	AttR2	R	4	50	1	665
8292	6	50	48.649	  74.000	  60.000	  60.000	  64.286	  56.000	SimA2	R	3	50	1	569
8292	6	51	50.000	  80.000	  82.000	  48.780	  82.000	  39.780	AttR2	R	2	49	1	653
8292	6	52	50.000	  82.000	  84.000	  48.810	  43.000	  82.000	AttR1	R	2	50	3	741
8292	6	53	91.000	  39.560	  89.000	  34.865	  93.000	  33.409	Fill1	R	1	49	1	2577
8292	6	54	50.571	  70.000	  47.571	  64.724	  52.571	  58.054	Fill4	R	5	50	3	644
8292	6	55	100.000	  38.860	  84.000	  46.262	  58.000	  67.000	ComD1	R	4	50	1	484
8292	6	56	48.635	  74.000	  61.000	  59.000	  66.648	  54.000	SimA2	R	3	51	3	1260
8292	6	57	76.000	  49.763	  75.000	  43.907	  78.000	  43.141	Fill2	R	5	50	3	548
8292	6	58	39.333	  90.000	  38.333	  78.496	  40.333	  75.099	Fill5	R	1	50	2	634
8292	6	59	48.000	  75.000	  60.000	  60.000	  63.158	  57.000	SimA2	R	3	51	3	666
8292	6	60	80.000	  47.938	  59.000	  65.000	  44.593	  86.000	ComD2	R	4	50	1	674
8292	6	61	61.000	  58.000	  58.000	  52.569	  64.000	  48.266	Fill3	R	2	49	1	5514
8292	6	62	47.368	  76.000	  60.000	  60.000	  43.368	  83.010	SimA1	R	4	50	1	1151
8292	6	63	47.671	  73.000	  60.000	  58.000	  44.671	  77.902	SimA1	R	5	50	3	508
8292	6	64	82.000	  46.768	  59.000	  65.000	  44.593	  86.000	ComD2	R	3	49	2	601
8292	6	65	96.000	  39.271	  82.000	  45.976	  58.000	  65.000	ComD1	R	5	49	2	613
8292	6	66	51.000	  79.000	  79.000	  51.000	  79.000	  42.000	AttR2	R	5	49	2	544
8292	6	67	81.000	  46.444	  57.000	  66.000	  43.744	  86.000	ComD2	R	4	50	1	621
8292	6	68	48.000	  79.000	  79.000	  48.000	  40.000	  79.000	AttR1	R	6	50	2	470
8292	6	69	84.000	  46.262	  58.000	  67.000	  45.186	  86.000	ComD2	R	4	49	3	966
8292	6	70	49.000	  80.000	  78.000	  50.256	  78.000	  41.256	AttR2	R	2	51	2	1257
8292	6	71	48.635	  74.000	  61.000	  59.000	  43.635	  82.479	SimA1	R	4	50	1	602
8292	6	72	50.000	  72.000	  48.000	  65.083	  51.000	  61.843	Fill4	R	3	50	1	653
8292	6	73	49.000	  80.000	  81.000	  48.395	  81.000	  39.395	AttR2	R	4	50	1	676
8292	6	74	40.000	  90.000	  38.000	  81.263	  42.000	  73.357	Fill5	R	5	50	3	548
8292	6	75	97.000	  39.536	  82.000	  46.768	  59.000	  65.000	ComD1	R	6	49	3	722
8292	6	76	48.158	  76.000	  61.000	  60.000	  45.158	  81.049	SimA1	R	6	50	2	550
8292	6	77	46.740	  77.000	  59.000	  61.000	  64.268	  56.000	SimA2	R	3	50	1	645
8292	6	78	91.000	  38.901	  89.000	  35.112	  92.000	  33.489	Fill1	R	4	49	3	565
8292	6	79	49.000	  81.000	  79.000	  50.241	  79.000	  41.241	AttR2	R	5	50	3	658
8292	6	80	76.000	  47.368	  73.000	  42.616	  79.000	  40.405	Fill2	R	3	50	1	482
8292	6	81	52.000	  79.000	  78.000	  52.667	  78.000	  43.667	AttR2	R	5	50	3	842
8292	6	82	47.838	  74.000	  59.000	  60.000	  44.838	  78.951	SimA1	R	2	50	3	482
8292	6	83	59.000	  60.000	  58.000	  53.810	  60.000	  51.067	Fill3	R	3	50	1	458
8292	6	84	62.000	  61.000	  60.000	  56.067	  64.000	  52.609	Fill3	R	2	50	3	1433
8292	6	85	80.000	  47.938	  59.000	  65.000	  43.580	  88.000	ComD2	R	6	50	2	514
8292	6	86	75.000	  47.173	  73.000	  42.397	  76.000	  40.513	Fill2	R	3	50	1	990
8292	6	87	82.000	  46.768	  59.000	  65.000	  44.593	  86.000	ComD2	R	3	50	1	779
8292	6	88	60.000	  61.000	  59.000	  53.729	  62.000	  51.032	Fill3	R	5	49	2	868
8292	6	89	95.000	  39.000	  81.000	  45.741	  57.000	  65.000	ComD1	R	3	49	2	4532
8292	6	90	50.000	  82.000	  84.000	  48.810	  84.000	  40.810	AttR2	R	6	50	2	897
8292	7	1	97.000	  37.526	  81.000	  44.938	  56.000	  65.000	ComD1	R	5	50	3	1845
8292	7	2	47.000	  82.000	  82.000	  47.000	  40.000	  82.000	AttR1	R	3	50	1	721
8292	7	3	48.800	  75.000	  61.000	  60.000	  45.800	  79.913	SimA1	R	5	49	2	815
8292	7	4	94.000	  41.532	  93.000	  36.903	  95.000	  36.305	Fill1	R	5	50	3	1114
8292	7	5	81.000	  44.938	  56.000	  65.000	  43.333	  84.000	ComD2	R	1	50	2	847
8292	7	6	39.333	  90.000	  37.333	  80.464	  40.333	  74.802	Fill5	R	3	51	3	1480
8292	7	7	47.838	  74.000	  60.000	  59.000	  42.838	  82.637	SimA1	R	3	49	2	887
8292	7	8	48.000	  75.000	  60.000	  60.000	  65.455	  55.000	SimA2	R	2	49	1	959
8292	7	9	91.000	  38.901	  89.000	  34.944	  93.000	  33.699	Fill1	R	3	50	1	653
8292	7	10	51.000	  82.000	  83.000	  50.386	  43.000	  82.000	AttR1	R	3	49	2	1093
8292	7	11	92.000	  39.783	  90.000	  35.178	  95.000	  33.326	Fill1	R	3	50	1	701
8292	7	12	47.200	  75.000	  60.000	  59.000	  65.556	  54.000	SimA2	R	1	50	2	787
8292	7	13	48.800	  75.000	  60.000	  61.000	  65.357	  56.000	SimA2	R	4	49	3	965
8292	7	14	76.000	  51.368	  74.000	  46.919	  77.000	  44.403	Fill2	R	5	50	3	594
8292	7	15	77.000	  49.909	  74.000	  46.054	  78.000	  43.449	Fill2	R	3	50	1	580
8292	7	16	48.000	  75.000	  60.000	  60.000	  44.000	  81.818	SimA1	R	1	50	2	519
8292	7	17	74.000	  49.459	  72.000	  45.139	  75.000	  43.373	Fill2	R	4	51	2	756
8292	7	18	98.000	  38.469	  81.000	  46.543	  58.000	  65.000	ComD1	R	5	50	3	681
8292	7	19	74.000	  48.649	  73.000	  43.630	  75.000	  41.947	Fill2	R	3	50	1	625
8292	7	20	51.000	  80.000	  81.000	  50.370	  81.000	  42.370	AttR2	R	1	50	2	732
8292	7	21	80.000	  46.400	  58.000	  64.000	  43.163	  86.000	ComD2	R	1	50	2	602
8292	7	22	81.000	  47.259	  58.000	  66.000	  44.512	  86.000	ComD2	R	4	49	3	1524
8292	7	23	45.789	  76.000	  58.000	  60.000	  40.789	  85.316	SimA1	R	4	49	3	1178
8292	7	24	60.000	  59.000	  57.000	  54.491	  61.000	  50.967	Fill3	R	4	50	1	917
8292	7	25	74.000	  47.838	  71.000	  44.211	  76.000	  40.789	Fill2	R	4	49	3	650
8292	7	26	51.108	  74.000	  48.108	  68.263	  52.108	  64.424	Fill4	R	3	50	1	770
8292	7	27	48.800	  75.000	  61.000	  60.000	  65.357	  56.000	SimA2	R	1	50	2	797
8292	7	28	39.783	  92.000	  38.783	  80.964	  41.783	  75.582	Fill5	R	2	49	1	759
8292	7	29	93.000	  41.323	  90.000	  38.033	  95.000	  35.558	Fill1	R	5	50	3	1629
8292	7	30	76.000	  49.763	  75.000	  44.573	  77.000	  42.675	Fill2	R	3	50	1	527
8292	7	31	52.000	  83.000	  83.000	  52.000	  45.000	  83.000	AttR1	R	2	49	1	749
8292	7	32	40.000	  90.000	  38.000	  80.658	  42.000	  73.357	Fill5	R	3	50	1	586
8292	7	33	61.000	  62.000	  60.000	  55.317	  64.000	  52.484	Fill3	R	5	50	3	717
8292	7	34	95.000	  41.737	  82.000	  48.354	  61.000	  65.000	ComD1	R	2	50	3	578
8292	7	35	52.000	  80.000	  78.000	  53.333	  45.000	  80.000	AttR1	R	4	50	1	517
8292	7	36	49.000	  83.000	  85.000	  47.847	  85.000	  40.847	AttR2	R	4	50	1	610
8292	7	37	50.000	  81.000	  83.000	  48.795	  83.000	  41.795	AttR2	R	4	50	1	630
8292	7	38	96.000	  38.667	  80.000	  46.400	  58.000	  64.000	ComD1	R	3	51	3	990
8292	7	39	52.757	  74.000	  50.757	  68.720	  54.757	  63.335	Fill4	R	5	49	2	962
8292	7	40	51.000	  82.000	  83.000	  50.386	  83.000	  41.386	AttR2	R	4	50	1	598
8292	7	41	61.000	  64.000	  59.000	  57.831	  64.000	  53.922	Fill3	R	4	50	1	410
8292	7	42	51.000	  82.000	  80.000	  52.275	  43.000	  82.000	AttR1	R	4	50	1	524
8292	7	43	49.000	  83.000	  85.000	  47.847	  41.000	  83.000	AttR1	R	5	49	2	457
8292	7	44	47.200	  75.000	  60.000	  59.000	  43.200	  81.944	SimA1	R	5	50	3	657
8292	7	45	92.000	  41.109	  90.000	  37.200	  94.000	  35.840	Fill1	R	3	50	1	561
8292	7	46	49.613	  75.000	  61.000	  61.000	  65.281	  57.000	SimA2	R	6	50	2	423
8292	7	47	47.000	  82.000	  82.000	  47.000	  82.000	  40.000	AttR2	R	4	50	1	562
8292	7	48	60.000	  61.000	  58.000	  55.793	  63.000	  51.238	Fill3	R	3	50	1	526
8292	7	49	48.000	  75.000	  60.000	  60.000	  43.000	  83.721	SimA1	R	2	49	1	813
8292	7	50	46.068	  73.000	  59.000	  57.000	  62.278	  54.000	SimA2	R	2	50	3	1678
8292	7	51	81.000	  45.827	  58.000	  64.000	  42.667	  87.000	ComD2	R	5	49	2	615
8292	7	52	51.000	  82.000	  80.000	  52.275	  80.000	  45.275	AttR2	R	3	50	1	545
8292	7	53	51.000	  80.000	  81.000	  50.370	  42.000	  80.000	AttR1	R	1	50	2	631
8292	7	54	49.000	  80.000	  82.000	  47.805	  40.000	  80.000	AttR1	R	3	50	1	730
8292	7	55	47.200	  75.000	  59.000	  60.000	  42.200	  83.886	SimA1	R	1	50	2	1063
8292	7	56	47.838	  74.000	  60.000	  59.000	  64.364	  55.000	SimA2	R	5	50	3	2927
8292	7	57	48.000	  75.000	  60.000	  60.000	  64.286	  56.000	SimA2	R	3	49	2	973
8292	7	58	49.613	  75.000	  61.000	  61.000	  45.613	  81.577	SimA1	R	2	49	1	847
8292	7	59	92.000	  39.130	  91.000	  34.253	  95.000	  32.811	Fill1	R	2	49	1	534
8292	7	60	50.000	  81.000	  83.000	  48.795	  43.000	  81.000	AttR1	R	2	49	1	845
8292	7	61	81.000	  46.543	  58.000	  65.000	  44.353	  85.000	ComD2	R	5	49	2	581
8292	7	62	51.304	  69.000	  49.304	  63.179	  52.304	  58.714	Fill4	R	5	51	1	1270
8292	7	63	80.000	  45.600	  57.000	  64.000	  43.429	  84.000	ComD2	R	2	51	2	1782
8292	7	64	41.532	  94.000	  39.532	  85.501	  42.532	  78.999	Fill5	R	5	50	3	1922
8292	7	65	41.772	  92.000	  38.772	  85.836	  43.772	  75.757	Fill5	R	5	50	3	1111
8292	7	66	80.000	  46.400	  58.000	  64.000	  42.667	  87.000	ComD2	R	2	50	3	2020
8292	7	67	49.000	  80.000	  82.000	  47.805	  82.000	  39.805	AttR2	R	3	49	2	910
8292	7	68	52.000	  80.000	  78.000	  53.333	  78.000	  45.333	AttR2	R	5	49	2	645
8292	7	69	95.000	  39.684	  82.000	  45.976	  58.000	  65.000	ComD1	R	2	50	3	1053
8292	7	70	61.000	  63.000	  59.000	  58.051	  63.000	  54.286	Fill3	R	5	50	3	1189
8292	7	71	95.000	  39.074	  81.000	  45.827	  58.000	  64.000	ComD1	R	5	50	3	1086
8292	7	72	97.000	  40.144	  82.000	  47.488	  59.000	  66.000	ComD1	R	5	51	1	1255
8292	7	73	47.200	  75.000	  59.000	  60.000	  63.214	  56.000	SimA2	R	2	50	3	567
8292	7	74	46.068	  73.000	  59.000	  57.000	  43.068	  78.085	SimA1	R	4	50	1	955
8292	7	75	51.000	  80.000	  80.000	  51.000	  80.000	  44.000	AttR2	R	3	50	1	879
8292	7	76	52.000	  83.000	  83.000	  52.000	  83.000	  44.000	AttR2	R	2	49	1	616
8292	7	77	82.000	  47.488	  59.000	  66.000	  44.250	  88.000	ComD2	R	2	51	2	1097
8292	7	78	51.000	  80.000	  80.000	  51.000	  42.000	  80.000	AttR1	R	4	50	1	705
8292	7	79	82.000	  45.976	  58.000	  65.000	  43.333	  87.000	ComD2	R	2	51	2	815
8292	7	80	97.000	  38.268	  80.000	  46.400	  58.000	  64.000	ComD1	R	4	49	3	633
8292	7	81	82.000	  48.354	  61.000	  65.000	  44.551	  89.000	ComD2	R	6	50	2	2017
8292	7	82	50.000	  72.000	  49.000	  65.020	  51.000	  61.725	Fill4	R	1	49	1	2533
8292	7	83	51.932	  74.000	  49.932	  68.853	  53.932	  63.802	Fill4	R	6	49	3	649
8292	7	84	48.800	  75.000	  60.000	  61.000	  44.800	  81.696	SimA1	R	2	51	2	3089
8292	7	85	50.137	  73.000	  49.137	  64.982	  51.137	  63.398	Fill4	R	3	50	1	1050
8292	7	86	45.789	  76.000	  58.000	  60.000	  62.143	  56.000	SimA2	R	2	50	3	842
8292	7	87	60.000	  60.000	  59.000	  52.814	  61.000	  52.115	Fill3	R	5	50	3	811
8292	7	88	41.109	  92.000	  40.109	  80.955	  42.109	  77.442	Fill5	R	5	50	3	1438
8292	7	89	99.000	  38.667	  81.000	  47.259	  58.000	  66.000	ComD1	R	6	50	2	653
8292	7	90	94.000	  38.809	  80.000	  45.600	  57.000	  64.000	ComD1	R	5	49	2	1684
8292	8	1	47.000	  80.000	  78.000	  48.205	  78.000	  40.205	AttR2	R	5	49	2	909
8292	8	2	41.560	  91.000	  39.560	  82.962	  42.560	  76.409	Fill5	R	4	49	3	577
8292	8	3	48.857	  70.000	  47.857	  62.373	  50.857	  58.084	Fill4	R	4	50	1	484
8292	8	4	48.000	  82.000	  81.000	  48.593	  81.000	  39.593	AttR2	R	4	50	1	500
8292	8	5	60.000	  61.000	  59.000	  54.034	  61.000	  53.016	Fill3	R	1	49	1	562
8292	8	6	47.692	  78.000	  60.000	  62.000	  44.692	  83.236	SimA1	R	2	50	3	655
8292	8	7	95.000	  39.684	  81.000	  46.543	  58.000	  65.000	ComD1	R	3	51	3	886
8292	8	8	48.773	  75.000	  62.000	  59.000	  45.773	  79.916	SimA1	R	5	49	2	750
8292	8	9	62.000	  61.000	  59.000	  57.017	  63.000	  53.000	Fill3	R	5	49	2	748
8292	8	10	46.553	  76.000	  58.000	  61.000	  62.070	  57.000	SimA2	R	6	49	3	641
8292	8	11	53.268	  71.000	  52.268	  63.060	  54.268	  61.510	Fill4	R	5	51	1	1122
8292	8	12	49.859	  71.000	  47.859	  64.941	  50.859	  60.422	Fill4	R	5	51	1	976
8292	8	13	47.000	  79.000	  79.000	  47.000	  39.000	  79.000	AttR1	R	5	49	2	674
8292	8	14	80.000	  46.312	  57.000	  65.000	  43.588	  85.000	ComD2	R	6	50	2	593
8292	8	15	40.220	  91.000	  37.220	  84.203	  42.220	  74.183	Fill5	R	4	50	1	572
8292	8	16	49.944	  72.000	  62.000	  58.000	  45.944	  78.268	SimA1	R	3	49	2	607
8292	8	17	57.000	  60.000	  56.000	  52.607	  59.000	  50.576	Fill3	R	1	49	1	658
8292	8	18	59.000	  60.000	  56.000	  55.161	  62.000	  49.806	Fill3	R	5	51	1	1201
8292	8	19	48.773	  75.000	  62.000	  59.000	  66.509	  55.000	SimA2	R	4	50	1	1364
8292	8	20	47.685	  73.000	  59.000	  59.000	  64.463	  54.000	SimA2	R	2	50	3	5169
8292	8	21	62.000	  58.000	  60.000	  52.017	  63.000	  49.349	Fill3	R	2	49	1	612
8292	8	22	73.000	  48.493	  71.000	  43.817	  74.000	  41.568	Fill2	R	4	50	1	582
8292	8	23	49.944	  72.000	  62.000	  58.000	  65.382	  55.000	SimA2	R	3	50	1	569
8292	8	24	92.000	  38.478	  89.000	  34.528	  95.000	  32.432	Fill1	R	6	50	2	749
8292	8	25	92.000	  38.478	  91.000	  34.451	  95.000	  32.232	Fill1	R	3	50	1	474
8292	8	26	47.000	  79.000	  79.000	  47.000	  79.000	  38.000	AttR2	R	3	50	1	809
8292	8	27	81.000	  46.444	  57.000	  66.000	  43.744	  86.000	ComD2	R	4	51	2	1244
8292	8	28	50.000	  82.000	  80.000	  51.250	  41.000	  82.000	AttR1	R	3	49	2	1021
8292	8	29	47.041	  74.000	  59.000	  59.000	  64.463	  54.000	SimA2	R	3	50	1	671
8292	8	30	50.000	  79.000	  79.000	  50.000	  79.000	  42.000	AttR2	R	6	50	2	607
8292	8	31	47.027	  74.000	  60.000	  58.000	  63.273	  55.000	SimA2	R	1	50	2	690
8292	8	32	38.427	  89.000	  36.427	  79.721	  39.427	  73.858	Fill5	R	5	51	1	1283
8292	8	33	47.685	  73.000	  59.000	  59.000	  44.685	  77.901	SimA1	R	4	50	1	1226
8292	8	34	81.000	  45.827	  58.000	  64.000	  42.667	  87.000	ComD2	R	3	49	2	773
8292	8	35	92.000	  39.783	  91.000	  35.044	  93.000	  35.011	Fill1	R	1	49	1	567
8292	8	36	81.000	  46.543	  58.000	  65.000	  44.353	  85.000	ComD2	R	4	50	1	522
8292	8	37	49.000	  83.000	  81.000	  50.210	  42.000	  83.000	AttR1	R	6	51	1	879
8292	8	38	78.000	  46.103	  76.000	  41.408	  79.000	  40.291	Fill2	R	2	49	1	615
8292	8	39	81.000	  44.938	  56.000	  65.000	  43.333	  84.000	ComD2	R	2	51	2	1241
8292	8	40	53.000	  78.000	  79.000	  52.329	  46.000	  78.000	AttR1	R	1	32	0	1225
8292	8	41	60.000	  59.000	  57.000	  54.439	  62.000	  49.903	Fill3	R	4	50	1	332
8292	8	42	50.000	  80.000	  82.000	  48.780	  82.000	  40.780	AttR2	R	1	50	2	561
8292	8	43	73.000	  46.849	  71.000	  41.775	  74.000	  39.986	Fill2	R	5	51	1	1087
8292	8	44	47.041	  74.000	  59.000	  59.000	  44.041	  79.041	SimA1	R	5	49	2	511
8292	8	45	100.000	  39.530	  83.000	  47.627	  59.000	  67.000	ComD1	R	3	49	2	660
8292	8	46	50.000	  80.000	  82.000	  48.780	  42.000	  80.000	AttR1	R	5	49	2	564
8292	8	47	47.027	  74.000	  60.000	  58.000	  43.027	  80.879	SimA1	R	3	49	2	585
8292	8	48	47.532	  77.000	  60.000	  61.000	  43.532	  84.075	SimA1	R	5	49	2	516
8292	8	49	49.763	  76.000	  62.000	  61.000	  66.351	  57.000	SimA2	R	5	50	3	537
8292	8	50	49.859	  71.000	  48.859	  63.857	  50.859	  60.461	Fill4	R	2	49	1	399
8292	8	51	49.763	  76.000	  62.000	  61.000	  46.763	  80.876	SimA1	R	2	50	3	698
8292	8	52	82.000	  45.976	  58.000	  65.000	  43.333	  87.000	ComD2	R	3	50	1	582
8292	8	53	95.000	  39.000	  80.000	  46.312	  57.000	  65.000	ComD1	R	2	50	3	674
8292	8	54	46.553	  76.000	  58.000	  61.000	  43.553	  81.235	SimA1	R	4	49	3	506
8292	8	55	97.000	  38.866	  81.000	  46.543	  58.000	  65.000	ComD1	R	2	51	2	607
8292	8	56	98.000	  38.469	  82.000	  45.976	  58.000	  65.000	ComD1	R	4	49	3	634
8292	8	57	95.000	  39.811	  94.000	  35.585	  96.000	  34.656	Fill1	R	4	50	1	778
8292	8	58	39.333	  90.000	  38.333	  78.861	  41.333	  73.210	Fill5	R	5	49	2	669
8292	8	59	53.000	  78.000	  79.000	  52.329	  79.000	  45.329	AttR2	R	1	50	2	557
8292	8	60	40.864	  88.000	  39.864	  76.436	  41.864	  73.620	Fill5	R	3	50	1	794
8292	8	61	82.000	  46.683	  58.000	  66.000	  45.035	  85.000	ComD2	R	5	49	2	661
8292	8	62	94.000	  40.170	  80.000	  47.200	  59.000	  64.000	ComD1	R	5	50	3	597
8292	8	63	97.000	  39.464	  82.000	  46.683	  58.000	  66.000	ComD1	R	5	50	3	598
8292	8	64	98.000	  37.143	  81.000	  44.938	  56.000	  65.000	ComD1	R	2	50	3	633
8292	8	65	52.000	  81.000	  80.000	  52.650	  80.000	  43.650	AttR2	R	4	51	2	2073
8292	8	66	50.000	  80.000	  81.000	  49.383	  42.000	  80.000	AttR1	R	3	49	2	641
8292	8	67	83.000	  47.627	  59.000	  67.000	  44.920	  88.000	ComD2	R	4	50	1	553
8292	8	68	81.000	  46.543	  58.000	  65.000	  43.333	  87.000	ComD2	R	4	51	2	958
8292	8	69	96.000	  39.188	  81.000	  46.444	  57.000	  66.000	ComD1	R	2	50	3	500
8292	8	70	76.000	  46.579	  73.000	  42.767	  77.000	  39.844	Fill2	R	4	50	1	570
8292	8	71	50.000	  80.000	  81.000	  49.383	  81.000	  41.383	AttR2	R	4	50	1	828
8292	8	72	75.000	  48.800	  73.000	  43.342	  76.000	  42.566	Fill2	R	3	50	1	623
8292	8	73	76.000	  49.763	  74.000	  45.419	  77.000	  43.000	Fill2	R	3	50	1	614
8292	8	74	48.000	  82.000	  81.000	  48.593	  39.000	  82.000	AttR1	R	5	50	3	545
8292	8	75	90.000	  38.000	  87.000	  34.172	  93.000	  31.462	Fill1	R	3	50	1	635
8292	8	76	46.579	  76.000	  59.000	  60.000	  42.579	  83.140	SimA1	R	5	49	2	753
8292	8	77	51.549	  71.000	  49.549	  64.703	  53.549	  59.571	Fill4	R	6	50	2	519
8292	8	78	40.227	  88.000	  38.227	  78.949	  41.227	  73.665	Fill5	R	2	49	1	1037
8292	8	79	93.000	  38.667	  90.000	  34.778	  94.000	  33.670	Fill1	R	4	50	1	532
8292	8	80	47.000	  80.000	  78.000	  48.205	  38.000	  80.000	AttR1	R	2	49	1	602
8292	8	81	52.116	  69.000	  51.116	  60.901	  53.116	  59.624	Fill4	R	3	50	1	613
8292	8	82	50.000	  82.000	  80.000	  51.250	  80.000	  43.250	AttR2	R	2	49	1	728
8292	8	83	80.000	  47.200	  59.000	  64.000	  43.402	  87.000	ComD2	R	4	50	1	1030
8292	8	84	50.000	  79.000	  79.000	  50.000	  43.000	  79.000	AttR1	R	2	49	1	823
8292	8	85	94.000	  39.489	  81.000	  45.827	  58.000	  64.000	ComD1	R	5	50	3	722
8292	8	86	49.000	  83.000	  81.000	  50.210	  81.000	  41.210	AttR2	R	2	51	2	1038
8292	8	87	46.579	  76.000	  59.000	  60.000	  64.364	  55.000	SimA2	R	3	49	2	838
8292	8	88	47.532	  77.000	  60.000	  61.000	  65.357	  56.000	SimA2	R	3	49	2	1742
8292	8	89	47.692	  78.000	  60.000	  62.000	  65.263	  57.000	SimA2	R	3	51	3	1228
8292	8	90	52.000	  81.000	  80.000	  52.650	  45.000	  81.000	AttR1	R	4	50	1	598
