username: S31, Experiment time (minutes): 45
Operating system: Mac OS 10.8.5
Manufacturer: Google Pepper
Player type: PlugIn
Version: MAC 11,6,602,180

username	blkNum	trlNum	Rect1Height	Rect1Width	Rect2Height	Rect2Width	Rect3Height	Rect3Width	Effect	StimType	StimPosition	rawResp	response	RT
184	0	1	77.000	  49.117	  74.000	  44.432	  79.000	  41.734	Fill2	R	4	50	1	5672
184	0	2	59.000	  59.000	  58.000	  52.224	  60.000	  49.917	Fill3	R	5	51	1	4320
184	0	3	90.000	  38.633	  88.000	  34.398	  91.000	  33.473	Fill1	R	5	51	1	2462
184	1	1	95.000	  38.400	  79.000	  46.177	  57.000	  64.000	ComD1	R	4	49	3	1917
184	1	2	92.000	  39.120	  91.000	  34.132	  95.000	  32.916	Fill1	R	1	49	1	2271
184	1	3	75.000	  47.987	  72.000	  44.319	  77.000	  41.208	Fill2	R	2	49	1	2983
184	1	4	48.800	  75.000	  61.000	  60.000	  45.800	  79.913	SimA1	R	5	51	1	2122
184	1	5	51.240	  75.000	  63.000	  61.000	  47.240	  81.351	SimA1	R	5	51	1	3079
184	1	6	92.000	  39.783	  89.000	  36.315	  93.000	  34.753	Fill1	R	4	50	1	2607
184	1	7	95.000	  39.684	  80.000	  47.125	  58.000	  65.000	ComD1	R	3	51	3	2459
184	1	8	49.000	  82.000	  84.000	  47.833	  84.000	  40.833	AttR2	R	5	49	2	3859
184	1	9	52.000	  76.000	  74.000	  53.405	  74.000	  44.405	AttR2	R	3	50	1	3682
184	1	10	48.325	  77.000	  61.000	  61.000	  45.325	  82.097	SimA1	R	2	51	2	1898
184	1	11	75.000	  46.400	  74.000	  40.986	  76.000	  40.487	Fill2	R	4	50	1	1575
184	1	12	101.000	  39.050	  85.000	  46.400	  58.000	  68.000	ComD1	R	4	49	3	2739
184	1	13	49.000	  82.000	  84.000	  47.833	  40.000	  82.000	AttR1	R	5	51	1	1431
184	1	14	61.000	  60.000	  59.000	  54.915	  62.000	  52.242	Fill3	R	3	50	1	1602
184	1	15	47.355	  76.000	  59.000	  61.000	  42.355	  84.972	SimA1	R	2	51	2	2301
184	1	16	92.000	  39.120	  91.000	  34.429	  94.000	  33.362	Fill1	R	6	51	1	1555
184	1	17	81.000	  47.259	  58.000	  66.000	  44.512	  86.000	ComD2	R	4	51	2	1312
184	1	18	97.000	  39.464	  83.000	  46.120	  58.000	  66.000	ComD1	R	1	49	1	2133
184	1	19	92.000	  37.196	  89.000	  33.607	  93.000	  31.742	Fill1	R	1	49	1	1635
184	1	20	47.838	  74.000	  59.000	  60.000	  64.364	  55.000	SimA2	R	3	51	3	1154
184	1	21	51.240	  75.000	  63.000	  61.000	  66.259	  58.000	SimA2	R	2	50	3	1263
184	1	22	83.000	  46.120	  58.000	  66.000	  45.035	  85.000	ComD2	R	2	51	2	1262
184	1	23	46.000	  80.000	  81.000	  45.432	  39.000	  80.000	AttR1	R	3	50	1	3663
184	1	24	59.000	  58.000	  56.000	  52.964	  60.000	  50.367	Fill3	R	2	49	1	4655
184	1	25	76.000	  48.158	  75.000	  42.493	  77.000	  41.351	Fill2	R	3	50	1	1375
184	1	26	50.000	  80.000	  78.000	  51.282	  43.000	  80.000	AttR1	R	5	51	1	1139
184	1	27	48.886	  70.000	  47.886	  62.628	  49.886	  60.037	Fill4	R	3	50	1	1255
184	1	28	50.000	  80.000	  80.000	  50.000	  80.000	  42.000	AttR2	R	3	51	3	1215
184	1	29	48.325	  77.000	  61.000	  61.000	  65.281	  57.000	SimA2	R	2	49	1	1442
184	1	30	46.579	  76.000	  59.000	  60.000	  62.105	  57.000	SimA2	R	2	51	2	1203
184	1	31	53.014	  69.000	  50.014	  65.041	  54.014	  58.632	Fill4	R	4	50	1	2405
184	1	32	59.000	  61.000	  56.000	  57.018	  61.000	  51.197	Fill3	R	4	50	1	3143
184	1	33	82.000	  47.561	  60.000	  65.000	  44.318	  88.000	ComD2	R	4	49	3	6030
184	1	34	41.101	  89.000	  39.101	  80.126	  42.101	  73.917	Fill5	R	4	50	1	2023
184	1	35	46.000	  80.000	  81.000	  45.432	  81.000	  38.432	AttR2	R	5	51	1	2546
184	1	36	38.886	  88.000	  35.886	  81.312	  40.886	  70.610	Fill5	R	5	51	1	2015
184	1	37	50.000	  81.000	  82.000	  49.390	  82.000	  41.390	AttR2	R	6	50	2	1627
184	1	38	49.000	  80.000	  81.000	  48.395	  81.000	  41.395	AttR2	R	6	49	3	2949
184	1	39	73.000	  49.301	  70.000	  45.086	  76.000	  41.697	Fill2	R	2	49	1	1787
184	1	40	45.627	  75.000	  58.000	  59.000	  61.107	  56.000	SimA2	R	5	51	1	1686
184	1	41	52.000	  76.000	  74.000	  53.405	  44.000	  76.000	AttR1	R	5	51	1	1262
184	1	42	50.000	  80.000	  78.000	  51.282	  78.000	  44.282	AttR2	R	5	49	2	1557
184	1	43	49.714	  70.000	  47.714	  63.419	  50.714	  60.042	Fill4	R	1	49	1	1530
184	1	44	80.000	  47.125	  58.000	  65.000	  44.353	  85.000	ComD2	R	4	51	2	1127
184	1	45	47.685	  73.000	  59.000	  59.000	  62.161	  56.000	SimA2	R	6	51	1	1125
184	1	46	53.000	  80.000	  81.000	  52.346	  45.000	  80.000	AttR1	R	6	50	2	1186
184	1	47	82.000	  45.183	  57.000	  65.000	  43.081	  86.000	ComD2	R	2	49	1	1829
184	1	48	98.000	  39.796	  82.000	  47.561	  60.000	  65.000	ComD1	R	4	49	3	1775
184	1	49	45.627	  75.000	  58.000	  59.000	  42.627	  80.278	SimA1	R	4	51	2	1042
184	1	50	39.989	  90.000	  38.989	  78.304	  41.989	  73.734	Fill5	R	3	50	1	4059
184	1	51	80.000	  46.400	  58.000	  64.000	  43.671	  85.000	ComD2	R	2	51	2	1106
184	1	52	48.800	  75.000	  61.000	  60.000	  66.545	  55.000	SimA2	R	1	51	3	1503
184	1	53	49.000	  80.000	  81.000	  48.395	  42.000	  80.000	AttR1	R	2	49	1	1550
184	1	54	79.000	  46.177	  57.000	  64.000	  43.429	  84.000	ComD2	R	1	50	2	971
184	1	55	96.000	  39.875	  81.000	  47.259	  58.000	  66.000	ComD1	R	4	49	3	798
184	1	56	47.671	  73.000	  60.000	  58.000	  64.444	  54.000	SimA2	R	5	50	3	808
184	1	57	82.000	  45.976	  58.000	  65.000	  43.837	  86.000	ComD2	R	5	49	2	811
184	1	58	39.120	  92.000	  38.120	  80.169	  41.120	  74.539	Fill5	R	2	49	1	2324
184	1	59	49.000	  79.000	  81.000	  47.790	  42.000	  79.000	AttR1	R	4	50	1	2786
184	1	60	85.000	  46.400	  58.000	  68.000	  46.400	  85.000	ComD2	R	5	49	2	1470
184	1	61	47.671	  73.000	  60.000	  58.000	  43.671	  79.686	SimA1	R	1	51	3	1973
184	1	62	97.000	  38.866	  81.000	  46.543	  58.000	  65.000	ComD1	R	3	50	1	1688
184	1	63	46.579	  76.000	  59.000	  60.000	  43.579	  81.232	SimA1	R	3	49	2	1103
184	1	64	81.000	  46.543	  58.000	  65.000	  43.837	  86.000	ComD2	R	5	51	1	2262
184	1	65	50.000	  81.000	  82.000	  49.390	  42.000	  81.000	AttR1	R	2	49	1	997
184	1	66	39.545	  88.000	  37.545	  79.077	  40.545	  72.388	Fill5	R	1	49	1	2736
184	1	67	47.838	  74.000	  59.000	  60.000	  43.838	  80.752	SimA1	R	2	51	2	1389
184	1	68	92.000	  37.826	  91.000	  33.055	  93.000	  32.376	Fill1	R	4	50	1	1647
184	1	69	48.635	  74.000	  61.000	  59.000	  66.648	  54.000	SimA2	R	1	50	2	3360
184	1	70	96.000	  39.271	  82.000	  45.976	  58.000	  65.000	ComD1	R	2	51	2	980
184	1	71	62.000	  59.000	  60.000	  52.850	  63.000	  50.381	Fill3	R	4	49	3	1543
184	1	72	52.000	  79.000	  77.000	  53.351	  77.000	  45.351	AttR2	R	3	49	2	1385
184	1	73	95.000	  38.505	  92.000	  35.033	  97.000	  32.948	Fill1	R	3	50	1	2535
184	1	74	49.000	  79.000	  81.000	  47.790	  81.000	  39.790	AttR2	R	4	49	3	829
184	1	75	52.000	  79.000	  77.000	  53.351	  43.000	  79.000	AttR1	R	2	51	2	631
184	1	76	47.685	  73.000	  59.000	  59.000	  43.685	  79.684	SimA1	R	5	49	2	472
184	1	77	48.635	  74.000	  61.000	  59.000	  44.635	  80.632	SimA1	R	3	50	1	272
184	1	78	59.000	  61.000	  57.000	  55.509	  60.000	  52.300	Fill3	R	2	51	2	312
184	1	79	75.000	  45.627	  73.000	  41.288	  77.000	  38.325	Fill2	R	1	49	1	405
184	1	80	49.986	  72.000	  48.986	  65.141	  51.986	  61.497	Fill4	R	2	50	3	263
184	1	81	60.000	  58.000	  58.000	  52.103	  63.000	  47.810	Fill3	R	2	51	2	239
184	1	82	40.667	  90.000	  37.667	  83.841	  42.667	  73.852	Fill5	R	4	50	1	232
184	1	83	98.000	  37.806	  82.000	  45.183	  57.000	  65.000	ComD1	R	2	50	3	607
184	1	84	50.833	  72.000	  48.833	  64.853	  51.833	  62.045	Fill4	R	5	51	1	1002
184	1	85	50.690	  71.000	  49.690	  62.970	  52.690	  58.835	Fill4	R	5	51	1	1437
184	1	86	78.000	  46.897	  76.000	  42.000	  80.000	  39.587	Fill2	R	3	50	1	966
184	1	87	97.000	  38.268	  80.000	  46.400	  58.000	  64.000	ComD1	R	3	49	2	3008
184	1	88	47.355	  76.000	  59.000	  61.000	  62.052	  58.000	SimA2	R	5	49	2	1507
184	1	89	50.000	  80.000	  80.000	  50.000	  42.000	  80.000	AttR1	R	3	51	3	3055
184	1	90	53.000	  80.000	  81.000	  52.346	  81.000	  43.346	AttR2	R	5	51	1	1663
184	2	1	50.973	  73.000	  47.973	  67.351	  51.973	  62.822	Fill4	R	3	51	3	4310
184	2	2	48.000	  78.000	  77.000	  48.623	  40.000	  78.000	AttR1	R	3	49	2	1283
184	2	3	75.000	  46.413	  73.000	  42.192	  76.000	  40.118	Fill2	R	2	49	1	1226
184	2	4	47.811	  74.000	  61.000	  58.000	  64.327	  55.000	SimA2	R	1	49	1	1781
184	2	5	71.000	  47.366	  70.000	  41.714	  72.000	  40.444	Fill2	R	5	51	1	824
184	2	6	95.000	  40.421	  81.000	  47.407	  60.000	  64.000	ComD1	R	4	49	3	842
184	2	7	98.000	  39.735	  81.000	  48.074	  59.000	  66.000	ComD1	R	5	51	1	938
184	2	8	48.325	  77.000	  61.000	  61.000	  43.325	  85.886	SimA1	R	4	51	2	1288
184	2	9	49.028	  71.000	  48.028	  62.172	  50.028	  59.606	Fill4	R	5	51	1	864
184	2	10	47.000	  81.000	  81.000	  47.000	  38.000	  81.000	AttR1	R	5	51	1	1704
184	2	11	47.368	  76.000	  60.000	  60.000	  63.158	  57.000	SimA2	R	3	49	2	1061
184	2	12	59.000	  60.000	  57.000	  53.509	  60.000	  51.667	Fill3	R	4	50	1	1509
184	2	13	53.000	  81.000	  82.000	  52.354	  82.000	  44.354	AttR2	R	6	50	2	1682
184	2	14	56.000	  60.000	  53.000	  54.340	  59.000	  49.763	Fill3	R	5	51	1	1370
184	2	15	49.000	  78.000	  77.000	  49.636	  77.000	  41.636	AttR2	R	4	50	1	5477
184	2	16	47.838	  74.000	  60.000	  59.000	  63.214	  56.000	SimA2	R	6	51	1	933
184	2	17	96.000	  39.188	  82.000	  45.878	  57.000	  66.000	ComD1	R	4	49	3	627
184	2	18	96.000	  39.271	  81.000	  46.543	  58.000	  65.000	ComD1	R	2	51	2	1478
184	2	19	40.890	  91.000	  39.890	  80.747	  42.890	  74.563	Fill5	R	4	50	1	1414
184	2	20	95.000	  39.684	  80.000	  47.125	  58.000	  65.000	ComD1	R	3	49	2	2591
184	2	21	46.667	  72.000	  43.667	  67.328	  48.667	  59.630	Fill4	R	2	49	1	1995
184	2	22	49.459	  74.000	  61.000	  60.000	  64.211	  57.000	SimA2	R	4	51	2	1142
184	2	23	62.000	  61.000	  61.000	  54.705	  65.000	  51.523	Fill3	R	2	49	1	714
184	2	24	48.132	  76.000	  59.000	  62.000	  63.069	  58.000	SimA2	R	3	50	1	1446
184	2	25	94.000	  38.809	  79.000	  46.177	  57.000	  64.000	ComD1	R	5	51	1	998
184	2	26	49.282	  78.000	  62.000	  62.000	  45.282	  84.890	SimA1	R	1	49	1	1034
184	2	27	96.000	  39.333	  80.000	  47.200	  59.000	  64.000	ComD1	R	5	49	2	1689
184	2	28	52.000	  79.000	  79.000	  52.000	  45.000	  79.000	AttR1	R	3	49	2	2562
184	2	29	47.368	  76.000	  60.000	  60.000	  42.368	  84.969	SimA1	R	5	49	2	1280
184	2	30	95.000	  39.684	  81.000	  46.543	  58.000	  65.000	ComD1	R	4	51	2	1415
184	2	31	47.200	  75.000	  59.000	  60.000	  64.364	  55.000	SimA2	R	4	51	2	963
184	2	32	84.000	  46.262	  58.000	  67.000	  45.718	  85.000	ComD2	R	4	49	3	1159
184	2	33	59.000	  59.000	  58.000	  52.103	  61.000	  50.098	Fill3	R	4	51	2	862
184	2	34	53.000	  81.000	  82.000	  52.354	  46.000	  81.000	AttR1	R	3	49	2	725
184	2	35	73.000	  48.493	  70.000	  44.571	  76.000	  40.066	Fill2	R	3	50	1	739
184	2	36	47.838	  74.000	  60.000	  59.000	  43.838	  80.752	SimA1	R	3	51	3	1159
184	2	37	49.000	  79.000	  77.000	  50.273	  40.000	  79.000	AttR1	R	4	51	2	1526
184	2	38	77.000	  48.325	  75.000	  44.267	  79.000	  41.278	Fill2	R	4	49	3	842
184	2	39	49.459	  74.000	  61.000	  60.000	  46.459	  78.778	SimA1	R	5	50	3	915
184	2	40	96.000	  39.948	  81.000	  47.346	  59.000	  65.000	ComD1	R	5	51	1	967
184	2	41	39.775	  89.000	  38.775	  77.188	  40.775	  74.310	Fill5	R	5	51	1	994
184	2	42	39.112	  89.000	  37.112	  79.623	  40.112	  73.693	Fill5	R	4	50	1	2445
184	2	43	71.000	  47.324	  68.000	  43.132	  73.000	  40.164	Fill2	R	1	49	1	1165
184	2	44	41.109	  92.000	  40.109	  80.606	  43.109	  75.112	Fill5	R	1	49	1	2102
184	2	45	81.000	  48.074	  59.000	  66.000	  44.759	  87.000	ComD2	R	4	51	2	1341
184	2	46	51.000	  80.000	  79.000	  51.646	  44.000	  80.000	AttR1	R	5	49	2	658
184	2	47	81.000	  46.543	  58.000	  65.000	  43.837	  86.000	ComD2	R	1	49	1	890
184	2	48	94.000	  40.234	  91.000	  37.154	  95.000	  35.232	Fill1	R	4	50	1	1170
184	2	49	48.739	  69.000	  46.739	  62.432	  50.739	  57.037	Fill4	R	4	50	1	998
184	2	50	52.000	  79.000	  79.000	  52.000	  79.000	  44.000	AttR2	R	4	51	2	1335
184	2	51	92.000	  40.446	  89.000	  37.169	  95.000	  34.842	Fill1	R	1	49	1	773
184	2	52	52.000	  78.000	  80.000	  50.700	  45.000	  78.000	AttR1	R	3	49	2	1215
184	2	53	81.000	  47.346	  59.000	  65.000	  43.580	  88.000	ComD2	R	1	49	1	1474
184	2	54	50.000	  79.000	  81.000	  48.765	  81.000	  41.765	AttR2	R	3	49	2	1851
184	2	55	50.000	  79.000	  81.000	  48.765	  41.000	  79.000	AttR1	R	4	51	2	969
184	2	56	51.000	  80.000	  79.000	  51.646	  79.000	  42.646	AttR2	R	5	49	2	1173
184	2	57	49.000	  78.000	  77.000	  49.636	  77.000	  40.636	AttR2	R	3	49	2	616
184	2	58	81.000	  47.407	  60.000	  64.000	  43.146	  89.000	ComD2	R	2	50	3	2259
184	2	59	82.000	  45.878	  57.000	  66.000	  44.786	  84.000	ComD2	R	4	50	1	786
184	2	60	52.000	  78.000	  80.000	  50.700	  80.000	  42.700	AttR2	R	2	51	2	958
184	2	61	47.368	  76.000	  60.000	  60.000	  42.368	  84.969	SimA1	R	6	51	1	1642
184	2	62	47.532	  77.000	  60.000	  61.000	  63.103	  58.000	SimA2	R	4	49	3	2314
184	2	63	49.000	  78.000	  77.000	  49.636	  41.000	  78.000	AttR1	R	6	50	2	1103
184	2	64	49.282	  78.000	  62.000	  62.000	  65.153	  59.000	SimA2	R	3	50	1	1573
184	2	65	47.368	  76.000	  60.000	  60.000	  64.286	  56.000	SimA2	R	3	50	1	1488
184	2	66	48.325	  77.000	  61.000	  61.000	  64.155	  58.000	SimA2	R	2	49	1	1104
184	2	67	90.000	  37.367	  88.000	  33.170	  92.000	  31.293	Fill1	R	5	51	1	1077
184	2	68	61.000	  61.000	  59.000	  55.237	  63.000	  52.476	Fill3	R	3	51	3	1117
184	2	69	80.000	  47.125	  58.000	  65.000	  43.837	  86.000	ComD2	R	3	51	3	7313
184	2	70	49.000	  79.000	  77.000	  50.273	  77.000	  42.273	AttR2	R	4	50	1	718
184	2	71	47.811	  74.000	  61.000	  58.000	  42.811	  82.643	SimA1	R	6	49	3	749
184	2	72	47.000	  81.000	  81.000	  47.000	  81.000	  40.000	AttR2	R	3	50	1	650
184	2	73	49.859	  71.000	  48.859	  64.000	  50.859	  61.739	Fill4	R	2	51	2	922
184	2	74	100.000	  38.860	  84.000	  46.262	  58.000	  67.000	ComD1	R	5	50	3	646
184	2	75	47.532	  77.000	  60.000	  61.000	  42.532	  86.052	SimA1	R	2	51	2	1462
184	2	76	37.753	  89.000	  36.753	  77.028	  39.753	  71.919	Fill5	R	6	51	1	919
184	2	77	38.216	  88.000	  36.216	  77.728	  40.216	  70.569	Fill5	R	3	51	3	821
184	2	78	76.000	  49.763	  73.000	  45.479	  77.000	  43.532	Fill2	R	5	51	1	879
184	2	79	91.000	  38.901	  89.000	  34.742	  92.000	  33.957	Fill1	R	2	49	1	679
184	2	80	52.528	  72.000	  51.528	  64.354	  54.528	  61.272	Fill4	R	4	50	1	1551
184	2	81	48.132	  76.000	  59.000	  62.000	  45.132	  81.052	SimA1	R	3	49	2	949
184	2	82	48.000	  78.000	  77.000	  48.623	  77.000	  39.623	AttR2	R	2	49	1	810
184	2	83	49.000	  78.000	  77.000	  49.636	  42.000	  78.000	AttR1	R	5	51	1	1237
184	2	84	47.200	  75.000	  59.000	  60.000	  42.200	  83.886	SimA1	R	5	51	1	885
184	2	85	57.000	  59.000	  54.000	  54.037	  59.000	  48.593	Fill3	R	2	49	1	837
184	2	86	80.000	  47.200	  59.000	  64.000	  43.402	  87.000	ComD2	R	3	49	2	1061
184	2	87	89.000	  37.753	  87.000	  33.448	  92.000	  31.891	Fill1	R	2	49	1	837
184	2	88	90.000	  38.678	  87.000	  34.460	  91.000	  33.615	Fill1	R	5	51	1	709
184	2	89	79.000	  46.177	  57.000	  64.000	  42.419	  86.000	ComD2	R	1	49	1	1058
184	2	90	81.000	  46.543	  58.000	  65.000	  43.333	  87.000	ComD2	R	3	51	3	1065
184	3	1	95.000	  37.853	  93.000	  33.925	  97.000	  32.619	Fill1	R	3	50	1	7989
184	3	2	49.613	  75.000	  61.000	  61.000	  45.613	  81.577	SimA1	R	2	51	2	1115
184	3	3	59.000	  59.000	  56.000	  53.464	  61.000	  49.803	Fill3	R	6	51	1	807
184	3	4	47.838	  74.000	  59.000	  60.000	  63.214	  56.000	SimA2	R	3	49	2	971
184	3	5	80.000	  46.400	  58.000	  64.000	  43.671	  85.000	ComD2	R	5	49	2	965
184	3	6	98.000	  38.469	  82.000	  45.976	  58.000	  65.000	ComD1	R	5	49	2	856
184	3	7	49.000	  80.000	  82.000	  47.805	  82.000	  38.805	AttR2	R	3	49	2	991
184	3	8	62.000	  58.000	  61.000	  52.066	  64.000	  48.766	Fill3	R	1	49	1	850
184	3	9	50.000	  82.000	  84.000	  48.810	  43.000	  82.000	AttR1	R	4	51	2	834
184	3	10	95.000	  40.368	  81.000	  47.346	  59.000	  65.000	ComD1	R	5	51	1	2571
184	3	11	48.649	  74.000	  60.000	  60.000	  63.158	  57.000	SimA2	R	6	51	1	725
184	3	12	94.000	  38.915	  92.000	  35.293	  96.000	  33.385	Fill1	R	3	50	1	466
184	3	13	49.613	  75.000	  61.000	  61.000	  44.613	  83.406	SimA1	R	1	50	2	378
184	3	14	50.449	  69.000	  48.449	  61.570	  51.449	  59.748	Fill4	R	4	49	3	316
184	3	15	49.000	  78.000	  79.000	  48.380	  79.000	  40.380	AttR2	R	2	49	1	242
184	3	16	50.000	  78.000	  77.000	  50.649	  41.000	  78.000	AttR1	R	4	50	1	1250
184	3	17	48.000	  75.000	  60.000	  60.000	  63.158	  57.000	SimA2	R	4	50	1	658
184	3	18	50.000	  77.000	  79.000	  48.734	  41.000	  77.000	AttR1	R	2	51	2	762
184	3	19	52.257	  70.000	  49.257	  64.965	  54.257	  59.826	Fill4	R	4	51	2	999
184	3	20	91.000	  36.967	  90.000	  32.867	  93.000	  31.022	Fill1	R	3	50	1	1098
184	3	21	50.110	  73.000	  48.110	  65.954	  52.110	  61.908	Fill4	R	2	49	1	823
184	3	22	50.000	  80.000	  79.000	  50.633	  79.000	  43.633	AttR2	R	1	49	1	786
184	3	23	80.000	  45.675	  58.000	  63.000	  42.488	  86.000	ComD2	R	3	51	3	789
184	3	24	47.838	  74.000	  59.000	  60.000	  42.838	  82.637	SimA1	R	5	49	2	735
184	3	25	51.000	  82.000	  84.000	  49.786	  42.000	  82.000	AttR1	R	1	50	2	805
184	3	26	83.000	  46.120	  58.000	  66.000	  44.512	  86.000	ComD2	R	6	51	1	999
184	3	27	81.000	  47.346	  59.000	  65.000	  44.593	  86.000	ComD2	R	5	49	2	1003
184	3	28	49.000	  80.000	  82.000	  47.805	  42.000	  80.000	AttR1	R	4	51	2	765
184	3	29	59.000	  62.000	  56.000	  57.482	  61.000	  52.164	Fill3	R	3	50	1	1071
184	3	30	49.000	  78.000	  79.000	  48.380	  42.000	  78.000	AttR1	R	3	49	2	1095
184	3	31	79.000	  46.177	  57.000	  64.000	  43.429	  84.000	ComD2	R	5	49	2	1447
184	3	32	41.568	  88.000	  39.568	  79.660	  43.568	  72.438	Fill5	R	5	51	1	911
184	3	33	49.613	  75.000	  61.000	  61.000	  65.281	  57.000	SimA2	R	3	50	1	885
184	3	34	48.000	  75.000	  60.000	  60.000	  43.000	  83.721	SimA1	R	5	51	1	573
184	3	35	40.198	  91.000	  37.198	  84.199	  41.198	  76.096	Fill5	R	4	50	1	1688
184	3	36	47.838	  74.000	  60.000	  59.000	  43.838	  80.752	SimA1	R	1	50	2	863
184	3	37	92.000	  37.837	  89.000	  34.225	  95.000	  31.589	Fill1	R	2	49	1	798
184	3	38	82.000	  48.207	  59.000	  67.000	  45.965	  86.000	ComD2	R	5	51	1	826
184	3	39	96.000	  39.875	  81.000	  47.259	  58.000	  66.000	ComD1	R	4	49	3	949
184	3	40	51.000	  79.000	  81.000	  49.741	  81.000	  41.741	AttR2	R	4	51	2	674
184	3	41	50.000	  80.000	  79.000	  50.633	  43.000	  80.000	AttR1	R	5	49	2	538
184	3	42	39.557	  88.000	  38.557	  76.044	  41.557	  70.674	Fill5	R	2	50	3	1079
184	3	43	96.000	  38.000	  80.000	  45.600	  57.000	  64.000	ComD1	R	4	49	3	559
184	3	44	38.227	  88.000	  36.227	  77.870	  40.227	  70.947	Fill5	R	5	51	1	1077
184	3	45	50.000	  82.000	  84.000	  48.810	  84.000	  40.810	AttR2	R	4	50	1	669
184	3	46	48.000	  75.000	  60.000	  60.000	  43.000	  83.721	SimA1	R	5	49	2	725
184	3	47	51.000	  79.000	  81.000	  49.741	  81.000	  42.741	AttR2	R	5	51	1	930
184	3	48	49.000	  80.000	  81.000	  48.395	  81.000	  40.395	AttR2	R	5	51	1	711
184	3	49	73.000	  46.082	  70.000	  41.586	  76.000	  38.303	Fill2	R	1	49	1	1109
184	3	50	92.000	  37.837	  89.000	  34.416	  94.000	  32.415	Fill1	R	3	49	2	979
184	3	51	94.000	  38.809	  79.000	  46.177	  57.000	  64.000	ComD1	R	2	51	2	957
184	3	52	51.000	  79.000	  81.000	  49.741	  44.000	  79.000	AttR1	R	3	49	2	714
184	3	53	48.000	  75.000	  60.000	  60.000	  64.286	  56.000	SimA2	R	5	51	1	784
184	3	54	80.000	  45.600	  57.000	  64.000	  42.419	  86.000	ComD2	R	4	49	3	651
184	3	55	49.471	  68.000	  46.471	  63.309	  50.471	  57.836	Fill4	R	5	51	1	1018
184	3	56	50.449	  69.000	  48.449	  61.652	  51.449	  57.979	Fill4	R	4	50	1	797
184	3	57	77.000	  47.506	  74.000	  43.176	  78.000	  41.551	Fill2	R	4	50	1	646
184	3	58	48.800	  75.000	  61.000	  60.000	  44.800	  81.696	SimA1	R	5	49	2	687
184	3	59	59.000	  59.000	  57.000	  52.632	  62.000	  48.435	Fill3	R	4	50	1	751
184	3	60	48.635	  74.000	  61.000	  59.000	  43.635	  82.479	SimA1	R	4	49	3	636
184	3	61	62.000	  59.000	  59.000	  55.136	  63.000	  51.111	Fill3	R	4	51	2	685
184	3	62	75.000	  46.413	  73.000	  41.795	  76.000	  40.408	Fill2	R	2	49	1	668
184	3	63	81.000	  47.346	  59.000	  65.000	  43.580	  88.000	ComD2	R	6	51	1	757
184	3	64	82.000	  45.976	  58.000	  65.000	  43.333	  87.000	ComD2	R	4	51	2	858
184	3	65	58.000	  58.000	  55.000	  53.818	  60.000	  48.300	Fill3	R	4	50	1	1122
184	3	66	96.000	  38.667	  80.000	  46.400	  58.000	  64.000	ComD1	R	2	49	1	1591
184	3	67	47.838	  74.000	  60.000	  59.000	  64.364	  55.000	SimA2	R	5	51	1	1010
184	3	68	95.000	  38.463	  80.000	  45.675	  58.000	  63.000	ComD1	R	6	49	3	1181
184	3	69	48.800	  75.000	  61.000	  60.000	  65.357	  56.000	SimA2	R	1	51	3	791
184	3	70	39.112	  89.000	  38.112	  77.245	  40.112	  74.142	Fill5	R	4	50	1	770
184	3	71	48.635	  74.000	  61.000	  59.000	  65.436	  55.000	SimA2	R	3	49	2	774
184	3	72	49.000	  80.000	  81.000	  48.395	  40.000	  80.000	AttR1	R	4	51	2	767
184	3	73	40.404	  89.000	  38.404	  80.459	  41.404	  74.412	Fill5	R	5	51	1	650
184	3	74	81.000	  47.259	  58.000	  66.000	  45.035	  85.000	ComD2	R	5	51	1	1098
184	3	75	77.000	  46.701	  75.000	  41.693	  80.000	  38.987	Fill2	R	4	51	2	839
184	3	76	51.000	  82.000	  84.000	  49.786	  84.000	  40.786	AttR2	R	2	49	1	728
184	3	77	97.000	  39.464	  83.000	  46.120	  58.000	  66.000	ComD1	R	2	49	1	933
184	3	78	52.116	  69.000	  50.116	  62.834	  54.116	  58.874	Fill4	R	4	50	1	1410
184	3	79	51.000	  79.000	  81.000	  49.741	  43.000	  79.000	AttR1	R	3	50	1	677
184	3	80	91.000	  40.198	  88.000	  36.841	  94.000	  34.532	Fill1	R	6	51	1	725
184	3	81	46.579	  76.000	  59.000	  60.000	  62.105	  57.000	SimA2	R	2	51	2	810
184	3	82	100.000	  39.530	  82.000	  48.207	  59.000	  67.000	ComD1	R	6	50	2	684
184	3	83	50.000	  77.000	  79.000	  48.734	  79.000	  40.734	AttR2	R	5	50	3	1837
184	3	84	46.579	  76.000	  59.000	  60.000	  43.579	  81.232	SimA1	R	3	49	2	989
184	3	85	95.000	  40.368	  81.000	  47.346	  59.000	  65.000	ComD1	R	4	49	3	1151
184	3	86	75.000	  48.773	  73.000	  44.027	  77.000	  41.805	Fill2	R	1	50	2	2485
184	3	87	50.000	  78.000	  77.000	  50.649	  77.000	  41.649	AttR2	R	3	50	1	1342
184	3	88	75.000	  46.413	  74.000	  40.311	  78.000	  38.641	Fill2	R	5	50	3	690
184	3	89	49.613	  75.000	  61.000	  61.000	  65.281	  57.000	SimA2	R	5	51	1	1730
184	3	90	48.649	  74.000	  60.000	  60.000	  45.649	  78.863	SimA1	R	5	49	2	1136
184	4	1	49.729	  70.000	  47.729	  64.259	  51.729	  58.807	Fill4	R	4	50	1	2357
184	4	2	49.000	  80.000	  80.000	  49.000	  80.000	  42.000	AttR2	R	3	50	1	2055
184	4	3	47.987	  75.000	  61.000	  59.000	  44.987	  80.001	SimA1	R	5	49	2	1047
184	4	4	80.000	  45.600	  57.000	  64.000	  42.918	  85.000	ComD2	R	2	51	2	639
184	4	5	47.200	  75.000	  59.000	  60.000	  63.214	  56.000	SimA2	R	3	50	1	559
184	4	6	52.286	  70.000	  51.286	  61.869	  54.286	  59.887	Fill4	R	5	49	2	645
184	4	7	49.000	  80.000	  80.000	  49.000	  41.000	  80.000	AttR1	R	6	51	1	525
184	4	8	50.833	  72.000	  47.833	  66.711	  51.833	  61.968	Fill4	R	5	50	3	506
184	4	9	49.000	  80.000	  81.000	  48.395	  42.000	  80.000	AttR1	R	3	50	1	487
184	4	10	80.000	  46.400	  58.000	  64.000	  43.163	  86.000	ComD2	R	4	49	3	423
184	4	11	91.000	  40.220	  88.000	  35.920	  92.000	  35.315	Fill1	R	4	50	1	370
184	4	12	52.000	  81.000	  81.000	  52.000	  44.000	  81.000	AttR1	R	6	50	2	469
184	4	13	76.000	  48.158	  74.000	  42.797	  79.000	  40.658	Fill2	R	5	49	2	414
184	4	14	48.961	  76.000	  61.000	  61.000	  45.961	  80.961	SimA1	R	3	51	3	607
184	4	15	50.000	  81.000	  80.000	  50.625	  80.000	  42.625	AttR2	R	4	50	1	490
184	4	16	39.333	  90.000	  37.333	  80.116	  40.333	  74.826	Fill5	R	4	50	1	691
184	4	17	40.667	  93.000	  37.667	  86.310	  42.667	  76.430	Fill5	R	5	51	1	314
184	4	18	48.000	  81.000	  81.000	  48.000	  41.000	  81.000	AttR1	R	2	51	2	399
184	4	19	49.000	  80.000	  81.000	  48.395	  81.000	  39.395	AttR2	R	6	49	3	426
184	4	20	97.000	  38.196	  80.000	  46.312	  57.000	  65.000	ComD1	R	3	51	3	877
184	4	21	49.000	  80.000	  81.000	  48.395	  81.000	  40.395	AttR2	R	6	51	1	781
184	4	22	47.987	  75.000	  61.000	  59.000	  64.268	  56.000	SimA2	R	2	49	1	763
184	4	23	82.000	  46.683	  58.000	  66.000	  44.000	  87.000	ComD2	R	2	50	3	585
184	4	24	46.413	  75.000	  59.000	  59.000	  41.413	  84.055	SimA1	R	4	49	3	541
184	4	25	47.838	  74.000	  60.000	  59.000	  65.556	  54.000	SimA2	R	3	49	2	570
184	4	26	76.000	  46.579	  75.000	  41.733	  78.000	  40.192	Fill2	R	2	49	1	445
184	4	27	76.000	  49.763	  74.000	  45.257	  77.000	  43.208	Fill2	R	5	51	1	741
184	4	28	46.413	  75.000	  59.000	  59.000	  64.463	  54.000	SimA2	R	5	50	3	514
184	4	29	90.000	  38.678	  87.000	  35.092	  91.000	  33.626	Fill1	R	6	51	1	1271
184	4	30	97.000	  40.144	  82.000	  47.488	  59.000	  66.000	ComD1	R	5	49	2	352
184	4	31	50.000	  81.000	  80.000	  50.625	  42.000	  81.000	AttR1	R	3	50	1	733
184	4	32	48.158	  76.000	  60.000	  61.000	  44.158	  82.884	SimA1	R	2	51	2	451
184	4	33	48.961	  76.000	  61.000	  61.000	  66.446	  56.000	SimA2	R	2	49	1	562
184	4	34	48.000	  81.000	  81.000	  48.000	  81.000	  39.000	AttR2	R	2	50	3	400
184	4	35	49.613	  75.000	  61.000	  61.000	  46.613	  79.827	SimA1	R	3	49	2	634
184	4	36	96.000	  39.875	  82.000	  46.683	  58.000	  66.000	ComD1	R	2	50	3	322
184	4	37	96.000	  40.625	  81.000	  48.148	  60.000	  65.000	ComD1	R	3	50	1	456
184	4	38	48.000	  82.000	  84.000	  46.857	  84.000	  38.857	AttR2	R	3	51	3	439
184	4	39	51.000	  80.000	  78.000	  52.308	  42.000	  80.000	AttR1	R	3	50	1	624
184	4	40	48.158	  76.000	  60.000	  61.000	  63.103	  58.000	SimA2	R	1	51	3	827
184	4	41	47.838	  74.000	  60.000	  59.000	  42.838	  82.637	SimA1	R	4	51	2	774
184	4	42	61.000	  60.000	  60.000	  53.317	  64.000	  49.797	Fill3	R	6	51	1	569
184	4	43	80.000	  47.125	  58.000	  65.000	  43.837	  86.000	ComD2	R	2	49	1	691
184	4	44	96.000	  38.594	  80.000	  46.312	  57.000	  65.000	ComD1	R	6	49	3	1049
184	4	45	93.000	  38.065	  91.000	  34.242	  96.000	  31.958	Fill1	R	5	51	1	770
184	4	46	75.000	  48.800	  73.000	  43.740	  76.000	  41.632	Fill2	R	2	49	1	565
184	4	47	82.000	  47.488	  59.000	  66.000	  44.759	  87.000	ComD2	R	3	49	2	950
184	4	48	47.200	  75.000	  59.000	  60.000	  43.200	  81.944	SimA1	R	3	50	1	1429
184	4	49	76.000	  48.158	  73.000	  44.205	  77.000	  41.714	Fill2	R	6	51	1	1287
184	4	50	48.000	  82.000	  84.000	  46.857	  41.000	  82.000	AttR1	R	5	51	1	1335
184	4	51	95.000	  39.684	  80.000	  47.125	  58.000	  65.000	ComD1	R	4	49	3	685
184	4	52	50.000	  79.000	  80.000	  49.375	  43.000	  79.000	AttR1	R	1	49	1	621
184	4	53	92.000	  39.783	  91.000	  35.736	  95.000	  33.453	Fill1	R	4	51	2	967
184	4	54	51.000	  83.000	  82.000	  51.622	  43.000	  83.000	AttR1	R	2	49	1	1178
184	4	55	49.613	  75.000	  61.000	  61.000	  64.155	  58.000	SimA2	R	2	51	2	1229
184	4	56	51.000	  83.000	  82.000	  51.622	  82.000	  42.622	AttR2	R	4	50	1	1439
184	4	57	46.740	  77.000	  59.000	  61.000	  64.268	  56.000	SimA2	R	5	49	2	1031
184	4	58	51.108	  74.000	  49.108	  68.848	  52.108	  64.232	Fill4	R	3	50	1	1530
184	4	59	48.595	  74.000	  62.000	  58.000	  66.593	  54.000	SimA2	R	5	51	1	1312
184	4	60	47.685	  73.000	  59.000	  59.000	  44.685	  77.901	SimA1	R	2	50	3	1710
184	4	61	59.000	  59.000	  56.000	  54.089	  60.000	  50.433	Fill3	R	1	49	1	771
184	4	62	92.000	  39.783	  90.000	  35.644	  93.000	  34.817	Fill1	R	5	51	1	822
184	4	63	48.595	  74.000	  62.000	  58.000	  45.595	  78.869	SimA1	R	5	49	2	1031
184	4	64	60.000	  59.000	  58.000	  53.362	  63.000	  49.429	Fill3	R	2	50	3	2001
184	4	65	93.000	  40.667	  91.000	  36.725	  96.000	  34.562	Fill1	R	4	51	2	2869
184	4	66	60.000	  61.000	  58.000	  55.155	  61.000	  52.393	Fill3	R	1	50	2	1797
184	4	67	51.000	  80.000	  78.000	  52.308	  78.000	  43.308	AttR2	R	5	49	2	1015
184	4	68	50.000	  79.000	  80.000	  49.375	  80.000	  41.375	AttR2	R	3	49	2	811
184	4	69	97.000	  38.268	  80.000	  46.400	  58.000	  64.000	ComD1	R	5	50	3	973
184	4	70	82.000	  45.183	  57.000	  65.000	  43.588	  85.000	ComD2	R	4	51	2	888
184	4	71	96.000	  38.594	  82.000	  45.183	  57.000	  65.000	ComD1	R	5	50	3	639
184	4	72	80.000	  46.312	  57.000	  65.000	  44.107	  84.000	ComD2	R	5	49	2	744
184	4	73	50.833	  72.000	  48.833	  65.283	  52.833	  61.174	Fill4	R	5	51	1	757
184	4	74	73.000	  47.685	  72.000	  42.264	  74.000	  40.581	Fill2	R	4	51	2	2882
184	4	75	52.000	  81.000	  81.000	  52.000	  81.000	  43.000	AttR2	R	2	49	1	731
184	4	76	80.000	  46.312	  57.000	  65.000	  43.588	  85.000	ComD2	R	6	49	3	927
184	4	77	40.667	  90.000	  39.667	  78.782	  42.667	  73.711	Fill5	R	4	51	2	869
184	4	78	61.000	  62.000	  60.000	  55.233	  64.000	  52.469	Fill3	R	4	51	2	1421
184	4	79	47.685	  73.000	  59.000	  59.000	  62.161	  56.000	SimA2	R	4	50	1	1487
184	4	80	94.000	  38.809	  80.000	  45.600	  57.000	  64.000	ComD1	R	4	49	3	664
184	4	81	60.000	  61.000	  59.000	  54.661	  61.000	  52.639	Fill3	R	2	49	1	278
184	4	82	46.740	  77.000	  59.000	  61.000	  41.740	  86.224	SimA1	R	1	51	3	303
184	4	83	97.000	  38.866	  82.000	  45.976	  58.000	  65.000	ComD1	R	5	49	2	253
184	4	84	49.000	  80.000	  81.000	  48.395	  41.000	  80.000	AttR1	R	4	49	3	189
184	4	85	39.783	  92.000	  36.783	  85.611	  40.783	  76.528	Fill5	R	6	50	2	231
184	4	86	82.000	  45.976	  58.000	  65.000	  43.333	  87.000	ComD2	R	2	51	2	718
184	4	87	40.220	  91.000	  37.220	  84.632	  41.220	  76.517	Fill5	R	3	50	1	180
184	4	88	81.000	  48.148	  60.000	  65.000	  43.820	  89.000	ComD2	R	1	51	3	551
184	4	89	51.304	  69.000	  48.304	  65.005	  53.304	  57.631	Fill4	R	6	51	1	286
184	4	90	39.557	  88.000	  38.557	  76.044	  41.557	  71.589	Fill5	R	3	50	1	1125
184	5	1	50.000	  72.000	  48.000	  65.875	  51.000	  60.863	Fill4	R	1	49	1	3870
184	5	2	46.877	  73.000	  58.000	  59.000	  41.877	  81.716	SimA1	R	1	49	1	797
184	5	3	53.014	  69.000	  52.014	  61.906	  55.014	  58.366	Fill4	R	3	50	1	799
184	5	4	92.000	  39.120	  89.000	  35.787	  95.000	  32.758	Fill1	R	4	50	1	666
184	5	5	38.000	  90.000	  35.000	  82.571	  39.000	  74.718	Fill5	R	5	51	1	602
184	5	6	48.800	  75.000	  60.000	  61.000	  43.800	  83.562	SimA1	R	4	49	3	789
184	5	7	80.000	  46.400	  58.000	  64.000	  43.163	  86.000	ComD2	R	5	50	3	687
184	5	8	71.000	  48.169	  70.000	  42.700	  74.000	  39.554	Fill2	R	2	49	1	623
184	5	9	50.000	  80.000	  80.000	  50.000	  80.000	  41.000	AttR2	R	2	49	1	562
184	5	10	80.000	  45.600	  57.000	  64.000	  42.419	  86.000	ComD2	R	1	51	3	558
184	5	11	96.000	  38.667	  80.000	  46.400	  58.000	  64.000	ComD1	R	2	50	3	749
184	5	12	50.000	  82.000	  84.000	  48.810	  41.000	  82.000	AttR1	R	3	49	2	530
184	5	13	48.158	  76.000	  61.000	  60.000	  45.158	  81.049	SimA1	R	3	49	2	376
184	5	14	82.000	  47.488	  59.000	  66.000	  45.279	  86.000	ComD2	R	4	50	1	323
184	5	15	48.169	  71.000	  47.169	  62.520	  49.169	  59.651	Fill4	R	5	51	1	567
184	5	16	49.000	  80.000	  79.000	  49.620	  79.000	  42.620	AttR2	R	3	51	3	275
184	5	17	47.532	  77.000	  60.000	  61.000	  44.532	  82.187	SimA1	R	3	49	2	266
184	5	18	47.838	  74.000	  60.000	  59.000	  64.364	  55.000	SimA2	R	6	50	2	267
184	5	19	57.000	  60.000	  55.000	  54.145	  60.000	  50.067	Fill3	R	5	51	1	466
184	5	20	81.000	  46.543	  58.000	  65.000	  44.353	  85.000	ComD2	R	4	49	3	355
184	5	21	81.000	  48.074	  59.000	  66.000	  45.279	  86.000	ComD2	R	3	50	1	262
184	5	22	50.077	  78.000	  62.000	  63.000	  47.077	  82.971	SimA1	R	2	51	2	639
184	5	23	93.000	  39.333	  91.000	  34.879	  95.000	  34.168	Fill1	R	4	50	1	479
184	5	24	96.000	  39.271	  81.000	  46.543	  58.000	  65.000	ComD1	R	3	51	3	687
184	5	25	52.159	  69.000	  50.159	  63.637	  54.159	  58.863	Fill4	R	4	51	2	895
184	5	26	47.200	  75.000	  60.000	  59.000	  44.200	  80.090	SimA1	R	6	51	1	967
184	5	27	83.000	  45.325	  57.000	  66.000	  44.786	  84.000	ComD2	R	1	49	1	579
184	5	28	91.000	  39.560	  88.000	  35.784	  94.000	  33.457	Fill1	R	1	50	2	501
184	5	29	61.000	  59.000	  59.000	  52.644	  64.000	  48.797	Fill3	R	3	51	3	362
184	5	30	62.000	  59.000	  61.000	  51.885	  64.000	  50.500	Fill3	R	2	49	1	415
184	5	31	50.000	  78.000	  79.000	  49.367	  43.000	  78.000	AttR1	R	2	51	2	594
184	5	32	54.000	  82.000	  80.000	  55.350	  47.000	  82.000	AttR1	R	3	49	2	541
184	5	33	46.877	  73.000	  58.000	  59.000	  61.107	  56.000	SimA2	R	1	51	3	715
184	5	34	50.000	  81.000	  83.000	  48.795	  43.000	  81.000	AttR1	R	3	50	1	368
184	5	35	91.000	  38.253	  88.000	  34.432	  92.000	  32.804	Fill1	R	4	50	1	994
184	5	36	77.000	  47.506	  75.000	  42.907	  80.000	  40.487	Fill2	R	4	50	1	973
184	5	37	51.000	  82.000	  82.000	  51.000	  42.000	  82.000	AttR1	R	2	51	2	1079
184	5	38	94.000	  38.936	  91.000	  35.670	  97.000	  32.701	Fill1	R	6	51	1	576
184	5	39	47.532	  77.000	  60.000	  61.000	  63.103	  58.000	SimA2	R	5	51	1	955
184	5	40	50.000	  80.000	  80.000	  50.000	  42.000	  80.000	AttR1	R	1	50	2	591
184	5	41	50.110	  73.000	  62.000	  59.000	  65.321	  56.000	SimA2	R	3	51	3	722
184	5	42	74.000	  47.041	  73.000	  42.205	  76.000	  40.224	Fill2	R	4	50	1	1943
184	5	43	60.000	  60.000	  59.000	  53.220	  61.000	  51.934	Fill3	R	2	49	1	717
184	5	44	51.000	  79.000	  80.000	  50.362	  80.000	  41.362	AttR2	R	4	50	1	514
184	5	45	51.000	  81.000	  80.000	  51.638	  80.000	  44.638	AttR2	R	5	51	1	743
184	5	46	39.112	  89.000	  38.112	  77.088	  41.112	  72.338	Fill5	R	1	49	1	333
184	5	47	50.077	  78.000	  62.000	  63.000	  67.345	  58.000	SimA2	R	5	50	3	281
184	5	48	51.000	  82.000	  82.000	  51.000	  82.000	  42.000	AttR2	R	4	51	2	307
184	5	49	76.000	  48.158	  73.000	  44.178	  79.000	  41.076	Fill2	R	2	50	3	174
184	5	50	99.000	  38.000	  83.000	  45.325	  57.000	  66.000	ComD1	R	6	49	3	282
184	5	51	40.667	  90.000	  38.667	  80.534	  41.667	  75.816	Fill5	R	2	50	3	266
184	5	52	48.800	  75.000	  61.000	  60.000	  45.800	  79.913	SimA1	R	3	51	3	290
184	5	53	48.800	  75.000	  60.000	  61.000	  63.103	  58.000	SimA2	R	4	49	3	458
184	5	54	46.413	  75.000	  59.000	  59.000	  62.161	  56.000	SimA2	R	3	50	1	266
184	5	55	49.028	  71.000	  46.028	  65.373	  50.028	  61.325	Fill4	R	3	51	3	290
184	5	56	50.000	  78.000	  79.000	  49.367	  79.000	  41.367	AttR2	R	3	50	1	474
184	5	57	75.000	  48.000	  74.000	  43.189	  76.000	  41.303	Fill2	R	3	49	2	330
184	5	58	99.000	  38.667	  83.000	  46.120	  58.000	  66.000	ComD1	R	5	50	3	535
184	5	59	59.000	  59.000	  57.000	  53.754	  61.000	  49.180	Fill3	R	2	49	1	557
184	5	60	50.833	  72.000	  47.833	  67.296	  51.833	  61.621	Fill4	R	3	51	3	650
184	5	61	40.438	  89.000	  38.438	  80.155	  42.438	  72.105	Fill5	R	1	49	1	739
184	5	62	54.000	  82.000	  80.000	  55.350	  80.000	  46.350	AttR2	R	1	50	2	1072
184	5	63	50.000	  79.000	  80.000	  49.375	  41.000	  79.000	AttR1	R	3	49	2	703
184	5	64	47.200	  75.000	  60.000	  59.000	  65.556	  54.000	SimA2	R	3	51	3	653
184	5	65	82.000	  45.878	  57.000	  66.000	  44.786	  84.000	ComD2	R	3	49	2	749
184	5	66	97.000	  40.144	  82.000	  47.488	  59.000	  66.000	ComD1	R	5	50	3	666
184	5	67	46.413	  75.000	  59.000	  59.000	  42.413	  82.073	SimA1	R	2	51	2	538
184	5	68	76.000	  47.355	  74.000	  43.189	  78.000	  40.795	Fill2	R	5	51	1	686
184	5	69	50.000	  81.000	  83.000	  48.795	  83.000	  40.795	AttR2	R	5	49	2	919
184	5	70	48.800	  75.000	  61.000	  60.000	  66.545	  55.000	SimA2	R	5	51	1	860
184	5	71	47.838	  74.000	  60.000	  59.000	  43.838	  80.752	SimA1	R	5	51	1	692
184	5	72	82.000	  45.183	  57.000	  65.000	  44.107	  84.000	ComD2	R	3	51	3	406
184	5	73	88.000	  38.864	  86.000	  34.512	  90.000	  33.178	Fill1	R	3	50	1	583
184	5	74	61.000	  60.000	  58.000	  55.483	  64.000	  49.875	Fill3	R	3	50	1	10938
184	5	75	97.000	  40.144	  81.000	  48.074	  59.000	  66.000	ComD1	R	4	49	3	1016
184	5	76	51.000	  81.000	  80.000	  51.638	  42.000	  81.000	AttR1	R	2	51	2	994
184	5	77	96.000	  39.188	  82.000	  45.878	  57.000	  66.000	ComD1	R	2	50	3	1165
184	5	78	41.568	  88.000	  40.568	  77.401	  43.568	  71.750	Fill5	R	4	50	1	735
184	5	79	50.110	  73.000	  62.000	  59.000	  46.110	  79.333	SimA1	R	5	49	2	868
184	5	80	51.000	  79.000	  80.000	  50.362	  42.000	  79.000	AttR1	R	5	50	3	3101
184	5	81	40.449	  89.000	  37.449	  82.511	  42.449	  72.557	Fill5	R	4	51	2	369
184	5	82	97.000	  37.608	  80.000	  45.600	  57.000	  64.000	ComD1	R	3	50	1	484
184	5	83	50.000	  79.000	  80.000	  49.375	  80.000	  40.375	AttR2	R	3	51	3	381
184	5	84	83.000	  46.120	  58.000	  66.000	  44.512	  86.000	ComD2	R	6	50	2	310
184	5	85	98.000	  38.469	  80.000	  47.125	  58.000	  65.000	ComD1	R	5	49	2	549
184	5	86	48.158	  76.000	  61.000	  60.000	  64.211	  57.000	SimA2	R	6	50	2	26
184	5	87	97.000	  38.196	  82.000	  45.183	  57.000	  65.000	ComD1	R	3	51	3	21
184	5	88	49.000	  80.000	  79.000	  49.620	  42.000	  80.000	AttR1	R	3	50	1	5167
184	5	89	80.000	  47.125	  58.000	  65.000	  43.333	  87.000	ComD2	R	4	51	2	426
184	5	90	50.000	  82.000	  84.000	  48.810	  84.000	  39.810	AttR2	R	3	49	2	357
184	6	1	48.158	  76.000	  61.000	  60.000	  65.357	  56.000	SimA2	R	2	51	2	3174
184	6	2	50.000	  72.000	  48.000	  65.083	  51.000	  61.843	Fill4	R	1	49	1	711
184	6	3	48.000	  79.000	  79.000	  48.000	  40.000	  79.000	AttR1	R	2	49	1	1053
184	6	4	48.000	  75.000	  60.000	  60.000	  63.158	  57.000	SimA2	R	3	50	1	1029
184	6	5	47.368	  76.000	  60.000	  60.000	  42.368	  84.969	SimA1	R	5	51	1	5439
184	6	6	49.000	  81.000	  79.000	  50.241	  79.000	  43.241	AttR2	R	6	50	2	681
184	6	7	97.000	  38.196	  82.000	  45.183	  57.000	  65.000	ComD1	R	2	50	3	536
184	6	8	91.000	  40.220	  89.000	  36.618	  93.000	  34.054	Fill1	R	5	50	3	499
184	6	9	40.205	  88.000	  38.205	  78.839	  42.205	  71.082	Fill5	R	4	51	2	265
184	6	10	91.000	  38.901	  88.000	  34.659	  92.000	  33.804	Fill1	R	4	50	1	323
184	6	11	96.000	  39.271	  82.000	  45.976	  58.000	  65.000	ComD1	R	3	51	3	232
184	6	12	83.000	  46.819	  58.000	  67.000	  45.186	  86.000	ComD2	R	1	50	2	215
184	6	13	39.783	  92.000	  38.783	  80.577	  40.783	  76.650	Fill5	R	5	50	3	6106
184	6	14	96.000	  39.948	  80.000	  47.938	  59.000	  65.000	ComD1	R	1	51	3	1727
184	6	15	40.000	  90.000	  38.000	  81.263	  42.000	  73.357	Fill5	R	5	51	1	3309
184	6	16	75.000	  47.200	  74.000	  41.743	  78.000	  40.231	Fill2	R	2	49	1	866
184	6	17	48.635	  74.000	  61.000	  59.000	  43.635	  82.479	SimA1	R	1	49	1	3002
184	6	18	48.000	  75.000	  60.000	  60.000	  43.000	  83.721	SimA1	R	3	50	1	894
184	6	19	52.000	  79.000	  78.000	  52.667	  78.000	  43.667	AttR2	R	3	51	3	837
184	6	20	100.000	  38.860	  84.000	  46.262	  58.000	  67.000	ComD1	R	5	50	3	357
184	6	21	39.775	  89.000	  37.775	  79.655	  41.775	  72.579	Fill5	R	1	50	2	122
184	6	22	50.000	  80.000	  82.000	  48.780	  82.000	  39.780	AttR2	R	3	49	2	328
184	6	23	84.000	  46.262	  58.000	  67.000	  45.186	  86.000	ComD2	R	2	49	1	101
184	6	24	47.671	  73.000	  60.000	  58.000	  44.671	  77.902	SimA1	R	4	51	2	115
184	6	25	50.833	  72.000	  48.833	  66.307	  51.833	  62.605	Fill4	R	4	50	1	15
184	6	26	95.000	  39.811	  94.000	  35.894	  98.000	  33.837	Fill1	R	5	50	3	3
184	6	27	92.000	  38.457	  90.000	  33.822	  95.000	  33.000	Fill1	R	2	49	1	468
184	6	28	97.000	  39.536	  80.000	  47.938	  59.000	  65.000	ComD1	R	4	50	1	317
184	6	29	59.000	  60.000	  58.000	  53.810	  60.000	  51.067	Fill3	R	1	51	3	274
184	6	30	48.961	  76.000	  61.000	  61.000	  45.961	  80.961	SimA1	R	6	51	1	1418
184	6	31	59.000	  60.000	  56.000	  54.893	  60.000	  51.300	Fill3	R	5	51	1	918
184	6	32	81.000	  46.444	  57.000	  66.000	  43.744	  86.000	ComD2	R	2	51	2	722
184	6	33	52.029	  68.000	  50.029	  62.543	  54.029	  57.302	Fill4	R	3	50	1	903
184	6	34	48.649	  74.000	  60.000	  60.000	  64.286	  56.000	SimA2	R	5	49	2	685
184	6	35	48.649	  74.000	  60.000	  60.000	  43.649	  82.477	SimA1	R	1	51	3	837
184	6	36	76.000	  49.763	  75.000	  43.907	  78.000	  43.141	Fill2	R	5	51	1	677
184	6	37	47.838	  74.000	  59.000	  60.000	  63.214	  56.000	SimA2	R	4	49	3	1837
184	6	38	51.000	  79.000	  79.000	  51.000	  79.000	  42.000	AttR2	R	3	50	1	789
184	6	39	49.000	  80.000	  81.000	  48.395	  42.000	  80.000	AttR1	R	4	51	2	1831
184	6	40	47.368	  76.000	  60.000	  60.000	  63.158	  57.000	SimA2	R	3	50	1	848
184	6	41	50.000	  80.000	  82.000	  48.780	  41.000	  80.000	AttR1	R	4	49	3	711
184	6	42	50.571	  70.000	  47.571	  64.345	  51.571	  59.413	Fill4	R	4	50	1	685
184	6	43	39.333	  90.000	  38.333	  78.496	  40.333	  75.099	Fill5	R	5	51	1	765
184	6	44	76.000	  47.368	  73.000	  42.616	  79.000	  40.405	Fill2	R	2	50	3	751
184	6	45	62.000	  61.000	  60.000	  56.067	  64.000	  52.609	Fill3	R	2	49	1	1382
184	6	46	51.000	  79.000	  79.000	  51.000	  43.000	  79.000	AttR1	R	4	50	1	984
184	6	47	75.000	  47.173	  73.000	  42.397	  76.000	  40.513	Fill2	R	3	50	1	803
184	6	48	48.961	  76.000	  61.000	  61.000	  66.446	  56.000	SimA2	R	3	51	3	710
184	6	49	49.000	  81.000	  79.000	  50.241	  79.000	  41.241	AttR2	R	2	49	1	1379
184	6	50	97.000	  39.536	  82.000	  46.768	  59.000	  65.000	ComD1	R	6	50	2	422
184	6	51	82.000	  46.768	  59.000	  65.000	  44.593	  86.000	ComD2	R	1	50	2	800
184	6	52	95.000	  39.000	  81.000	  45.741	  57.000	  65.000	ComD1	R	2	50	3	953
184	6	53	49.000	  80.000	  78.000	  50.256	  78.000	  41.256	AttR2	R	6	50	2	1463
184	6	54	46.740	  77.000	  59.000	  61.000	  64.268	  56.000	SimA2	R	6	51	1	1495
184	6	55	50.000	  82.000	  82.000	  50.000	  82.000	  42.000	AttR2	R	5	51	1	887
184	6	56	96.000	  39.948	  82.000	  46.768	  59.000	  65.000	ComD1	R	2	50	3	687
184	6	57	81.000	  45.741	  57.000	  65.000	  43.081	  86.000	ComD2	R	2	51	2	1799
184	6	58	48.635	  74.000	  61.000	  59.000	  66.648	  54.000	SimA2	R	6	51	1	706
184	6	59	50.000	  82.000	  82.000	  50.000	  43.000	  82.000	AttR1	R	2	49	1	1127
184	6	60	46.740	  77.000	  59.000	  61.000	  43.740	  82.281	SimA1	R	4	51	2	949
184	6	61	80.000	  47.938	  59.000	  65.000	  43.580	  88.000	ComD2	R	1	50	2	690
184	6	62	41.109	  92.000	  38.109	  85.335	  43.109	  75.832	Fill5	R	4	50	1	1115
184	6	63	47.368	  76.000	  60.000	  60.000	  64.286	  56.000	SimA2	R	2	50	3	784
184	6	64	99.000	  39.253	  83.000	  46.819	  58.000	  67.000	ComD1	R	2	49	1	794
184	6	65	48.158	  76.000	  61.000	  60.000	  45.158	  81.049	SimA1	R	4	51	2	1813
184	6	66	98.000	  38.388	  81.000	  46.444	  57.000	  66.000	ComD1	R	5	50	3	1000
184	6	67	76.000	  48.158	  75.000	  43.413	  78.000	  40.654	Fill2	R	5	50	3	7282
184	6	68	47.838	  74.000	  59.000	  60.000	  44.838	  78.951	SimA1	R	3	51	3	15754
184	6	69	60.000	  60.000	  58.000	  55.052	  61.000	  51.951	Fill3	R	4	50	1	711
184	6	70	61.000	  58.000	  58.000	  52.569	  64.000	  48.266	Fill3	R	4	49	3	1318
184	6	71	52.000	  79.000	  78.000	  52.667	  45.000	  79.000	AttR1	R	2	51	2	1058
184	6	72	50.000	  82.000	  84.000	  48.810	  84.000	  40.810	AttR2	R	5	51	1	699
184	6	73	49.000	  80.000	  78.000	  50.256	  42.000	  80.000	AttR1	R	6	51	1	1410
184	6	74	50.571	  70.000	  47.571	  64.724	  52.571	  58.054	Fill4	R	2	49	1	662
184	6	75	48.000	  79.000	  79.000	  48.000	  79.000	  41.000	AttR2	R	4	51	2	1126
184	6	76	47.671	  73.000	  60.000	  58.000	  63.273	  55.000	SimA2	R	2	50	3	635
184	6	77	91.000	  39.560	  89.000	  34.865	  93.000	  33.409	Fill1	R	1	49	1	634
184	6	78	82.000	  45.183	  57.000	  65.000	  43.081	  86.000	ComD2	R	5	49	2	738
184	6	79	49.000	  81.000	  79.000	  50.241	  41.000	  81.000	AttR1	R	5	51	1	743
184	6	80	73.000	  48.493	  72.000	  42.306	  75.000	  41.707	Fill2	R	6	51	1	773
184	6	81	82.000	  46.768	  59.000	  65.000	  44.593	  86.000	ComD2	R	6	49	3	695
184	6	82	47.368	  76.000	  60.000	  60.000	  43.368	  83.010	SimA1	R	3	50	1	623
184	6	83	49.000	  81.000	  79.000	  50.241	  40.000	  81.000	AttR1	R	2	51	2	626
184	6	84	82.000	  45.976	  58.000	  65.000	  43.837	  86.000	ComD2	R	5	49	2	1901
184	6	85	49.000	  80.000	  81.000	  48.395	  81.000	  39.395	AttR2	R	1	49	1	1026
184	6	86	60.000	  61.000	  59.000	  53.729	  62.000	  51.032	Fill3	R	3	50	1	1045
184	6	87	91.000	  38.901	  89.000	  35.112	  92.000	  33.489	Fill1	R	5	51	1	597
184	6	88	50.000	  82.000	  84.000	  48.810	  43.000	  82.000	AttR1	R	4	51	2	687
184	6	89	80.000	  47.938	  59.000	  65.000	  44.593	  86.000	ComD2	R	2	49	1	1327
184	6	90	52.528	  72.000	  51.528	  63.771	  54.528	  60.868	Fill4	R	1	49	1	1253
184	7	1	41.109	  92.000	  40.109	  80.955	  42.109	  77.442	Fill5	R	2	49	1	2709
184	7	2	47.838	  74.000	  60.000	  59.000	  64.364	  55.000	SimA2	R	3	51	3	1059
184	7	3	48.800	  75.000	  61.000	  60.000	  65.357	  56.000	SimA2	R	2	49	1	802
184	7	4	51.000	  80.000	  81.000	  50.370	  81.000	  42.370	AttR2	R	6	51	1	894
184	7	5	61.000	  64.000	  59.000	  57.831	  64.000	  53.922	Fill3	R	4	50	1	726
184	7	6	45.789	  76.000	  58.000	  60.000	  62.143	  56.000	SimA2	R	4	49	3	2074
184	7	7	48.000	  75.000	  60.000	  60.000	  65.455	  55.000	SimA2	R	4	51	2	1483
184	7	8	49.613	  75.000	  61.000	  61.000	  45.613	  81.577	SimA1	R	5	49	2	819
184	7	9	92.000	  39.130	  91.000	  34.253	  95.000	  32.811	Fill1	R	4	50	1	702
184	7	10	49.000	  83.000	  85.000	  47.847	  85.000	  40.847	AttR2	R	5	51	1	803
184	7	11	39.333	  90.000	  37.333	  80.464	  40.333	  74.802	Fill5	R	3	51	3	663
184	7	12	81.000	  46.543	  58.000	  65.000	  44.353	  85.000	ComD2	R	3	49	2	869
184	7	13	48.000	  75.000	  60.000	  60.000	  64.286	  56.000	SimA2	R	5	50	3	1325
184	7	14	40.000	  90.000	  38.000	  80.658	  42.000	  73.357	Fill5	R	2	51	2	811
184	7	15	49.000	  83.000	  85.000	  47.847	  41.000	  83.000	AttR1	R	4	49	3	629
184	7	16	49.613	  75.000	  61.000	  61.000	  65.281	  57.000	SimA2	R	3	50	1	1190
184	7	17	48.800	  75.000	  60.000	  61.000	  44.800	  81.696	SimA1	R	6	50	2	1146
184	7	18	77.000	  49.909	  74.000	  46.054	  78.000	  43.449	Fill2	R	2	50	3	1174
184	7	19	76.000	  51.368	  74.000	  46.919	  77.000	  44.403	Fill2	R	2	50	3	514
184	7	20	51.000	  82.000	  83.000	  50.386	  83.000	  41.386	AttR2	R	3	50	1	679
184	7	21	81.000	  47.259	  58.000	  66.000	  44.512	  86.000	ComD2	R	1	50	2	735
184	7	22	94.000	  41.532	  93.000	  36.903	  95.000	  36.305	Fill1	R	2	51	2	709
184	7	23	76.000	  49.763	  75.000	  44.573	  77.000	  42.675	Fill2	R	2	49	1	866
184	7	24	46.068	  73.000	  59.000	  57.000	  62.278	  54.000	SimA2	R	4	50	1	530
184	7	25	39.783	  92.000	  38.783	  80.964	  41.783	  75.582	Fill5	R	5	51	1	1135
184	7	26	50.000	  81.000	  83.000	  48.795	  83.000	  41.795	AttR2	R	4	51	2	725
184	7	27	92.000	  41.109	  90.000	  37.200	  94.000	  35.840	Fill1	R	2	50	3	1171
184	7	28	97.000	  38.268	  80.000	  46.400	  58.000	  64.000	ComD1	R	3	50	1	758
184	7	29	47.200	  75.000	  60.000	  59.000	  43.200	  81.944	SimA1	R	5	49	2	674
184	7	30	61.000	  63.000	  59.000	  58.051	  63.000	  54.286	Fill3	R	4	51	2	1002
184	7	31	74.000	  49.459	  72.000	  45.139	  75.000	  43.373	Fill2	R	2	51	2	1509
184	7	32	47.200	  75.000	  59.000	  60.000	  42.200	  83.886	SimA1	R	2	51	2	2682
184	7	33	49.000	  80.000	  82.000	  47.805	  82.000	  39.805	AttR2	R	3	49	2	1899
184	7	34	81.000	  44.938	  56.000	  65.000	  43.333	  84.000	ComD2	R	3	50	1	935
184	7	35	47.838	  74.000	  60.000	  59.000	  42.838	  82.637	SimA1	R	4	50	1	1405
184	7	36	80.000	  46.400	  58.000	  64.000	  42.667	  87.000	ComD2	R	3	50	1	1287
184	7	37	47.200	  75.000	  60.000	  59.000	  65.556	  54.000	SimA2	R	2	51	2	1215
184	7	38	47.000	  82.000	  82.000	  47.000	  40.000	  82.000	AttR1	R	3	49	2	1002
184	7	39	50.000	  81.000	  83.000	  48.795	  43.000	  81.000	AttR1	R	3	50	1	1301
184	7	40	97.000	  40.144	  82.000	  47.488	  59.000	  66.000	ComD1	R	2	49	1	2194
184	7	41	48.800	  75.000	  60.000	  61.000	  65.357	  56.000	SimA2	R	5	49	2	1669
184	7	42	99.000	  38.667	  81.000	  47.259	  58.000	  66.000	ComD1	R	5	50	3	1093
184	7	43	48.000	  75.000	  60.000	  60.000	  43.000	  83.721	SimA1	R	4	51	2	1078
184	7	44	51.108	  74.000	  48.108	  68.263	  52.108	  64.424	Fill4	R	2	50	3	7494
184	7	45	97.000	  37.526	  81.000	  44.938	  56.000	  65.000	ComD1	R	4	49	3	909
184	7	46	51.000	  82.000	  80.000	  52.275	  43.000	  82.000	AttR1	R	3	50	1	1770
184	7	47	93.000	  41.323	  90.000	  38.033	  95.000	  35.558	Fill1	R	6	51	1	710
184	7	48	60.000	  61.000	  58.000	  55.793	  63.000	  51.238	Fill3	R	2	51	2	1145
184	7	49	51.000	  80.000	  80.000	  51.000	  80.000	  44.000	AttR2	R	4	50	1	974
184	7	50	60.000	  60.000	  59.000	  52.814	  61.000	  52.115	Fill3	R	4	50	1	898
184	7	51	51.000	  82.000	  80.000	  52.275	  80.000	  45.275	AttR2	R	3	49	2	567
184	7	52	80.000	  46.400	  58.000	  64.000	  43.163	  86.000	ComD2	R	3	51	3	491
184	7	53	74.000	  48.649	  73.000	  43.630	  75.000	  41.947	Fill2	R	3	50	1	354
184	7	54	95.000	  41.737	  82.000	  48.354	  61.000	  65.000	ComD1	R	1	51	3	215
184	7	55	51.000	  82.000	  83.000	  50.386	  43.000	  82.000	AttR1	R	3	50	1	147
184	7	56	80.000	  45.600	  57.000	  64.000	  43.429	  84.000	ComD2	R	1	49	1	56
184	7	57	45.789	  76.000	  58.000	  60.000	  40.789	  85.316	SimA1	R	3	50	1	1600
184	7	58	47.200	  75.000	  59.000	  60.000	  63.214	  56.000	SimA2	R	4	49	3	1794
184	7	59	51.932	  74.000	  49.932	  68.853	  53.932	  63.802	Fill4	R	5	50	3	589
184	7	60	50.137	  73.000	  49.137	  64.982	  51.137	  63.398	Fill4	R	1	50	2	79
184	7	61	41.532	  94.000	  39.532	  85.501	  42.532	  78.999	Fill5	R	2	51	2	183
184	7	62	52.000	  80.000	  78.000	  53.333	  45.000	  80.000	AttR1	R	6	51	1	283
184	7	63	95.000	  39.684	  82.000	  45.976	  58.000	  65.000	ComD1	R	5	50	3	74
184	7	64	92.000	  39.783	  90.000	  35.178	  95.000	  33.326	Fill1	R	6	51	1	27
184	7	65	52.000	  83.000	  83.000	  52.000	  83.000	  44.000	AttR2	R	5	50	3	445
184	7	66	82.000	  48.354	  61.000	  65.000	  44.551	  89.000	ComD2	R	6	50	2	654
184	7	67	95.000	  39.074	  81.000	  45.827	  58.000	  64.000	ComD1	R	5	49	2	957
184	7	68	51.304	  69.000	  49.304	  63.179	  52.304	  58.714	Fill4	R	4	51	2	2570
184	7	69	51.000	  80.000	  81.000	  50.370	  42.000	  80.000	AttR1	R	4	50	1	1126
184	7	70	49.000	  80.000	  82.000	  47.805	  40.000	  80.000	AttR1	R	5	51	1	547
184	7	71	74.000	  47.838	  71.000	  44.211	  76.000	  40.789	Fill2	R	6	49	3	791
184	7	72	51.000	  80.000	  80.000	  51.000	  42.000	  80.000	AttR1	R	4	50	1	753
184	7	73	94.000	  38.809	  80.000	  45.600	  57.000	  64.000	ComD1	R	5	50	3	671
184	7	74	60.000	  59.000	  57.000	  54.491	  61.000	  50.967	Fill3	R	3	51	3	1638
184	7	75	48.000	  75.000	  60.000	  60.000	  44.000	  81.818	SimA1	R	4	49	3	1647
184	7	76	96.000	  38.667	  80.000	  46.400	  58.000	  64.000	ComD1	R	1	49	1	263
184	7	77	82.000	  47.488	  59.000	  66.000	  44.250	  88.000	ComD2	R	3	50	1	1239
184	7	78	50.000	  72.000	  49.000	  65.020	  51.000	  61.725	Fill4	R	3	50	1	615
184	7	79	91.000	  38.901	  89.000	  34.944	  93.000	  33.699	Fill1	R	3	51	3	818
184	7	80	48.800	  75.000	  61.000	  60.000	  45.800	  79.913	SimA1	R	5	50	3	405
184	7	81	98.000	  38.469	  81.000	  46.543	  58.000	  65.000	ComD1	R	4	49	3	295
184	7	82	61.000	  62.000	  60.000	  55.317	  64.000	  52.484	Fill3	R	5	51	1	672
184	7	83	52.757	  74.000	  50.757	  68.720	  54.757	  63.335	Fill4	R	4	50	1	671
184	7	84	46.068	  73.000	  59.000	  57.000	  43.068	  78.085	SimA1	R	3	49	2	760
184	7	85	41.772	  92.000	  38.772	  85.836	  43.772	  75.757	Fill5	R	2	49	1	782
184	7	86	82.000	  45.976	  58.000	  65.000	  43.333	  87.000	ComD2	R	4	51	2	952
184	7	87	47.000	  82.000	  82.000	  47.000	  82.000	  40.000	AttR2	R	5	51	1	677
184	7	88	81.000	  45.827	  58.000	  64.000	  42.667	  87.000	ComD2	R	2	51	2	8980
184	7	89	52.000	  80.000	  78.000	  53.333	  78.000	  45.333	AttR2	R	5	50	3	6047
184	7	90	52.000	  83.000	  83.000	  52.000	  45.000	  83.000	AttR1	R	3	51	3	2319
184	8	1	47.000	  80.000	  78.000	  48.205	  38.000	  80.000	AttR1	R	4	51	2	2261
184	8	2	97.000	  39.464	  82.000	  46.683	  58.000	  66.000	ComD1	R	5	50	3	487
184	8	3	96.000	  39.188	  81.000	  46.444	  57.000	  66.000	ComD1	R	3	49	2	695
184	8	4	49.000	  83.000	  81.000	  50.210	  81.000	  41.210	AttR2	R	5	51	1	743
184	8	5	48.000	  82.000	  81.000	  48.593	  39.000	  82.000	AttR1	R	5	51	1	877
184	8	6	50.000	  82.000	  80.000	  51.250	  80.000	  43.250	AttR2	R	4	50	1	542
184	8	7	92.000	  39.783	  91.000	  35.044	  93.000	  35.011	Fill1	R	2	49	1	474
184	8	8	49.859	  71.000	  47.859	  64.941	  50.859	  60.422	Fill4	R	2	50	3	403
184	8	9	49.944	  72.000	  62.000	  58.000	  65.382	  55.000	SimA2	R	4	51	2	1613
184	8	10	50.000	  80.000	  81.000	  49.383	  42.000	  80.000	AttR1	R	2	49	1	769
184	8	11	73.000	  46.849	  71.000	  41.775	  74.000	  39.986	Fill2	R	3	50	1	611
184	8	12	50.000	  79.000	  79.000	  50.000	  79.000	  42.000	AttR2	R	4	50	1	565
184	8	13	73.000	  48.493	  71.000	  43.817	  74.000	  41.568	Fill2	R	4	50	1	535
184	8	14	49.000	  83.000	  81.000	  50.210	  42.000	  83.000	AttR1	R	6	51	1	1157
184	8	15	41.560	  91.000	  39.560	  82.962	  42.560	  76.409	Fill5	R	6	51	1	642
184	8	16	47.692	  78.000	  60.000	  62.000	  44.692	  83.236	SimA1	R	1	50	2	642
184	8	17	49.859	  71.000	  48.859	  63.857	  50.859	  60.461	Fill4	R	5	51	1	715
184	8	18	81.000	  44.938	  56.000	  65.000	  43.333	  84.000	ComD2	R	5	51	1	551
184	8	19	81.000	  46.444	  57.000	  66.000	  43.744	  86.000	ComD2	R	5	50	3	653
184	8	20	57.000	  60.000	  56.000	  52.607	  59.000	  50.576	Fill3	R	5	51	1	612
184	8	21	59.000	  60.000	  56.000	  55.161	  62.000	  49.806	Fill3	R	4	50	1	679
184	8	22	97.000	  38.866	  81.000	  46.543	  58.000	  65.000	ComD1	R	5	49	2	1231
184	8	23	90.000	  38.000	  87.000	  34.172	  93.000	  31.462	Fill1	R	4	50	1	1511
184	8	24	50.000	  79.000	  79.000	  50.000	  43.000	  79.000	AttR1	R	4	51	2	845
184	8	25	46.553	  76.000	  58.000	  61.000	  43.553	  81.235	SimA1	R	6	51	1	1357
184	8	26	82.000	  45.976	  58.000	  65.000	  43.333	  87.000	ComD2	R	4	51	2	922
184	8	27	50.000	  80.000	  82.000	  48.780	  82.000	  40.780	AttR2	R	5	49	2	872
184	8	28	75.000	  48.800	  73.000	  43.342	  76.000	  42.566	Fill2	R	5	51	1	951
184	8	29	95.000	  39.684	  81.000	  46.543	  58.000	  65.000	ComD1	R	4	51	2	797
184	8	30	47.000	  79.000	  79.000	  47.000	  79.000	  38.000	AttR2	R	3	50	1	888
184	8	31	95.000	  39.811	  94.000	  35.585	  96.000	  34.656	Fill1	R	4	49	3	1671
184	8	32	47.692	  78.000	  60.000	  62.000	  65.263	  57.000	SimA2	R	1	49	1	4415
184	8	33	92.000	  38.478	  91.000	  34.451	  95.000	  32.232	Fill1	R	5	50	3	770
184	8	34	76.000	  46.579	  73.000	  42.767	  77.000	  39.844	Fill2	R	4	50	1	5836
184	8	35	49.763	  76.000	  62.000	  61.000	  66.351	  57.000	SimA2	R	3	51	3	1365
184	8	36	52.000	  81.000	  80.000	  52.650	  80.000	  43.650	AttR2	R	2	51	2	1303
184	8	37	81.000	  46.543	  58.000	  65.000	  43.333	  87.000	ComD2	R	2	51	2	4030
184	8	38	60.000	  61.000	  59.000	  54.034	  61.000	  53.016	Fill3	R	5	51	1	3456
184	8	39	98.000	  38.469	  82.000	  45.976	  58.000	  65.000	ComD1	R	1	49	1	1239
184	8	40	47.532	  77.000	  60.000	  61.000	  43.532	  84.075	SimA1	R	5	49	2	863
184	8	41	46.579	  76.000	  59.000	  60.000	  42.579	  83.140	SimA1	R	6	51	1	968
184	8	42	94.000	  40.170	  80.000	  47.200	  59.000	  64.000	ComD1	R	2	50	3	491
184	8	43	46.553	  76.000	  58.000	  61.000	  62.070	  57.000	SimA2	R	6	51	1	907
184	8	44	47.532	  77.000	  60.000	  61.000	  65.357	  56.000	SimA2	R	1	49	1	583
184	8	45	81.000	  46.543	  58.000	  65.000	  44.353	  85.000	ComD2	R	3	51	3	1330
184	8	46	98.000	  37.143	  81.000	  44.938	  56.000	  65.000	ComD1	R	6	49	3	598
184	8	47	76.000	  49.763	  74.000	  45.419	  77.000	  43.000	Fill2	R	2	51	2	746
184	8	48	47.685	  73.000	  59.000	  59.000	  44.685	  77.901	SimA1	R	6	51	1	551
184	8	49	50.000	  80.000	  81.000	  49.383	  81.000	  41.383	AttR2	R	3	50	1	388
184	8	50	47.027	  74.000	  60.000	  58.000	  43.027	  80.879	SimA1	R	1	49	1	198
184	8	51	93.000	  38.667	  90.000	  34.778	  94.000	  33.670	Fill1	R	2	51	2	3
184	8	52	47.027	  74.000	  60.000	  58.000	  63.273	  55.000	SimA2	R	4	50	1	1501
184	8	53	52.000	  81.000	  80.000	  52.650	  45.000	  81.000	AttR1	R	4	49	3	633
184	8	54	53.268	  71.000	  52.268	  63.060	  54.268	  61.510	Fill4	R	1	49	1	2810
184	8	55	94.000	  39.489	  81.000	  45.827	  58.000	  64.000	ComD1	R	4	49	3	1477
184	8	56	100.000	  39.530	  83.000	  47.627	  59.000	  67.000	ComD1	R	5	50	3	749
184	8	57	49.763	  76.000	  62.000	  61.000	  46.763	  80.876	SimA1	R	2	51	2	626
184	8	58	83.000	  47.627	  59.000	  67.000	  44.920	  88.000	ComD2	R	4	51	2	822
184	8	59	40.864	  88.000	  39.864	  76.436	  41.864	  73.620	Fill5	R	2	49	1	815
184	8	60	40.227	  88.000	  38.227	  78.949	  41.227	  73.665	Fill5	R	5	51	1	1035
184	8	61	80.000	  46.312	  57.000	  65.000	  43.588	  85.000	ComD2	R	5	49	2	970
184	8	62	48.773	  75.000	  62.000	  59.000	  66.509	  55.000	SimA2	R	5	51	1	982
184	8	63	60.000	  59.000	  57.000	  54.439	  62.000	  49.903	Fill3	R	6	51	1	823
184	8	64	48.857	  70.000	  47.857	  62.373	  50.857	  58.084	Fill4	R	1	49	1	1002
184	8	65	81.000	  45.827	  58.000	  64.000	  42.667	  87.000	ComD2	R	5	51	1	1998
184	8	66	62.000	  61.000	  59.000	  57.017	  63.000	  53.000	Fill3	R	4	51	2	256
184	8	67	47.000	  79.000	  79.000	  47.000	  39.000	  79.000	AttR1	R	2	50	3	448
184	8	68	40.220	  91.000	  37.220	  84.203	  42.220	  74.183	Fill5	R	4	49	3	71
184	8	69	92.000	  38.478	  89.000	  34.528	  95.000	  32.432	Fill1	R	1	50	2	558
184	8	70	39.333	  90.000	  38.333	  78.861	  41.333	  73.210	Fill5	R	2	50	3	117
184	8	71	52.116	  69.000	  51.116	  60.901	  53.116	  59.624	Fill4	R	6	51	1	602
184	8	72	48.773	  75.000	  62.000	  59.000	  45.773	  79.916	SimA1	R	5	49	2	909
184	8	73	47.041	  74.000	  59.000	  59.000	  44.041	  79.041	SimA1	R	5	49	2	730
184	8	74	50.000	  80.000	  82.000	  48.780	  42.000	  80.000	AttR1	R	2	51	2	799
184	8	75	50.000	  82.000	  80.000	  51.250	  41.000	  82.000	AttR1	R	4	51	2	850
184	8	76	47.685	  73.000	  59.000	  59.000	  64.463	  54.000	SimA2	R	2	49	1	746
184	8	77	46.579	  76.000	  59.000	  60.000	  64.364	  55.000	SimA2	R	4	51	2	560
184	8	78	78.000	  46.103	  76.000	  41.408	  79.000	  40.291	Fill2	R	4	49	3	462
184	8	79	47.041	  74.000	  59.000	  59.000	  64.463	  54.000	SimA2	R	2	50	3	374
184	8	80	53.000	  78.000	  79.000	  52.329	  79.000	  45.329	AttR2	R	6	51	1	759
184	8	81	47.000	  80.000	  78.000	  48.205	  78.000	  40.205	AttR2	R	1	49	1	605
184	8	82	38.427	  89.000	  36.427	  79.721	  39.427	  73.858	Fill5	R	3	51	3	735
184	8	83	48.000	  82.000	  81.000	  48.593	  81.000	  39.593	AttR2	R	4	50	1	725
184	8	84	51.549	  71.000	  49.549	  64.703	  53.549	  59.571	Fill4	R	3	49	2	579
184	8	85	82.000	  46.683	  58.000	  66.000	  45.035	  85.000	ComD2	R	5	49	2	901
184	8	86	62.000	  58.000	  60.000	  52.017	  63.000	  49.349	Fill3	R	6	51	1	771
184	8	87	49.944	  72.000	  62.000	  58.000	  45.944	  78.268	SimA1	R	1	51	3	4421
184	8	88	95.000	  39.000	  80.000	  46.312	  57.000	  65.000	ComD1	R	1	49	1	1240
184	8	89	53.000	  78.000	  79.000	  52.329	  46.000	  78.000	AttR1	R	2	51	2	640
184	8	90	80.000	  47.200	  59.000	  64.000	  43.402	  87.000	ComD2	R	6	50	2	944
