username: S32, Experiment time (minutes): 32
Operating system: Mac OS 10.8.5
Manufacturer: Google Pepper
Player type: PlugIn
Version: MAC 13,0,0,182

username	blkNum	trlNum	Rect1Height	Rect1Width	Rect2Height	Rect2Width	Rect3Height	Rect3Width	Effect	StimType	StimPosition	rawResp	response	RT
8477	0	1	90.000	  38.633	  88.000	  34.398	  91.000	  33.473	Fill1	R	4	99	2	15150
8477	0	2	59.000	  59.000	  58.000	  52.224	  60.000	  49.917	Fill3	R	6	99	1	10995
8477	0	3	77.000	  49.117	  74.000	  44.432	  79.000	  41.734	Fill2	R	5	99	1	8479
8477	1	1	49.000	  80.000	  81.000	  48.395	  42.000	  80.000	AttR1	R	1	97	1	12661
8477	1	2	50.833	  72.000	  48.833	  64.853	  51.833	  62.045	Fill4	R	2	97	1	7007
8477	1	3	82.000	  45.976	  58.000	  65.000	  43.837	  86.000	ComD2	R	6	98	2	2505
8477	1	4	81.000	  46.543	  58.000	  65.000	  43.837	  86.000	ComD2	R	2	99	2	6744
8477	1	5	98.000	  39.796	  82.000	  47.561	  60.000	  65.000	ComD1	R	4	97	3	5581
8477	1	6	80.000	  46.400	  58.000	  64.000	  43.671	  85.000	ComD2	R	2	99	2	2607
8477	1	7	47.838	  74.000	  59.000	  60.000	  64.364	  55.000	SimA2	R	3	97	2	3874
8477	1	8	75.000	  45.627	  73.000	  41.288	  77.000	  38.325	Fill2	R	3	98	1	2147
8477	1	9	50.000	  80.000	  78.000	  51.282	  43.000	  80.000	AttR1	R	3	98	1	4455
8477	1	10	59.000	  58.000	  56.000	  52.964	  60.000	  50.367	Fill3	R	2	97	1	1295
8477	1	11	52.000	  79.000	  77.000	  53.351	  43.000	  79.000	AttR1	R	4	98	1	2224
8477	1	12	61.000	  60.000	  59.000	  54.915	  62.000	  52.242	Fill3	R	5	99	1	1003
8477	1	13	53.000	  80.000	  81.000	  52.346	  45.000	  80.000	AttR1	R	5	99	1	2029
8477	1	14	98.000	  37.806	  82.000	  45.183	  57.000	  65.000	ComD1	R	5	98	3	2672
8477	1	15	92.000	  37.826	  91.000	  33.055	  93.000	  32.376	Fill1	R	1	97	1	3792
8477	1	16	92.000	  39.120	  91.000	  34.429	  94.000	  33.362	Fill1	R	6	99	1	2803
8477	1	17	47.671	  73.000	  60.000	  58.000	  43.671	  79.686	SimA1	R	2	99	2	2557
8477	1	18	79.000	  46.177	  57.000	  64.000	  43.429	  84.000	ComD2	R	1	98	2	4339
8477	1	19	82.000	  47.561	  60.000	  65.000	  44.318	  88.000	ComD2	R	5	97	2	3288
8477	1	20	48.635	  74.000	  61.000	  59.000	  44.635	  80.632	SimA1	R	6	98	2	4151
8477	1	21	47.355	  76.000	  59.000	  61.000	  42.355	  84.972	SimA1	R	5	97	2	3516
8477	1	22	40.667	  90.000	  37.667	  83.841	  42.667	  73.852	Fill5	R	6	99	1	2666
8477	1	23	48.886	  70.000	  47.886	  62.628	  49.886	  60.037	Fill4	R	1	97	1	2500
8477	1	24	47.685	  73.000	  59.000	  59.000	  43.685	  79.684	SimA1	R	3	99	3	1975
8477	1	25	46.000	  80.000	  81.000	  45.432	  39.000	  80.000	AttR1	R	5	99	1	1811
8477	1	26	38.886	  88.000	  35.886	  81.312	  40.886	  70.610	Fill5	R	5	99	1	2117
8477	1	27	47.685	  73.000	  59.000	  59.000	  62.161	  56.000	SimA2	R	6	97	3	2747
8477	1	28	78.000	  46.897	  76.000	  42.000	  80.000	  39.587	Fill2	R	5	99	1	704
8477	1	29	50.000	  80.000	  80.000	  50.000	  80.000	  42.000	AttR2	R	1	97	1	2684
8477	1	30	50.000	  81.000	  82.000	  49.390	  82.000	  41.390	AttR2	R	4	98	1	1612
8477	1	31	50.690	  71.000	  49.690	  62.970	  52.690	  58.835	Fill4	R	6	99	1	3880
8477	1	32	48.800	  75.000	  61.000	  60.000	  66.545	  55.000	SimA2	R	1	97	1	1536
8477	1	33	95.000	  39.684	  80.000	  47.125	  58.000	  65.000	ComD1	R	2	98	3	1293
8477	1	34	62.000	  59.000	  60.000	  52.850	  63.000	  50.381	Fill3	R	3	98	1	1565
8477	1	35	49.000	  80.000	  81.000	  48.395	  81.000	  41.395	AttR2	R	2	99	2	7952
8477	1	36	75.000	  47.987	  72.000	  44.319	  77.000	  41.208	Fill2	R	6	99	1	2829
8477	1	37	95.000	  38.400	  79.000	  46.177	  57.000	  64.000	ComD1	R	4	97	3	2368
8477	1	38	49.000	  79.000	  81.000	  47.790	  81.000	  39.790	AttR2	R	6	99	1	747
8477	1	39	50.000	  80.000	  78.000	  51.282	  78.000	  44.282	AttR2	R	6	99	1	2552
8477	1	40	97.000	  38.866	  81.000	  46.543	  58.000	  65.000	ComD1	R	2	98	3	726
8477	1	41	81.000	  47.259	  58.000	  66.000	  44.512	  86.000	ComD2	R	2	99	2	2499
8477	1	42	47.838	  74.000	  59.000	  60.000	  43.838	  80.752	SimA1	R	2	98	3	1623
8477	1	43	49.000	  82.000	  84.000	  47.833	  84.000	  40.833	AttR2	R	5	99	1	963
8477	1	44	59.000	  61.000	  57.000	  55.509	  60.000	  52.300	Fill3	R	4	98	1	1991
8477	1	45	92.000	  39.120	  91.000	  34.132	  95.000	  32.916	Fill1	R	5	99	1	3387
8477	1	46	45.627	  75.000	  58.000	  59.000	  61.107	  56.000	SimA2	R	4	99	2	3092
8477	1	47	85.000	  46.400	  58.000	  68.000	  46.400	  85.000	ComD2	R	4	99	2	9685
8477	1	48	52.000	  79.000	  77.000	  53.351	  77.000	  45.351	AttR2	R	3	98	1	16580
8477	1	49	52.000	  76.000	  74.000	  53.405	  44.000	  76.000	AttR1	R	1	98	2	4456
8477	1	50	82.000	  45.183	  57.000	  65.000	  43.081	  86.000	ComD2	R	1	98	2	2016
8477	1	51	53.000	  80.000	  81.000	  52.346	  81.000	  43.346	AttR2	R	3	98	1	1243
8477	1	52	47.355	  76.000	  59.000	  61.000	  62.052	  58.000	SimA2	R	3	98	1	4355
8477	1	53	97.000	  38.268	  80.000	  46.400	  58.000	  64.000	ComD1	R	5	98	3	576
8477	1	54	39.120	  92.000	  38.120	  80.169	  41.120	  74.539	Fill5	R	1	97	1	3635
8477	1	55	41.101	  89.000	  39.101	  80.126	  42.101	  73.917	Fill5	R	5	99	1	835
8477	1	56	95.000	  38.505	  92.000	  35.033	  97.000	  32.948	Fill1	R	3	98	1	627
8477	1	57	96.000	  39.875	  81.000	  47.259	  58.000	  66.000	ComD1	R	3	99	3	1396
8477	1	58	49.986	  72.000	  48.986	  65.141	  51.986	  61.497	Fill4	R	5	98	3	728
8477	1	59	50.000	  80.000	  80.000	  50.000	  42.000	  80.000	AttR1	R	6	99	1	884
8477	1	60	96.000	  39.271	  82.000	  45.976	  58.000	  65.000	ComD1	R	1	99	3	845
8477	1	61	46.579	  76.000	  59.000	  60.000	  43.579	  81.232	SimA1	R	6	98	2	637
8477	1	62	101.000	  39.050	  85.000	  46.400	  58.000	  68.000	ComD1	R	5	98	3	460
8477	1	63	83.000	  46.120	  58.000	  66.000	  45.035	  85.000	ComD2	R	2	99	2	548
8477	1	64	46.579	  76.000	  59.000	  60.000	  62.105	  57.000	SimA2	R	1	98	2	587
8477	1	65	60.000	  58.000	  58.000	  52.103	  63.000	  47.810	Fill3	R	3	98	1	485
8477	1	66	39.545	  88.000	  37.545	  79.077	  40.545	  72.388	Fill5	R	6	99	1	1077
8477	1	67	59.000	  61.000	  56.000	  57.018	  61.000	  51.197	Fill3	R	5	99	1	909
8477	1	68	48.800	  75.000	  61.000	  60.000	  45.800	  79.913	SimA1	R	5	97	2	1315
8477	1	69	76.000	  48.158	  75.000	  42.493	  77.000	  41.351	Fill2	R	5	99	1	1415
8477	1	70	49.714	  70.000	  47.714	  63.419	  50.714	  60.042	Fill4	R	6	99	1	4683
8477	1	71	39.989	  90.000	  38.989	  78.304	  41.989	  73.734	Fill5	R	6	99	1	1363
8477	1	72	92.000	  39.783	  89.000	  36.315	  93.000	  34.753	Fill1	R	4	98	1	4352
8477	1	73	50.000	  81.000	  82.000	  49.390	  42.000	  81.000	AttR1	R	5	99	1	1492
8477	1	74	48.325	  77.000	  61.000	  61.000	  65.281	  57.000	SimA2	R	2	97	1	1549
8477	1	75	45.627	  75.000	  58.000	  59.000	  42.627	  80.278	SimA1	R	2	99	2	1091
8477	1	76	46.000	  80.000	  81.000	  45.432	  81.000	  38.432	AttR2	R	4	98	1	2155
8477	1	77	51.240	  75.000	  63.000	  61.000	  66.259	  58.000	SimA2	R	4	97	3	1767
8477	1	78	53.014	  69.000	  50.014	  65.041	  54.014	  58.632	Fill4	R	3	98	1	618
8477	1	79	49.000	  79.000	  81.000	  47.790	  42.000	  79.000	AttR1	R	3	98	1	772
8477	1	80	73.000	  49.301	  70.000	  45.086	  76.000	  41.697	Fill2	R	6	98	2	1128
8477	1	81	51.240	  75.000	  63.000	  61.000	  47.240	  81.351	SimA1	R	5	97	2	2628
8477	1	82	80.000	  47.125	  58.000	  65.000	  44.353	  85.000	ComD2	R	4	98	1	600
8477	1	83	75.000	  46.400	  74.000	  40.986	  76.000	  40.487	Fill2	R	6	98	2	930
8477	1	84	49.000	  82.000	  84.000	  47.833	  40.000	  82.000	AttR1	R	2	98	3	2056
8477	1	85	47.671	  73.000	  60.000	  58.000	  64.444	  54.000	SimA2	R	6	97	3	5928
8477	1	86	92.000	  37.196	  89.000	  33.607	  93.000	  31.742	Fill1	R	5	99	1	1789
8477	1	87	48.325	  77.000	  61.000	  61.000	  45.325	  82.097	SimA1	R	6	98	2	608
8477	1	88	97.000	  39.464	  83.000	  46.120	  58.000	  66.000	ComD1	R	4	98	1	1163
8477	1	89	48.635	  74.000	  61.000	  59.000	  66.648	  54.000	SimA2	R	4	97	3	1688
8477	1	90	52.000	  76.000	  74.000	  53.405	  74.000	  44.405	AttR2	R	6	99	1	800
8477	2	1	49.282	  78.000	  62.000	  62.000	  65.153	  59.000	SimA2	R	3	99	3	4837
8477	2	2	51.000	  80.000	  79.000	  51.646	  44.000	  80.000	AttR1	R	5	97	2	3484
8477	2	3	49.000	  78.000	  77.000	  49.636	  42.000	  78.000	AttR1	R	3	98	1	629
8477	2	4	94.000	  38.809	  79.000	  46.177	  57.000	  64.000	ComD1	R	2	97	1	1960
8477	2	5	49.000	  79.000	  77.000	  50.273	  40.000	  79.000	AttR1	R	4	98	1	621
8477	2	6	81.000	  48.074	  59.000	  66.000	  44.759	  87.000	ComD2	R	3	98	1	992
8477	2	7	49.000	  78.000	  77.000	  49.636	  77.000	  40.636	AttR2	R	3	97	2	1643
8477	2	8	47.811	  74.000	  61.000	  58.000	  64.327	  55.000	SimA2	R	5	98	3	1052
8477	2	9	51.000	  80.000	  79.000	  51.646	  79.000	  42.646	AttR2	R	3	98	1	2266
8477	2	10	49.028	  71.000	  48.028	  62.172	  50.028	  59.606	Fill4	R	2	97	1	1066
8477	2	11	47.838	  74.000	  60.000	  59.000	  43.838	  80.752	SimA1	R	5	97	2	1100
8477	2	12	71.000	  47.366	  70.000	  41.714	  72.000	  40.444	Fill2	R	3	98	1	528
8477	2	13	48.325	  77.000	  61.000	  61.000	  64.155	  58.000	SimA2	R	2	97	1	917
8477	2	14	73.000	  48.493	  70.000	  44.571	  76.000	  40.066	Fill2	R	2	97	1	642
8477	2	15	71.000	  47.324	  68.000	  43.132	  73.000	  40.164	Fill2	R	3	98	1	627
8477	2	16	48.000	  78.000	  77.000	  48.623	  77.000	  39.623	AttR2	R	2	99	2	820
8477	2	17	84.000	  46.262	  58.000	  67.000	  45.718	  85.000	ComD2	R	3	98	1	912
8477	2	18	79.000	  46.177	  57.000	  64.000	  42.419	  86.000	ComD2	R	3	98	1	668
8477	2	19	95.000	  40.421	  81.000	  47.407	  60.000	  64.000	ComD1	R	3	99	3	733
8477	2	20	56.000	  60.000	  53.000	  54.340	  59.000	  49.763	Fill3	R	2	99	2	914
8477	2	21	52.000	  79.000	  79.000	  52.000	  79.000	  44.000	AttR2	R	3	98	1	752
8477	2	22	96.000	  39.333	  80.000	  47.200	  59.000	  64.000	ComD1	R	1	99	3	565
8477	2	23	48.739	  69.000	  46.739	  62.432	  50.739	  57.037	Fill4	R	6	99	1	656
8477	2	24	40.890	  91.000	  39.890	  80.747	  42.890	  74.563	Fill5	R	1	99	3	663
8477	2	25	49.459	  74.000	  61.000	  60.000	  46.459	  78.778	SimA1	R	2	98	3	1472
8477	2	26	81.000	  47.407	  60.000	  64.000	  43.146	  89.000	ComD2	R	5	98	3	1384
8477	2	27	80.000	  47.125	  58.000	  65.000	  43.837	  86.000	ComD2	R	5	97	2	1707
8477	2	28	39.112	  89.000	  37.112	  79.623	  40.112	  73.693	Fill5	R	3	99	3	743
8477	2	29	53.000	  81.000	  82.000	  52.354	  82.000	  44.354	AttR2	R	2	99	2	1150
8477	2	30	47.811	  74.000	  61.000	  58.000	  42.811	  82.643	SimA1	R	1	98	2	651
8477	2	31	50.000	  79.000	  81.000	  48.765	  41.000	  79.000	AttR1	R	1	99	3	787
8477	2	32	80.000	  47.200	  59.000	  64.000	  43.402	  87.000	ComD2	R	1	98	2	1228
8477	2	33	48.132	  76.000	  59.000	  62.000	  63.069	  58.000	SimA2	R	4	98	1	712
8477	2	34	90.000	  37.367	  88.000	  33.170	  92.000	  31.293	Fill1	R	5	97	2	1485
8477	2	35	96.000	  39.948	  81.000	  47.346	  59.000	  65.000	ComD1	R	2	98	3	588
8477	2	36	47.200	  75.000	  59.000	  60.000	  64.364	  55.000	SimA2	R	1	98	2	752
8477	2	37	47.200	  75.000	  59.000	  60.000	  42.200	  83.886	SimA1	R	4	99	2	644
8477	2	38	47.368	  76.000	  60.000	  60.000	  42.368	  84.969	SimA1	R	3	98	1	589
8477	2	39	95.000	  39.684	  81.000	  46.543	  58.000	  65.000	ComD1	R	5	98	3	600
8477	2	40	47.838	  74.000	  60.000	  59.000	  63.214	  56.000	SimA2	R	2	99	2	1227
8477	2	41	95.000	  39.684	  80.000	  47.125	  58.000	  65.000	ComD1	R	4	97	3	781
8477	2	42	50.000	  79.000	  81.000	  48.765	  81.000	  41.765	AttR2	R	2	99	2	712
8477	2	43	48.325	  77.000	  61.000	  61.000	  43.325	  85.886	SimA1	R	6	98	2	509
8477	2	44	49.000	  78.000	  77.000	  49.636	  41.000	  78.000	AttR1	R	3	97	2	610
8477	2	45	39.775	  89.000	  38.775	  77.188	  40.775	  74.310	Fill5	R	2	97	1	1133
8477	2	46	59.000	  60.000	  57.000	  53.509	  60.000	  51.667	Fill3	R	1	98	2	547
8477	2	47	98.000	  39.735	  81.000	  48.074	  59.000	  66.000	ComD1	R	5	98	3	576
8477	2	48	49.282	  78.000	  62.000	  62.000	  45.282	  84.890	SimA1	R	4	98	1	980
8477	2	49	47.532	  77.000	  60.000	  61.000	  63.103	  58.000	SimA2	R	2	99	2	581
8477	2	50	100.000	  38.860	  84.000	  46.262	  58.000	  67.000	ComD1	R	4	97	3	680
8477	2	51	61.000	  61.000	  59.000	  55.237	  63.000	  52.476	Fill3	R	1	97	1	920
8477	2	52	89.000	  37.753	  87.000	  33.448	  92.000	  31.891	Fill1	R	3	98	1	733
8477	2	53	53.000	  81.000	  82.000	  52.354	  46.000	  81.000	AttR1	R	2	97	1	827
8477	2	54	49.859	  71.000	  48.859	  64.000	  50.859	  61.739	Fill4	R	2	98	3	596
8477	2	55	59.000	  59.000	  58.000	  52.103	  61.000	  50.098	Fill3	R	5	99	1	1088
8477	2	56	75.000	  46.413	  73.000	  42.192	  76.000	  40.118	Fill2	R	5	98	3	496
8477	2	57	49.459	  74.000	  61.000	  60.000	  64.211	  57.000	SimA2	R	4	98	1	1000
8477	2	58	77.000	  48.325	  75.000	  44.267	  79.000	  41.278	Fill2	R	3	98	1	548
8477	2	59	94.000	  40.234	  91.000	  37.154	  95.000	  35.232	Fill1	R	1	98	2	712
8477	2	60	82.000	  45.878	  57.000	  66.000	  44.786	  84.000	ComD2	R	4	99	2	716
8477	2	61	47.368	  76.000	  60.000	  60.000	  63.158	  57.000	SimA2	R	4	98	1	594
8477	2	62	96.000	  39.271	  81.000	  46.543	  58.000	  65.000	ComD1	R	5	98	3	516
8477	2	63	49.000	  78.000	  77.000	  49.636	  77.000	  41.636	AttR2	R	2	99	2	884
8477	2	64	47.000	  81.000	  81.000	  47.000	  38.000	  81.000	AttR1	R	3	98	1	1098
8477	2	65	81.000	  47.346	  59.000	  65.000	  43.580	  88.000	ComD2	R	3	98	1	735
8477	2	66	81.000	  46.543	  58.000	  65.000	  43.333	  87.000	ComD2	R	5	98	3	580
8477	2	67	47.532	  77.000	  60.000	  61.000	  42.532	  86.052	SimA1	R	5	99	1	800
8477	2	68	52.000	  79.000	  79.000	  52.000	  45.000	  79.000	AttR1	R	3	98	1	667
8477	2	69	52.000	  78.000	  80.000	  50.700	  45.000	  78.000	AttR1	R	3	98	1	515
8477	2	70	81.000	  46.543	  58.000	  65.000	  43.837	  86.000	ComD2	R	4	98	1	864
8477	2	71	41.109	  92.000	  40.109	  80.606	  43.109	  75.112	Fill5	R	5	99	1	552
8477	2	72	47.368	  76.000	  60.000	  60.000	  64.286	  56.000	SimA2	R	3	98	1	412
8477	2	73	57.000	  59.000	  54.000	  54.037	  59.000	  48.593	Fill3	R	2	99	2	576
8477	2	74	47.000	  81.000	  81.000	  47.000	  81.000	  40.000	AttR2	R	4	98	1	387
8477	2	75	48.000	  78.000	  77.000	  48.623	  40.000	  78.000	AttR1	R	1	98	2	421
8477	2	76	46.667	  72.000	  43.667	  67.328	  48.667	  59.630	Fill4	R	5	99	1	584
8477	2	77	49.000	  79.000	  77.000	  50.273	  77.000	  42.273	AttR2	R	3	98	1	435
8477	2	78	52.528	  72.000	  51.528	  64.354	  54.528	  61.272	Fill4	R	4	98	1	467
8477	2	79	96.000	  39.188	  82.000	  45.878	  57.000	  66.000	ComD1	R	2	98	3	539
8477	2	80	37.753	  89.000	  36.753	  77.028	  39.753	  71.919	Fill5	R	4	98	1	736
8477	2	81	38.216	  88.000	  36.216	  77.728	  40.216	  70.569	Fill5	R	5	99	1	677
8477	2	82	90.000	  38.678	  87.000	  34.460	  91.000	  33.615	Fill1	R	4	98	1	581
8477	2	83	91.000	  38.901	  89.000	  34.742	  92.000	  33.957	Fill1	R	2	97	1	1512
8477	2	84	48.132	  76.000	  59.000	  62.000	  45.132	  81.052	SimA1	R	3	98	1	725
8477	2	85	62.000	  61.000	  61.000	  54.705	  65.000	  51.523	Fill3	R	3	99	3	882
8477	2	86	47.368	  76.000	  60.000	  60.000	  42.368	  84.969	SimA1	R	5	97	2	1618
8477	2	87	92.000	  40.446	  89.000	  37.169	  95.000	  34.842	Fill1	R	3	97	2	773
8477	2	88	76.000	  49.763	  73.000	  45.479	  77.000	  43.532	Fill2	R	2	99	2	839
8477	2	89	52.000	  78.000	  80.000	  50.700	  80.000	  42.700	AttR2	R	6	98	2	1664
8477	2	90	50.973	  73.000	  47.973	  67.351	  51.973	  62.822	Fill4	R	1	97	1	664
8477	3	1	48.000	  75.000	  60.000	  60.000	  64.286	  56.000	SimA2	R	2	98	3	2277
8477	3	2	98.000	  38.469	  82.000	  45.976	  58.000	  65.000	ComD1	R	4	97	3	1946
8477	3	3	62.000	  58.000	  61.000	  52.066	  64.000	  48.766	Fill3	R	3	98	1	599
8477	3	4	52.257	  70.000	  49.257	  64.965	  54.257	  59.826	Fill4	R	5	99	1	627
8477	3	5	47.838	  74.000	  60.000	  59.000	  64.364	  55.000	SimA2	R	5	99	1	693
8477	3	6	59.000	  62.000	  56.000	  57.482	  61.000	  52.164	Fill3	R	5	99	1	757
8477	3	7	51.000	  79.000	  81.000	  49.741	  43.000	  79.000	AttR1	R	6	99	1	667
8477	3	8	52.116	  69.000	  50.116	  62.834	  54.116	  58.874	Fill4	R	2	99	2	370
8477	3	9	75.000	  46.413	  73.000	  41.795	  76.000	  40.408	Fill2	R	2	98	3	485
8477	3	10	49.471	  68.000	  46.471	  63.309	  50.471	  57.836	Fill4	R	2	98	3	677
8477	3	11	39.112	  89.000	  38.112	  77.245	  40.112	  74.142	Fill5	R	5	99	1	613
8477	3	12	50.000	  80.000	  79.000	  50.633	  79.000	  43.633	AttR2	R	1	98	2	1320
8477	3	13	47.838	  74.000	  59.000	  60.000	  63.214	  56.000	SimA2	R	3	97	2	1677
8477	3	14	50.000	  82.000	  84.000	  48.810	  84.000	  40.810	AttR2	R	2	97	1	1517
8477	3	15	48.635	  74.000	  61.000	  59.000	  65.436	  55.000	SimA2	R	5	99	1	883
8477	3	16	59.000	  59.000	  57.000	  52.632	  62.000	  48.435	Fill3	R	6	98	2	739
8477	3	17	80.000	  45.675	  58.000	  63.000	  42.488	  86.000	ComD2	R	1	99	3	952
8477	3	18	73.000	  46.082	  70.000	  41.586	  76.000	  38.303	Fill2	R	4	99	2	989
8477	3	19	48.000	  75.000	  60.000	  60.000	  43.000	  83.721	SimA1	R	5	97	2	1535
8477	3	20	49.000	  78.000	  79.000	  48.380	  79.000	  40.380	AttR2	R	6	99	1	1309
8477	3	21	80.000	  46.400	  58.000	  64.000	  43.671	  85.000	ComD2	R	2	97	1	843
8477	3	22	49.000	  80.000	  81.000	  48.395	  40.000	  80.000	AttR1	R	2	99	2	1164
8477	3	23	49.000	  80.000	  82.000	  47.805	  82.000	  38.805	AttR2	R	2	98	3	1111
8477	3	24	82.000	  48.207	  59.000	  67.000	  45.965	  86.000	ComD2	R	5	97	2	812
8477	3	25	91.000	  36.967	  90.000	  32.867	  93.000	  31.022	Fill1	R	5	99	1	752
8477	3	26	50.000	  78.000	  77.000	  50.649	  77.000	  41.649	AttR2	R	1	97	1	1044
8477	3	27	48.000	  75.000	  60.000	  60.000	  63.158	  57.000	SimA2	R	4	99	2	565
8477	3	28	41.568	  88.000	  39.568	  79.660	  43.568	  72.438	Fill5	R	5	99	1	1072
8477	3	29	49.000	  80.000	  81.000	  48.395	  81.000	  40.395	AttR2	R	4	97	3	1079
8477	3	30	62.000	  59.000	  59.000	  55.136	  63.000	  51.111	Fill3	R	1	97	1	880
8477	3	31	47.838	  74.000	  60.000	  59.000	  43.838	  80.752	SimA1	R	6	98	2	904
8477	3	32	50.449	  69.000	  48.449	  61.570	  51.449	  59.748	Fill4	R	4	98	1	1222
8477	3	33	94.000	  38.809	  79.000	  46.177	  57.000	  64.000	ComD1	R	2	98	3	1848
8477	3	34	48.649	  74.000	  60.000	  60.000	  45.649	  78.863	SimA1	R	3	97	2	832
8477	3	35	51.000	  79.000	  81.000	  49.741	  81.000	  42.741	AttR2	R	5	99	1	650
8477	3	36	95.000	  40.368	  81.000	  47.346	  59.000	  65.000	ComD1	R	2	98	3	643
8477	3	37	77.000	  47.506	  74.000	  43.176	  78.000	  41.551	Fill2	R	4	99	2	1123
8477	3	38	100.000	  39.530	  82.000	  48.207	  59.000	  67.000	ComD1	R	2	98	3	545
8477	3	39	81.000	  47.346	  59.000	  65.000	  43.580	  88.000	ComD2	R	3	99	3	781
8477	3	40	48.000	  75.000	  60.000	  60.000	  43.000	  83.721	SimA1	R	5	97	2	1216
8477	3	41	50.110	  73.000	  48.110	  65.954	  52.110	  61.908	Fill4	R	5	99	1	788
8477	3	42	50.000	  82.000	  84.000	  48.810	  43.000	  82.000	AttR1	R	5	97	2	677
8477	3	43	50.449	  69.000	  48.449	  61.652	  51.449	  57.979	Fill4	R	3	99	3	980
8477	3	44	58.000	  58.000	  55.000	  53.818	  60.000	  48.300	Fill3	R	4	99	2	815
8477	3	45	49.613	  75.000	  61.000	  61.000	  65.281	  57.000	SimA2	R	2	97	1	739
8477	3	46	50.000	  77.000	  79.000	  48.734	  79.000	  40.734	AttR2	R	3	98	1	519
8477	3	47	75.000	  48.773	  73.000	  44.027	  77.000	  41.805	Fill2	R	3	99	3	1004
8477	3	48	38.227	  88.000	  36.227	  77.870	  40.227	  70.947	Fill5	R	5	99	1	823
8477	3	49	40.198	  91.000	  37.198	  84.199	  41.198	  76.096	Fill5	R	3	98	1	1459
8477	3	50	40.404	  89.000	  38.404	  80.459	  41.404	  74.412	Fill5	R	4	98	1	1027
8477	3	51	49.613	  75.000	  61.000	  61.000	  65.281	  57.000	SimA2	R	4	98	1	429
8477	3	52	47.838	  74.000	  59.000	  60.000	  42.838	  82.637	SimA1	R	2	99	2	888
8477	3	53	95.000	  37.853	  93.000	  33.925	  97.000	  32.619	Fill1	R	4	98	1	616
8477	3	54	96.000	  38.667	  80.000	  46.400	  58.000	  64.000	ComD1	R	4	97	3	619
8477	3	55	51.000	  82.000	  84.000	  49.786	  42.000	  82.000	AttR1	R	5	97	2	637
8477	3	56	48.635	  74.000	  61.000	  59.000	  43.635	  82.479	SimA1	R	4	99	2	549
8477	3	57	46.579	  76.000	  59.000	  60.000	  43.579	  81.232	SimA1	R	3	98	1	443
8477	3	58	80.000	  45.600	  57.000	  64.000	  42.419	  86.000	ComD2	R	2	97	1	511
8477	3	59	49.613	  75.000	  61.000	  61.000	  45.613	  81.577	SimA1	R	4	99	2	704
8477	3	60	95.000	  40.368	  81.000	  47.346	  59.000	  65.000	ComD1	R	5	99	1	901
8477	3	61	94.000	  38.915	  92.000	  35.293	  96.000	  33.385	Fill1	R	2	98	3	779
8477	3	62	39.557	  88.000	  38.557	  76.044	  41.557	  70.674	Fill5	R	1	97	1	461
8477	3	63	50.000	  78.000	  77.000	  50.649	  41.000	  78.000	AttR1	R	2	99	2	453
8477	3	64	59.000	  59.000	  56.000	  53.464	  61.000	  49.803	Fill3	R	4	98	1	412
8477	3	65	82.000	  45.976	  58.000	  65.000	  43.333	  87.000	ComD2	R	1	97	1	232
8477	3	66	50.000	  77.000	  79.000	  48.734	  41.000	  77.000	AttR1	R	2	98	3	584
8477	3	67	81.000	  47.346	  59.000	  65.000	  44.593	  86.000	ComD2	R	4	97	3	619
8477	3	68	49.613	  75.000	  61.000	  61.000	  44.613	  83.406	SimA1	R	3	97	2	1357
8477	3	69	91.000	  40.198	  88.000	  36.841	  94.000	  34.532	Fill1	R	4	98	1	498
8477	3	70	75.000	  46.413	  74.000	  40.311	  78.000	  38.641	Fill2	R	4	97	3	207
8477	3	71	92.000	  37.837	  89.000	  34.416	  94.000	  32.415	Fill1	R	2	97	1	875
8477	3	72	95.000	  38.463	  80.000	  45.675	  58.000	  63.000	ComD1	R	6	97	3	842
8477	3	73	50.000	  80.000	  79.000	  50.633	  43.000	  80.000	AttR1	R	6	99	1	779
8477	3	74	48.649	  74.000	  60.000	  60.000	  63.158	  57.000	SimA2	R	5	97	2	605
8477	3	75	97.000	  39.464	  83.000	  46.120	  58.000	  66.000	ComD1	R	3	99	3	624
8477	3	76	49.000	  80.000	  82.000	  47.805	  42.000	  80.000	AttR1	R	1	97	1	450
8477	3	77	51.000	  79.000	  81.000	  49.741	  81.000	  41.741	AttR2	R	1	99	3	506
8477	3	78	83.000	  46.120	  58.000	  66.000	  44.512	  86.000	ComD2	R	3	97	2	392
8477	3	79	81.000	  47.259	  58.000	  66.000	  45.035	  85.000	ComD2	R	2	97	1	667
8477	3	80	48.800	  75.000	  61.000	  60.000	  65.357	  56.000	SimA2	R	6	98	2	826
8477	3	81	96.000	  39.875	  81.000	  47.259	  58.000	  66.000	ComD1	R	5	99	1	1837
8477	3	82	77.000	  46.701	  75.000	  41.693	  80.000	  38.987	Fill2	R	4	98	1	11212
8477	3	83	96.000	  38.000	  80.000	  45.600	  57.000	  64.000	ComD1	R	5	98	3	1449
8477	3	84	92.000	  37.837	  89.000	  34.225	  95.000	  31.589	Fill1	R	5	99	1	18376
8477	3	85	46.579	  76.000	  59.000	  60.000	  62.105	  57.000	SimA2	R	2	98	3	3195
8477	3	86	48.800	  75.000	  61.000	  60.000	  44.800	  81.696	SimA1	R	1	99	3	1549
8477	3	87	49.000	  78.000	  79.000	  48.380	  42.000	  78.000	AttR1	R	1	98	2	1475
8477	3	88	51.000	  79.000	  81.000	  49.741	  44.000	  79.000	AttR1	R	2	98	3	3235
8477	3	89	79.000	  46.177	  57.000	  64.000	  43.429	  84.000	ComD2	R	5	97	2	739
8477	3	90	51.000	  82.000	  84.000	  49.786	  84.000	  40.786	AttR2	R	5	97	2	2599
8477	4	1	50.000	  79.000	  80.000	  49.375	  80.000	  41.375	AttR2	R	5	99	1	1405
8477	4	2	51.108	  74.000	  49.108	  68.848	  52.108	  64.232	Fill4	R	3	98	1	863
8477	4	3	80.000	  47.125	  58.000	  65.000	  43.837	  86.000	ComD2	R	3	99	3	1232
8477	4	4	46.413	  75.000	  59.000	  59.000	  64.463	  54.000	SimA2	R	2	98	3	967
8477	4	5	59.000	  59.000	  56.000	  54.089	  60.000	  50.433	Fill3	R	4	99	2	699
8477	4	6	61.000	  62.000	  60.000	  55.233	  64.000	  52.469	Fill3	R	5	98	3	1199
8477	4	7	49.613	  75.000	  61.000	  61.000	  46.613	  79.827	SimA1	R	4	99	2	819
8477	4	8	47.987	  75.000	  61.000	  59.000	  64.268	  56.000	SimA2	R	3	98	1	541
8477	4	9	61.000	  60.000	  60.000	  53.317	  64.000	  49.797	Fill3	R	3	98	1	459
8477	4	10	97.000	  40.144	  82.000	  47.488	  59.000	  66.000	ComD1	R	5	98	3	306
8477	4	11	40.667	  90.000	  39.667	  78.782	  42.667	  73.711	Fill5	R	5	99	1	1008
8477	4	12	48.961	  76.000	  61.000	  61.000	  66.446	  56.000	SimA2	R	2	97	1	1147
8477	4	13	80.000	  46.312	  57.000	  65.000	  43.588	  85.000	ComD2	R	5	98	3	656
8477	4	14	80.000	  46.312	  57.000	  65.000	  44.107	  84.000	ComD2	R	4	97	3	704
8477	4	15	49.000	  80.000	  81.000	  48.395	  41.000	  80.000	AttR1	R	5	98	3	573
8477	4	16	48.000	  82.000	  84.000	  46.857	  84.000	  38.857	AttR2	R	2	97	1	705
8477	4	17	49.000	  80.000	  81.000	  48.395	  42.000	  80.000	AttR1	R	3	98	1	613
8477	4	18	46.413	  75.000	  59.000	  59.000	  41.413	  84.055	SimA1	R	3	98	1	656
8477	4	19	60.000	  61.000	  59.000	  54.661	  61.000	  52.639	Fill3	R	3	98	1	584
8477	4	20	96.000	  38.594	  82.000	  45.183	  57.000	  65.000	ComD1	R	6	97	3	627
8477	4	21	94.000	  38.809	  80.000	  45.600	  57.000	  64.000	ComD1	R	1	98	2	509
8477	4	22	40.220	  91.000	  37.220	  84.632	  41.220	  76.517	Fill5	R	1	97	1	491
8477	4	23	40.667	  93.000	  37.667	  86.310	  42.667	  76.430	Fill5	R	6	99	1	370
8477	4	24	92.000	  39.783	  90.000	  35.644	  93.000	  34.817	Fill1	R	4	98	1	150
8477	4	25	49.000	  80.000	  80.000	  49.000	  41.000	  80.000	AttR1	R	5	98	3	538
8477	4	26	48.000	  81.000	  81.000	  48.000	  81.000	  39.000	AttR2	R	4	97	3	503
8477	4	27	96.000	  40.625	  81.000	  48.148	  60.000	  65.000	ComD1	R	1	99	3	76
8477	4	28	75.000	  48.800	  73.000	  43.740	  76.000	  41.632	Fill2	R	2	98	3	220
8477	4	29	76.000	  46.579	  75.000	  41.733	  78.000	  40.192	Fill2	R	4	97	3	416
8477	4	30	73.000	  47.685	  72.000	  42.264	  74.000	  40.581	Fill2	R	5	98	3	250
8477	4	31	51.000	  83.000	  82.000	  51.622	  43.000	  83.000	AttR1	R	2	99	2	259
8477	4	32	91.000	  40.220	  88.000	  35.920	  92.000	  35.315	Fill1	R	3	98	1	139
8477	4	33	76.000	  48.158	  73.000	  44.205	  77.000	  41.714	Fill2	R	6	97	3	280
8477	4	34	49.000	  80.000	  81.000	  48.395	  81.000	  40.395	AttR2	R	4	98	1	839
8477	4	35	48.000	  81.000	  81.000	  48.000	  41.000	  81.000	AttR1	R	2	98	3	1815
8477	4	36	48.158	  76.000	  60.000	  61.000	  63.103	  58.000	SimA2	R	2	97	1	2090
8477	4	37	47.685	  73.000	  59.000	  59.000	  44.685	  77.901	SimA1	R	3	97	2	1475
8477	4	38	51.304	  69.000	  48.304	  65.005	  53.304	  57.631	Fill4	R	4	98	1	707
8477	4	39	52.000	  81.000	  81.000	  52.000	  44.000	  81.000	AttR1	R	4	99	2	1424
8477	4	40	92.000	  39.783	  91.000	  35.736	  95.000	  33.453	Fill1	R	4	98	1	1395
8477	4	41	51.000	  83.000	  82.000	  51.622	  82.000	  42.622	AttR2	R	2	99	2	1645
8477	4	42	48.595	  74.000	  62.000	  58.000	  66.593	  54.000	SimA2	R	4	98	1	932
8477	4	43	50.833	  72.000	  47.833	  66.711	  51.833	  61.968	Fill4	R	4	98	1	1019
8477	4	44	47.685	  73.000	  59.000	  59.000	  62.161	  56.000	SimA2	R	6	98	2	686
8477	4	45	50.000	  81.000	  80.000	  50.625	  80.000	  42.625	AttR2	R	5	99	1	5821
8477	4	46	49.000	  80.000	  81.000	  48.395	  81.000	  39.395	AttR2	R	3	98	1	839
8477	4	47	51.000	  80.000	  78.000	  52.308	  78.000	  43.308	AttR2	R	2	97	1	823
8477	4	48	96.000	  38.594	  80.000	  46.312	  57.000	  65.000	ComD1	R	5	98	3	538
8477	4	49	82.000	  45.183	  57.000	  65.000	  43.588	  85.000	ComD2	R	1	98	2	447
8477	4	50	39.333	  90.000	  37.333	  80.116	  40.333	  74.826	Fill5	R	3	98	1	479
8477	4	51	46.740	  77.000	  59.000	  61.000	  41.740	  86.224	SimA1	R	2	98	3	416
8477	4	52	76.000	  49.763	  74.000	  45.257	  77.000	  43.208	Fill2	R	3	98	1	354
8477	4	53	90.000	  38.678	  87.000	  35.092	  91.000	  33.626	Fill1	R	4	98	1	527
8477	4	54	49.729	  70.000	  47.729	  64.259	  51.729	  58.807	Fill4	R	3	98	1	476
8477	4	55	48.158	  76.000	  60.000	  61.000	  44.158	  82.884	SimA1	R	5	98	3	509
8477	4	56	39.783	  92.000	  36.783	  85.611	  40.783	  76.528	Fill5	R	1	98	2	387
8477	4	57	47.838	  74.000	  60.000	  59.000	  42.838	  82.637	SimA1	R	2	99	2	988
8477	4	58	80.000	  46.400	  58.000	  64.000	  43.163	  86.000	ComD2	R	3	98	1	1231
8477	4	59	46.740	  77.000	  59.000	  61.000	  64.268	  56.000	SimA2	R	6	99	1	864
8477	4	60	82.000	  45.976	  58.000	  65.000	  43.333	  87.000	ComD2	R	2	98	3	504
8477	4	61	93.000	  40.667	  91.000	  36.725	  96.000	  34.562	Fill1	R	3	99	3	309
8477	4	62	96.000	  39.875	  82.000	  46.683	  58.000	  66.000	ComD1	R	4	98	1	338
8477	4	63	52.000	  81.000	  81.000	  52.000	  81.000	  43.000	AttR2	R	6	98	2	1472
8477	4	64	47.838	  74.000	  60.000	  59.000	  65.556	  54.000	SimA2	R	2	98	3	713
8477	4	65	95.000	  39.684	  80.000	  47.125	  58.000	  65.000	ComD1	R	5	99	1	309
8477	4	66	47.200	  75.000	  59.000	  60.000	  63.214	  56.000	SimA2	R	4	98	1	571
8477	4	67	48.595	  74.000	  62.000	  58.000	  45.595	  78.869	SimA1	R	2	97	1	805
8477	4	68	97.000	  38.196	  80.000	  46.312	  57.000	  65.000	ComD1	R	5	98	3	536
8477	4	69	47.200	  75.000	  59.000	  60.000	  43.200	  81.944	SimA1	R	1	98	2	901
8477	4	70	51.000	  80.000	  78.000	  52.308	  42.000	  80.000	AttR1	R	3	98	1	412
8477	4	71	80.000	  45.600	  57.000	  64.000	  42.918	  85.000	ComD2	R	4	98	1	836
8477	4	72	60.000	  61.000	  58.000	  55.155	  61.000	  52.393	Fill3	R	3	98	1	405
8477	4	73	97.000	  38.268	  80.000	  46.400	  58.000	  64.000	ComD1	R	2	98	3	287
8477	4	74	49.000	  80.000	  80.000	  49.000	  80.000	  42.000	AttR2	R	1	98	2	720
8477	4	75	60.000	  59.000	  58.000	  53.362	  63.000	  49.429	Fill3	R	6	98	2	805
8477	4	76	49.613	  75.000	  61.000	  61.000	  64.155	  58.000	SimA2	R	3	98	1	544
8477	4	77	50.000	  81.000	  80.000	  50.625	  42.000	  81.000	AttR1	R	5	98	3	412
8477	4	78	39.557	  88.000	  38.557	  76.044	  41.557	  71.589	Fill5	R	2	98	3	743
8477	4	79	50.833	  72.000	  48.833	  65.283	  52.833	  61.174	Fill4	R	4	98	1	461
8477	4	80	97.000	  38.866	  82.000	  45.976	  58.000	  65.000	ComD1	R	4	97	3	1621
8477	4	81	48.000	  82.000	  84.000	  46.857	  41.000	  82.000	AttR1	R	2	98	3	680
8477	4	82	50.000	  79.000	  80.000	  49.375	  43.000	  79.000	AttR1	R	4	98	1	399
8477	4	83	93.000	  38.065	  91.000	  34.242	  96.000	  31.958	Fill1	R	5	98	3	315
8477	4	84	76.000	  48.158	  74.000	  42.797	  79.000	  40.658	Fill2	R	2	98	3	727
8477	4	85	52.286	  70.000	  51.286	  61.869	  54.286	  59.887	Fill4	R	1	98	2	700
8477	4	86	82.000	  47.488	  59.000	  66.000	  44.759	  87.000	ComD2	R	5	98	3	451
8477	4	87	48.961	  76.000	  61.000	  61.000	  45.961	  80.961	SimA1	R	5	98	3	499
8477	4	88	47.987	  75.000	  61.000	  59.000	  44.987	  80.001	SimA1	R	1	98	2	368
8477	4	89	81.000	  48.148	  60.000	  65.000	  43.820	  89.000	ComD2	R	2	98	3	451
8477	4	90	82.000	  46.683	  58.000	  66.000	  44.000	  87.000	ComD2	R	5	98	3	1315
8477	5	1	96.000	  38.667	  80.000	  46.400	  58.000	  64.000	ComD1	R	2	98	3	8757
8477	5	2	98.000	  38.469	  80.000	  47.125	  58.000	  65.000	ComD1	R	5	98	3	976
8477	5	3	54.000	  82.000	  80.000	  55.350	  80.000	  46.350	AttR2	R	5	99	1	652
8477	5	4	50.077	  78.000	  62.000	  63.000	  67.345	  58.000	SimA2	R	3	98	1	507
8477	5	5	47.200	  75.000	  60.000	  59.000	  44.200	  80.090	SimA1	R	2	98	3	1703
8477	5	6	38.000	  90.000	  35.000	  82.571	  39.000	  74.718	Fill5	R	2	98	3	485
8477	5	7	51.000	  81.000	  80.000	  51.638	  80.000	  44.638	AttR2	R	3	98	1	428
8477	5	8	76.000	  48.158	  73.000	  44.178	  79.000	  41.076	Fill2	R	5	98	3	263
8477	5	9	47.532	  77.000	  60.000	  61.000	  63.103	  58.000	SimA2	R	3	98	1	272
8477	5	10	88.000	  38.864	  86.000	  34.512	  90.000	  33.178	Fill1	R	2	98	3	329
8477	5	11	49.000	  80.000	  79.000	  49.620	  42.000	  80.000	AttR1	R	2	98	3	436
8477	5	12	46.877	  73.000	  58.000	  59.000	  61.107	  56.000	SimA2	R	1	97	1	533
8477	5	13	61.000	  60.000	  58.000	  55.483	  64.000	  49.875	Fill3	R	2	99	2	338
8477	5	14	99.000	  38.667	  83.000	  46.120	  58.000	  66.000	ComD1	R	1	98	2	895
8477	5	15	51.000	  79.000	  80.000	  50.362	  80.000	  41.362	AttR2	R	6	98	2	648
8477	5	16	48.158	  76.000	  61.000	  60.000	  45.158	  81.049	SimA1	R	4	98	1	775
8477	5	17	92.000	  39.120	  89.000	  35.787	  95.000	  32.758	Fill1	R	4	98	1	499
8477	5	18	49.000	  80.000	  79.000	  49.620	  79.000	  42.620	AttR2	R	2	98	3	680
8477	5	19	80.000	  47.125	  58.000	  65.000	  43.333	  87.000	ComD2	R	3	98	1	601
8477	5	20	80.000	  45.600	  57.000	  64.000	  42.419	  86.000	ComD2	R	3	98	1	490
8477	5	21	50.000	  80.000	  80.000	  50.000	  42.000	  80.000	AttR1	R	2	98	3	451
8477	5	22	50.000	  82.000	  84.000	  48.810	  41.000	  82.000	AttR1	R	5	98	3	443
8477	5	23	53.014	  69.000	  52.014	  61.906	  55.014	  58.366	Fill4	R	2	99	2	731
8477	5	24	51.000	  82.000	  82.000	  51.000	  42.000	  82.000	AttR1	R	3	98	1	464
8477	5	25	50.000	  82.000	  84.000	  48.810	  84.000	  39.810	AttR2	R	1	98	2	800
8477	5	26	46.413	  75.000	  59.000	  59.000	  62.161	  56.000	SimA2	R	3	98	1	419
8477	5	27	77.000	  47.506	  75.000	  42.907	  80.000	  40.487	Fill2	R	4	98	1	493
8477	5	28	50.000	  72.000	  48.000	  65.875	  51.000	  60.863	Fill4	R	5	99	1	885
8477	5	29	81.000	  46.543	  58.000	  65.000	  44.353	  85.000	ComD2	R	5	98	3	452
8477	5	30	50.110	  73.000	  62.000	  59.000	  65.321	  56.000	SimA2	R	4	98	1	445
8477	5	31	91.000	  39.560	  88.000	  35.784	  94.000	  33.457	Fill1	R	4	98	1	373
8477	5	32	48.169	  71.000	  47.169	  62.520	  49.169	  59.651	Fill4	R	2	98	3	512
8477	5	33	97.000	  40.144	  81.000	  48.074	  59.000	  66.000	ComD1	R	2	98	3	573
8477	5	34	40.449	  89.000	  37.449	  82.511	  42.449	  72.557	Fill5	R	1	98	2	488
8477	5	35	47.838	  74.000	  60.000	  59.000	  64.364	  55.000	SimA2	R	4	98	1	376
8477	5	36	51.000	  81.000	  80.000	  51.638	  42.000	  81.000	AttR1	R	2	98	3	435
8477	5	37	50.110	  73.000	  62.000	  59.000	  46.110	  79.333	SimA1	R	2	97	1	1018
8477	5	38	99.000	  38.000	  83.000	  45.325	  57.000	  66.000	ComD1	R	6	98	2	437
8477	5	39	76.000	  47.355	  74.000	  43.189	  78.000	  40.795	Fill2	R	2	99	2	1212
8477	5	40	59.000	  59.000	  57.000	  53.754	  61.000	  49.180	Fill3	R	4	98	1	903
8477	5	41	96.000	  39.188	  82.000	  45.878	  57.000	  66.000	ComD1	R	5	98	3	828
8477	5	42	49.028	  71.000	  46.028	  65.373	  50.028	  61.325	Fill4	R	6	98	2	743
8477	5	43	97.000	  37.608	  80.000	  45.600	  57.000	  64.000	ComD1	R	5	98	3	549
8477	5	44	50.000	  79.000	  80.000	  49.375	  41.000	  79.000	AttR1	R	2	97	1	658
8477	5	45	48.158	  76.000	  61.000	  60.000	  64.211	  57.000	SimA2	R	3	97	2	778
8477	5	46	57.000	  60.000	  55.000	  54.145	  60.000	  50.067	Fill3	R	4	99	2	941
8477	5	47	48.800	  75.000	  60.000	  61.000	  63.103	  58.000	SimA2	R	3	98	1	643
8477	5	48	40.438	  89.000	  38.438	  80.155	  42.438	  72.105	Fill5	R	4	97	3	635
8477	5	49	71.000	  48.169	  70.000	  42.700	  74.000	  39.554	Fill2	R	1	99	3	747
8477	5	50	74.000	  47.041	  73.000	  42.205	  76.000	  40.224	Fill2	R	3	97	2	568
8477	5	51	96.000	  39.271	  81.000	  46.543	  58.000	  65.000	ComD1	R	2	98	3	483
8477	5	52	61.000	  59.000	  59.000	  52.644	  64.000	  48.797	Fill3	R	4	99	2	755
8477	5	53	83.000	  45.325	  57.000	  66.000	  44.786	  84.000	ComD2	R	5	98	3	1175
8477	5	54	40.667	  90.000	  38.667	  80.534	  41.667	  75.816	Fill5	R	1	99	3	715
8477	5	55	62.000	  59.000	  61.000	  51.885	  64.000	  50.500	Fill3	R	3	97	2	760
8477	5	56	51.000	  82.000	  82.000	  51.000	  82.000	  42.000	AttR2	R	5	99	1	886
8477	5	57	50.000	  81.000	  83.000	  48.795	  43.000	  81.000	AttR1	R	5	97	2	1414
8477	5	58	75.000	  48.000	  74.000	  43.189	  76.000	  41.303	Fill2	R	2	99	2	681
8477	5	59	41.568	  88.000	  40.568	  77.401	  43.568	  71.750	Fill5	R	5	97	2	640
8477	5	60	46.877	  73.000	  58.000	  59.000	  41.877	  81.716	SimA1	R	3	98	1	535
8477	5	61	93.000	  39.333	  91.000	  34.879	  95.000	  34.168	Fill1	R	5	98	3	550
8477	5	62	47.532	  77.000	  60.000	  61.000	  44.532	  82.187	SimA1	R	5	97	2	962
8477	5	63	91.000	  38.253	  88.000	  34.432	  92.000	  32.804	Fill1	R	1	98	2	416
8477	5	64	82.000	  47.488	  59.000	  66.000	  45.279	  86.000	ComD2	R	4	97	3	331
8477	5	65	47.838	  74.000	  60.000	  59.000	  43.838	  80.752	SimA1	R	5	98	3	476
8477	5	66	97.000	  40.144	  82.000	  47.488	  59.000	  66.000	ComD1	R	1	99	3	824
8477	5	67	54.000	  82.000	  80.000	  55.350	  47.000	  82.000	AttR1	R	6	98	2	851
8477	5	68	80.000	  46.400	  58.000	  64.000	  43.163	  86.000	ComD2	R	2	99	2	699
8477	5	69	94.000	  38.936	  91.000	  35.670	  97.000	  32.701	Fill1	R	1	98	2	591
8477	5	70	50.077	  78.000	  62.000	  63.000	  47.077	  82.971	SimA1	R	2	99	2	786
8477	5	71	39.112	  89.000	  38.112	  77.088	  41.112	  72.338	Fill5	R	2	97	1	900
8477	5	72	82.000	  45.183	  57.000	  65.000	  44.107	  84.000	ComD2	R	4	99	2	731
8477	5	73	51.000	  79.000	  80.000	  50.362	  42.000	  79.000	AttR1	R	4	98	1	912
8477	5	74	50.833	  72.000	  47.833	  67.296	  51.833	  61.621	Fill4	R	2	97	1	733
8477	5	75	50.000	  79.000	  80.000	  49.375	  80.000	  40.375	AttR2	R	5	98	3	403
8477	5	76	50.000	  81.000	  83.000	  48.795	  83.000	  40.795	AttR2	R	4	98	1	613
8477	5	77	48.800	  75.000	  61.000	  60.000	  66.545	  55.000	SimA2	R	6	98	2	776
8477	5	78	83.000	  46.120	  58.000	  66.000	  44.512	  86.000	ComD2	R	2	98	3	547
8477	5	79	50.000	  78.000	  79.000	  49.367	  79.000	  41.367	AttR2	R	5	98	3	536
8477	5	80	50.000	  80.000	  80.000	  50.000	  80.000	  41.000	AttR2	R	3	98	1	437
8477	5	81	82.000	  45.878	  57.000	  66.000	  44.786	  84.000	ComD2	R	1	98	2	612
8477	5	82	48.800	  75.000	  61.000	  60.000	  45.800	  79.913	SimA1	R	6	98	2	608
8477	5	83	47.200	  75.000	  60.000	  59.000	  65.556	  54.000	SimA2	R	6	99	1	763
8477	5	84	97.000	  38.196	  82.000	  45.183	  57.000	  65.000	ComD1	R	5	98	3	632
8477	5	85	48.800	  75.000	  60.000	  61.000	  43.800	  83.562	SimA1	R	1	98	2	464
8477	5	86	46.413	  75.000	  59.000	  59.000	  42.413	  82.073	SimA1	R	5	98	3	471
8477	5	87	60.000	  60.000	  59.000	  53.220	  61.000	  51.934	Fill3	R	4	98	1	1135
8477	5	88	52.159	  69.000	  50.159	  63.637	  54.159	  58.863	Fill4	R	4	98	1	524
8477	5	89	50.000	  78.000	  79.000	  49.367	  43.000	  78.000	AttR1	R	3	97	2	652
8477	5	90	81.000	  48.074	  59.000	  66.000	  45.279	  86.000	ComD2	R	4	98	1	730
8477	6	1	50.000	  82.000	  84.000	  48.810	  84.000	  40.810	AttR2	R	3	98	1	1277
8477	6	2	97.000	  38.196	  82.000	  45.183	  57.000	  65.000	ComD1	R	5	98	3	856
8477	6	3	46.740	  77.000	  59.000	  61.000	  64.268	  56.000	SimA2	R	1	98	2	487
8477	6	4	48.000	  75.000	  60.000	  60.000	  43.000	  83.721	SimA1	R	3	99	3	304
8477	6	5	49.000	  80.000	  81.000	  48.395	  42.000	  80.000	AttR1	R	6	97	3	365
8477	6	6	96.000	  39.948	  80.000	  47.938	  59.000	  65.000	ComD1	R	1	98	2	255
8477	6	7	50.571	  70.000	  47.571	  64.345	  51.571	  59.413	Fill4	R	1	99	3	400
8477	6	8	61.000	  58.000	  58.000	  52.569	  64.000	  48.266	Fill3	R	6	98	2	251
8477	6	9	52.000	  79.000	  78.000	  52.667	  78.000	  43.667	AttR2	R	2	97	1	226
8477	6	10	49.000	  80.000	  78.000	  50.256	  42.000	  80.000	AttR1	R	6	98	2	237
8477	6	11	81.000	  46.444	  57.000	  66.000	  43.744	  86.000	ComD2	R	4	99	2	197
8477	6	12	96.000	  39.948	  82.000	  46.768	  59.000	  65.000	ComD1	R	2	98	3	184
8477	6	13	95.000	  39.000	  81.000	  45.741	  57.000	  65.000	ComD1	R	5	97	2	219
8477	6	14	50.833	  72.000	  48.833	  66.307	  51.833	  62.605	Fill4	R	5	98	3	485
8477	6	15	39.775	  89.000	  37.775	  79.655	  41.775	  72.579	Fill5	R	3	99	3	269
8477	6	16	82.000	  45.183	  57.000	  65.000	  43.081	  86.000	ComD2	R	5	98	3	213
8477	6	17	95.000	  39.811	  94.000	  35.894	  98.000	  33.837	Fill1	R	4	97	3	199
8477	6	18	59.000	  60.000	  56.000	  54.893	  60.000	  51.300	Fill3	R	1	98	2	83
8477	6	19	82.000	  46.768	  59.000	  65.000	  44.593	  86.000	ComD2	R	2	99	2	179
8477	6	20	49.000	  81.000	  79.000	  50.241	  40.000	  81.000	AttR1	R	4	98	1	151
8477	6	21	49.000	  80.000	  81.000	  48.395	  81.000	  39.395	AttR2	R	1	97	1	220
8477	6	22	52.528	  72.000	  51.528	  63.771	  54.528	  60.868	Fill4	R	2	98	3	229
8477	6	23	39.783	  92.000	  38.783	  80.577	  40.783	  76.650	Fill5	R	6	99	1	200
8477	6	24	48.649	  74.000	  60.000	  60.000	  64.286	  56.000	SimA2	R	3	98	1	84
8477	6	25	49.000	  81.000	  79.000	  50.241	  79.000	  41.241	AttR2	R	2	97	1	205
8477	6	26	83.000	  46.819	  58.000	  67.000	  45.186	  86.000	ComD2	R	5	98	3	117
8477	6	27	52.000	  79.000	  78.000	  52.667	  45.000	  79.000	AttR1	R	5	99	1	131
8477	6	28	47.838	  74.000	  59.000	  60.000	  44.838	  78.951	SimA1	R	3	98	1	80
8477	6	29	47.368	  76.000	  60.000	  60.000	  64.286	  56.000	SimA2	R	3	97	2	129
8477	6	30	96.000	  39.271	  82.000	  45.976	  58.000	  65.000	ComD1	R	5	98	3	133
8477	6	31	84.000	  46.262	  58.000	  67.000	  45.186	  86.000	ComD2	R	4	99	2	194
8477	6	32	50.000	  80.000	  82.000	  48.780	  82.000	  39.780	AttR2	R	3	98	1	61
8477	6	33	91.000	  38.901	  88.000	  34.659	  92.000	  33.804	Fill1	R	3	97	2	221
8477	6	34	46.740	  77.000	  59.000	  61.000	  43.740	  82.281	SimA1	R	6	98	2	97
8477	6	35	97.000	  39.536	  80.000	  47.938	  59.000	  65.000	ComD1	R	2	99	2	263
8477	6	36	82.000	  45.976	  58.000	  65.000	  43.837	  86.000	ComD2	R	6	98	2	80
8477	6	37	80.000	  47.938	  59.000	  65.000	  44.593	  86.000	ComD2	R	3	97	2	191
8477	6	38	48.635	  74.000	  61.000	  59.000	  43.635	  82.479	SimA1	R	6	98	2	74
8477	6	39	52.029	  68.000	  50.029	  62.543	  54.029	  57.302	Fill4	R	3	99	3	186
8477	6	40	48.635	  74.000	  61.000	  59.000	  66.648	  54.000	SimA2	R	6	98	2	116
8477	6	41	59.000	  60.000	  58.000	  53.810	  60.000	  51.067	Fill3	R	4	97	3	186
8477	6	42	47.838	  74.000	  59.000	  60.000	  63.214	  56.000	SimA2	R	2	98	3	21
8477	6	43	73.000	  48.493	  72.000	  42.306	  75.000	  41.707	Fill2	R	5	99	1	480
8477	6	44	47.368	  76.000	  60.000	  60.000	  63.158	  57.000	SimA2	R	3	98	1	264
8477	6	45	80.000	  47.938	  59.000	  65.000	  43.580	  88.000	ComD2	R	5	97	2	160
8477	6	46	49.000	  80.000	  78.000	  50.256	  78.000	  41.256	AttR2	R	2	98	3	893
8477	6	47	48.961	  76.000	  61.000	  61.000	  66.446	  56.000	SimA2	R	6	99	1	285
8477	6	48	49.000	  81.000	  79.000	  50.241	  79.000	  43.241	AttR2	R	4	98	1	221
8477	6	49	60.000	  61.000	  59.000	  53.729	  62.000	  51.032	Fill3	R	3	97	2	392
8477	6	50	51.000	  79.000	  79.000	  51.000	  43.000	  79.000	AttR1	R	5	98	3	267
8477	6	51	47.368	  76.000	  60.000	  60.000	  42.368	  84.969	SimA1	R	3	99	3	323
8477	6	52	82.000	  46.768	  59.000	  65.000	  44.593	  86.000	ComD2	R	4	98	1	112
8477	6	53	47.671	  73.000	  60.000	  58.000	  63.273	  55.000	SimA2	R	5	97	2	125
8477	6	54	62.000	  61.000	  60.000	  56.067	  64.000	  52.609	Fill3	R	1	98	2	139
8477	6	55	98.000	  38.388	  81.000	  46.444	  57.000	  66.000	ComD1	R	3	99	3	321
8477	6	56	51.000	  79.000	  79.000	  51.000	  79.000	  42.000	AttR2	R	1	98	2	205
8477	6	57	60.000	  60.000	  58.000	  55.052	  61.000	  51.951	Fill3	R	4	97	3	216
8477	6	58	97.000	  39.536	  82.000	  46.768	  59.000	  65.000	ComD1	R	4	98	1	131
8477	6	59	99.000	  39.253	  83.000	  46.819	  58.000	  67.000	ComD1	R	6	99	1	240
8477	6	60	48.000	  79.000	  79.000	  48.000	  40.000	  79.000	AttR1	R	2	98	3	1536
8477	6	61	75.000	  47.200	  74.000	  41.743	  78.000	  40.231	Fill2	R	3	97	2	261
8477	6	62	39.333	  90.000	  38.333	  78.496	  40.333	  75.099	Fill5	R	1	98	2	206
8477	6	63	48.000	  75.000	  60.000	  60.000	  63.158	  57.000	SimA2	R	3	99	3	232
8477	6	64	50.000	  72.000	  48.000	  65.083	  51.000	  61.843	Fill4	R	4	98	1	64
8477	6	65	48.649	  74.000	  60.000	  60.000	  43.649	  82.477	SimA1	R	5	97	2	209
8477	6	66	47.671	  73.000	  60.000	  58.000	  44.671	  77.902	SimA1	R	5	98	3	124
8477	6	67	91.000	  40.220	  89.000	  36.618	  93.000	  34.054	Fill1	R	4	99	2	304
8477	6	68	41.109	  92.000	  38.109	  85.335	  43.109	  75.832	Fill5	R	3	98	1	61
8477	6	69	48.158	  76.000	  61.000	  60.000	  65.357	  56.000	SimA2	R	4	97	3	237
8477	6	70	50.571	  70.000	  47.571	  64.724	  52.571	  58.054	Fill4	R	3	98	1	92
8477	6	71	40.205	  88.000	  38.205	  78.839	  42.205	  71.082	Fill5	R	4	99	2	261
8477	6	72	100.000	  38.860	  84.000	  46.262	  58.000	  67.000	ComD1	R	5	98	3	148
8477	6	73	50.000	  82.000	  82.000	  50.000	  43.000	  82.000	AttR1	R	1	97	1	202
8477	6	74	48.961	  76.000	  61.000	  61.000	  45.961	  80.961	SimA1	R	1	98	2	109
8477	6	75	48.158	  76.000	  61.000	  60.000	  45.158	  81.049	SimA1	R	5	99	1	202
8477	6	76	76.000	  47.368	  73.000	  42.616	  79.000	  40.405	Fill2	R	2	98	3	148
8477	6	77	50.000	  80.000	  82.000	  48.780	  41.000	  80.000	AttR1	R	3	97	2	122
8477	6	78	75.000	  47.173	  73.000	  42.397	  76.000	  40.513	Fill2	R	2	98	3	1392
8477	6	79	50.000	  82.000	  82.000	  50.000	  82.000	  42.000	AttR2	R	1	99	3	603
8477	6	80	48.000	  79.000	  79.000	  48.000	  79.000	  41.000	AttR2	R	3	98	1	453
8477	6	81	49.000	  81.000	  79.000	  50.241	  41.000	  81.000	AttR1	R	5	97	2	36
8477	6	82	50.000	  82.000	  84.000	  48.810	  43.000	  82.000	AttR1	R	4	98	1	37
8477	6	83	76.000	  49.763	  75.000	  43.907	  78.000	  43.141	Fill2	R	3	99	3	60
8477	6	84	91.000	  38.901	  89.000	  35.112	  92.000	  33.489	Fill1	R	2	98	3	53
8477	6	85	92.000	  38.457	  90.000	  33.822	  95.000	  33.000	Fill1	R	2	97	1	85
8477	6	86	47.368	  76.000	  60.000	  60.000	  43.368	  83.010	SimA1	R	6	98	2	45
8477	6	87	76.000	  48.158	  75.000	  43.413	  78.000	  40.654	Fill2	R	1	99	3	717
8477	6	88	91.000	  39.560	  89.000	  34.865	  93.000	  33.409	Fill1	R	5	98	3	131
8477	6	89	40.000	  90.000	  38.000	  81.263	  42.000	  73.357	Fill5	R	5	97	2	456
8477	6	90	81.000	  45.741	  57.000	  65.000	  43.081	  86.000	ComD2	R	3	98	1	1344
8477	7	1	97.000	  37.526	  81.000	  44.938	  56.000	  65.000	ComD1	R	3	99	3	2957
8477	7	2	98.000	  38.469	  81.000	  46.543	  58.000	  65.000	ComD1	R	6	97	3	1270
8477	7	3	60.000	  60.000	  59.000	  52.814	  61.000	  52.115	Fill3	R	1	98	2	773
8477	7	4	48.800	  75.000	  60.000	  61.000	  44.800	  81.696	SimA1	R	3	99	3	713
8477	7	5	49.613	  75.000	  61.000	  61.000	  45.613	  81.577	SimA1	R	1	98	2	430
8477	7	6	40.000	  90.000	  38.000	  80.658	  42.000	  73.357	Fill5	R	4	97	3	512
8477	7	7	74.000	  48.649	  73.000	  43.630	  75.000	  41.947	Fill2	R	5	98	3	398
8477	7	8	91.000	  38.901	  89.000	  34.944	  93.000	  33.699	Fill1	R	1	99	3	543
8477	7	9	81.000	  47.259	  58.000	  66.000	  44.512	  86.000	ComD2	R	6	98	2	388
8477	7	10	48.800	  75.000	  61.000	  60.000	  45.800	  79.913	SimA1	R	2	97	1	495
8477	7	11	52.000	  80.000	  78.000	  53.333	  78.000	  45.333	AttR2	R	2	98	3	448
8477	7	12	51.000	  82.000	  80.000	  52.275	  80.000	  45.275	AttR2	R	6	99	1	528
8477	7	13	41.772	  92.000	  38.772	  85.836	  43.772	  75.757	Fill5	R	4	98	1	373
8477	7	14	80.000	  46.400	  58.000	  64.000	  42.667	  87.000	ComD2	R	5	97	2	456
8477	7	15	51.932	  74.000	  49.932	  68.853	  53.932	  63.802	Fill4	R	2	98	3	304
8477	7	16	46.068	  73.000	  59.000	  57.000	  43.068	  78.085	SimA1	R	3	99	3	284
8477	7	17	45.789	  76.000	  58.000	  60.000	  62.143	  56.000	SimA2	R	5	98	3	517
8477	7	18	49.000	  80.000	  82.000	  47.805	  40.000	  80.000	AttR1	R	2	97	1	275
8477	7	19	47.838	  74.000	  60.000	  59.000	  42.838	  82.637	SimA1	R	2	98	3	371
8477	7	20	48.000	  75.000	  60.000	  60.000	  44.000	  81.818	SimA1	R	6	99	1	357
8477	7	21	93.000	  41.323	  90.000	  38.033	  95.000	  35.558	Fill1	R	3	98	1	579
8477	7	22	48.000	  75.000	  60.000	  60.000	  43.000	  83.721	SimA1	R	2	99	2	956
8477	7	23	39.783	  92.000	  38.783	  80.964	  41.783	  75.582	Fill5	R	6	98	2	594
8477	7	24	52.757	  74.000	  50.757	  68.720	  54.757	  63.335	Fill4	R	3	97	2	325
8477	7	25	60.000	  59.000	  57.000	  54.491	  61.000	  50.967	Fill3	R	6	98	2	674
8477	7	26	95.000	  39.074	  81.000	  45.827	  58.000	  64.000	ComD1	R	4	98	1	675
8477	7	27	97.000	  38.268	  80.000	  46.400	  58.000	  64.000	ComD1	R	2	99	2	347
8477	7	28	51.000	  82.000	  83.000	  50.386	  43.000	  82.000	AttR1	R	6	98	2	456
8477	7	29	49.000	  83.000	  85.000	  47.847	  41.000	  83.000	AttR1	R	1	98	2	840
8477	7	30	50.000	  72.000	  49.000	  65.020	  51.000	  61.725	Fill4	R	6	97	3	241
8477	7	31	96.000	  38.667	  80.000	  46.400	  58.000	  64.000	ComD1	R	5	98	3	456
8477	7	32	47.838	  74.000	  60.000	  59.000	  64.364	  55.000	SimA2	R	6	98	2	424
8477	7	33	50.000	  81.000	  83.000	  48.795	  43.000	  81.000	AttR1	R	5	99	1	891
8477	7	34	50.000	  81.000	  83.000	  48.795	  83.000	  41.795	AttR2	R	6	98	2	515
8477	7	35	95.000	  39.684	  82.000	  45.976	  58.000	  65.000	ComD1	R	4	97	3	936
8477	7	36	92.000	  39.130	  91.000	  34.253	  95.000	  32.811	Fill1	R	2	98	3	309
8477	7	37	47.200	  75.000	  60.000	  59.000	  43.200	  81.944	SimA1	R	5	99	1	315
8477	7	38	97.000	  40.144	  82.000	  47.488	  59.000	  66.000	ComD1	R	4	98	1	385
8477	7	39	52.000	  83.000	  83.000	  52.000	  45.000	  83.000	AttR1	R	5	97	2	267
8477	7	40	47.200	  75.000	  59.000	  60.000	  42.200	  83.886	SimA1	R	4	98	1	258
8477	7	41	47.000	  82.000	  82.000	  47.000	  40.000	  82.000	AttR1	R	3	98	1	483
8477	7	42	74.000	  47.838	  71.000	  44.211	  76.000	  40.789	Fill2	R	3	98	1	467
8477	7	43	41.109	  92.000	  40.109	  80.955	  42.109	  77.442	Fill5	R	4	98	1	635
8477	7	44	81.000	  45.827	  58.000	  64.000	  42.667	  87.000	ComD2	R	4	98	1	410
8477	7	45	77.000	  49.909	  74.000	  46.054	  78.000	  43.449	Fill2	R	2	98	3	533
8477	7	46	92.000	  39.783	  90.000	  35.178	  95.000	  33.326	Fill1	R	1	98	2	570
8477	7	47	52.000	  80.000	  78.000	  53.333	  45.000	  80.000	AttR1	R	2	99	2	876
8477	7	48	49.000	  83.000	  85.000	  47.847	  85.000	  40.847	AttR2	R	6	98	2	285
8477	7	49	45.789	  76.000	  58.000	  60.000	  40.789	  85.316	SimA1	R	6	97	3	1005
8477	7	50	51.304	  69.000	  49.304	  63.179	  52.304	  58.714	Fill4	R	4	98	1	295
8477	7	51	82.000	  45.976	  58.000	  65.000	  43.333	  87.000	ComD2	R	4	99	2	720
8477	7	52	48.800	  75.000	  61.000	  60.000	  65.357	  56.000	SimA2	R	2	98	3	756
8477	7	53	48.000	  75.000	  60.000	  60.000	  64.286	  56.000	SimA2	R	1	99	3	931
8477	7	54	39.333	  90.000	  37.333	  80.464	  40.333	  74.802	Fill5	R	2	98	3	567
8477	7	55	49.613	  75.000	  61.000	  61.000	  65.281	  57.000	SimA2	R	2	99	2	1147
8477	7	56	74.000	  49.459	  72.000	  45.139	  75.000	  43.373	Fill2	R	3	98	1	744
8477	7	57	99.000	  38.667	  81.000	  47.259	  58.000	  66.000	ComD1	R	4	98	1	893
8477	7	58	51.108	  74.000	  48.108	  68.263	  52.108	  64.424	Fill4	R	6	98	2	1070
8477	7	59	81.000	  44.938	  56.000	  65.000	  43.333	  84.000	ComD2	R	2	98	3	1198
8477	7	60	47.200	  75.000	  59.000	  60.000	  63.214	  56.000	SimA2	R	4	98	1	753
8477	7	61	49.000	  80.000	  82.000	  47.805	  82.000	  39.805	AttR2	R	3	99	3	829
8477	7	62	47.200	  75.000	  60.000	  59.000	  65.556	  54.000	SimA2	R	4	99	2	808
8477	7	63	51.000	  80.000	  81.000	  50.370	  42.000	  80.000	AttR1	R	4	98	1	467
8477	7	64	46.068	  73.000	  59.000	  57.000	  62.278	  54.000	SimA2	R	4	98	1	770
8477	7	65	95.000	  41.737	  82.000	  48.354	  61.000	  65.000	ComD1	R	4	98	1	1230
8477	7	66	80.000	  46.400	  58.000	  64.000	  43.163	  86.000	ComD2	R	3	97	2	975
8477	7	67	48.000	  75.000	  60.000	  60.000	  65.455	  55.000	SimA2	R	2	98	3	586
8477	7	68	76.000	  49.763	  75.000	  44.573	  77.000	  42.675	Fill2	R	2	99	2	804
8477	7	69	94.000	  38.809	  80.000	  45.600	  57.000	  64.000	ComD1	R	3	99	3	920
8477	7	70	52.000	  83.000	  83.000	  52.000	  83.000	  44.000	AttR2	R	2	99	2	1004
8477	7	71	51.000	  82.000	  80.000	  52.275	  43.000	  82.000	AttR1	R	6	99	1	839
8477	7	72	61.000	  64.000	  59.000	  57.831	  64.000	  53.922	Fill3	R	6	98	2	800
8477	7	73	51.000	  80.000	  80.000	  51.000	  80.000	  44.000	AttR2	R	6	98	2	770
8477	7	74	82.000	  47.488	  59.000	  66.000	  44.250	  88.000	ComD2	R	4	97	3	821
8477	7	75	51.000	  80.000	  80.000	  51.000	  42.000	  80.000	AttR1	R	6	98	2	888
8477	7	76	51.000	  82.000	  83.000	  50.386	  83.000	  41.386	AttR2	R	6	99	1	783
8477	7	77	61.000	  63.000	  59.000	  58.051	  63.000	  54.286	Fill3	R	3	98	1	715
8477	7	78	47.000	  82.000	  82.000	  47.000	  82.000	  40.000	AttR2	R	5	98	3	752
8477	7	79	50.137	  73.000	  49.137	  64.982	  51.137	  63.398	Fill4	R	6	98	2	693
8477	7	80	80.000	  45.600	  57.000	  64.000	  43.429	  84.000	ComD2	R	3	97	2	965
8477	7	81	92.000	  41.109	  90.000	  37.200	  94.000	  35.840	Fill1	R	5	98	3	352
8477	7	82	41.532	  94.000	  39.532	  85.501	  42.532	  78.999	Fill5	R	3	98	1	637
8477	7	83	61.000	  62.000	  60.000	  55.317	  64.000	  52.484	Fill3	R	4	97	3	797
8477	7	84	94.000	  41.532	  93.000	  36.903	  95.000	  36.305	Fill1	R	4	98	1	488
8477	7	85	76.000	  51.368	  74.000	  46.919	  77.000	  44.403	Fill2	R	6	98	2	640
8477	7	86	82.000	  48.354	  61.000	  65.000	  44.551	  89.000	ComD2	R	2	98	3	921
8477	7	87	51.000	  80.000	  81.000	  50.370	  81.000	  42.370	AttR2	R	2	99	2	461
8477	7	88	48.800	  75.000	  60.000	  61.000	  65.357	  56.000	SimA2	R	2	98	3	1613
8477	7	89	60.000	  61.000	  58.000	  55.793	  63.000	  51.238	Fill3	R	4	97	3	952
8477	7	90	81.000	  46.543	  58.000	  65.000	  44.353	  85.000	ComD2	R	6	98	2	732
8477	8	1	98.000	  37.143	  81.000	  44.938	  56.000	  65.000	ComD1	R	2	98	3	1973
8477	8	2	50.000	  80.000	  81.000	  49.383	  42.000	  80.000	AttR1	R	2	99	2	336
8477	8	3	48.857	  70.000	  47.857	  62.373	  50.857	  58.084	Fill4	R	5	98	3	198
8477	8	4	47.000	  80.000	  78.000	  48.205	  38.000	  80.000	AttR1	R	4	97	3	96
8477	8	5	53.000	  78.000	  79.000	  52.329	  79.000	  45.329	AttR2	R	5	98	3	137
8477	8	6	49.944	  72.000	  62.000	  58.000	  65.382	  55.000	SimA2	R	3	99	3	149
8477	8	7	76.000	  49.763	  74.000	  45.419	  77.000	  43.000	Fill2	R	5	98	3	147
8477	8	8	95.000	  39.811	  94.000	  35.585	  96.000	  34.656	Fill1	R	3	97	2	49
8477	8	9	82.000	  45.976	  58.000	  65.000	  43.333	  87.000	ComD2	R	2	98	3	289
8477	8	10	93.000	  38.667	  90.000	  34.778	  94.000	  33.670	Fill1	R	4	98	1	320
8477	8	11	47.692	  78.000	  60.000	  62.000	  44.692	  83.236	SimA1	R	5	98	3	357
8477	8	12	62.000	  58.000	  60.000	  52.017	  63.000	  49.349	Fill3	R	3	98	1	299
8477	8	13	83.000	  47.627	  59.000	  67.000	  44.920	  88.000	ComD2	R	4	98	1	379
8477	8	14	50.000	  82.000	  80.000	  51.250	  80.000	  43.250	AttR2	R	5	99	1	717
8477	8	15	40.220	  91.000	  37.220	  84.203	  42.220	  74.183	Fill5	R	4	98	1	347
8477	8	16	76.000	  46.579	  73.000	  42.767	  77.000	  39.844	Fill2	R	6	98	2	376
8477	8	17	46.553	  76.000	  58.000	  61.000	  62.070	  57.000	SimA2	R	4	98	1	507
8477	8	18	80.000	  46.312	  57.000	  65.000	  43.588	  85.000	ComD2	R	3	98	1	519
8477	8	19	49.859	  71.000	  47.859	  64.941	  50.859	  60.422	Fill4	R	2	98	3	605
8477	8	20	95.000	  39.000	  80.000	  46.312	  57.000	  65.000	ComD1	R	2	98	3	560
8477	8	21	40.864	  88.000	  39.864	  76.436	  41.864	  73.620	Fill5	R	3	97	2	286
8477	8	22	95.000	  39.684	  81.000	  46.543	  58.000	  65.000	ComD1	R	3	99	3	253
8477	8	23	50.000	  80.000	  82.000	  48.780	  82.000	  40.780	AttR2	R	4	99	2	324
8477	8	24	47.000	  79.000	  79.000	  47.000	  39.000	  79.000	AttR1	R	4	98	1	282
8477	8	25	52.000	  81.000	  80.000	  52.650	  80.000	  43.650	AttR2	R	6	98	2	658
8477	8	26	49.000	  83.000	  81.000	  50.210	  42.000	  83.000	AttR1	R	2	98	3	674
8477	8	27	47.685	  73.000	  59.000	  59.000	  44.685	  77.901	SimA1	R	4	98	1	394
8477	8	28	50.000	  79.000	  79.000	  50.000	  79.000	  42.000	AttR2	R	1	97	1	661
8477	8	29	92.000	  39.783	  91.000	  35.044	  93.000	  35.011	Fill1	R	1	98	2	460
8477	8	30	38.427	  89.000	  36.427	  79.721	  39.427	  73.858	Fill5	R	4	98	1	558
8477	8	31	98.000	  38.469	  82.000	  45.976	  58.000	  65.000	ComD1	R	3	98	1	499
8477	8	32	81.000	  46.444	  57.000	  66.000	  43.744	  86.000	ComD2	R	4	98	1	431
8477	8	33	90.000	  38.000	  87.000	  34.172	  93.000	  31.462	Fill1	R	2	97	1	659
8477	8	34	51.549	  71.000	  49.549	  64.703	  53.549	  59.571	Fill4	R	2	99	2	524
8477	8	35	92.000	  38.478	  91.000	  34.451	  95.000	  32.232	Fill1	R	3	98	1	520
8477	8	36	48.000	  82.000	  81.000	  48.593	  81.000	  39.593	AttR2	R	3	98	1	429
8477	8	37	81.000	  46.543	  58.000	  65.000	  43.333	  87.000	ComD2	R	3	99	3	688
8477	8	38	49.763	  76.000	  62.000	  61.000	  46.763	  80.876	SimA1	R	2	98	3	640
8477	8	39	46.553	  76.000	  58.000	  61.000	  43.553	  81.235	SimA1	R	5	99	1	536
8477	8	40	47.692	  78.000	  60.000	  62.000	  65.263	  57.000	SimA2	R	3	99	3	924
8477	8	41	49.944	  72.000	  62.000	  58.000	  45.944	  78.268	SimA1	R	4	97	3	644
8477	8	42	47.027	  74.000	  60.000	  58.000	  63.273	  55.000	SimA2	R	4	98	1	435
8477	8	43	50.000	  80.000	  82.000	  48.780	  42.000	  80.000	AttR1	R	4	99	2	595
8477	8	44	46.579	  76.000	  59.000	  60.000	  64.364	  55.000	SimA2	R	6	99	1	654
8477	8	45	52.000	  81.000	  80.000	  52.650	  45.000	  81.000	AttR1	R	4	98	1	509
8477	8	46	97.000	  38.866	  81.000	  46.543	  58.000	  65.000	ComD1	R	3	99	3	547
8477	8	47	48.773	  75.000	  62.000	  59.000	  66.509	  55.000	SimA2	R	4	98	1	439
8477	8	48	47.027	  74.000	  60.000	  58.000	  43.027	  80.879	SimA1	R	5	98	3	513
8477	8	49	48.773	  75.000	  62.000	  59.000	  45.773	  79.916	SimA1	R	5	98	3	396
8477	8	50	50.000	  82.000	  80.000	  51.250	  41.000	  82.000	AttR1	R	4	99	2	663
8477	8	51	92.000	  38.478	  89.000	  34.528	  95.000	  32.432	Fill1	R	5	99	1	532
8477	8	52	49.859	  71.000	  48.859	  63.857	  50.859	  60.461	Fill4	R	4	99	2	445
8477	8	53	40.227	  88.000	  38.227	  78.949	  41.227	  73.665	Fill5	R	3	98	1	508
8477	8	54	50.000	  80.000	  81.000	  49.383	  81.000	  41.383	AttR2	R	6	98	2	946
8477	8	55	52.116	  69.000	  51.116	  60.901	  53.116	  59.624	Fill4	R	5	99	1	783
8477	8	56	47.532	  77.000	  60.000	  61.000	  65.357	  56.000	SimA2	R	4	98	1	578
8477	8	57	96.000	  39.188	  81.000	  46.444	  57.000	  66.000	ComD1	R	2	98	3	557
8477	8	58	41.560	  91.000	  39.560	  82.962	  42.560	  76.409	Fill5	R	4	98	1	675
8477	8	59	47.000	  80.000	  78.000	  48.205	  78.000	  40.205	AttR2	R	1	98	2	739
8477	8	60	75.000	  48.800	  73.000	  43.342	  76.000	  42.566	Fill2	R	2	98	3	552
8477	8	61	39.333	  90.000	  38.333	  78.861	  41.333	  73.210	Fill5	R	6	98	2	428
8477	8	62	81.000	  45.827	  58.000	  64.000	  42.667	  87.000	ComD2	R	4	98	1	423
8477	8	63	94.000	  40.170	  80.000	  47.200	  59.000	  64.000	ComD1	R	1	99	3	715
8477	8	64	73.000	  46.849	  71.000	  41.775	  74.000	  39.986	Fill2	R	5	98	3	392
8477	8	65	97.000	  39.464	  82.000	  46.683	  58.000	  66.000	ComD1	R	2	99	2	1299
8477	8	66	78.000	  46.103	  76.000	  41.408	  79.000	  40.291	Fill2	R	1	98	2	393
8477	8	67	50.000	  79.000	  79.000	  50.000	  43.000	  79.000	AttR1	R	2	98	3	732
8477	8	68	48.000	  82.000	  81.000	  48.593	  39.000	  82.000	AttR1	R	1	98	2	1168
8477	8	69	82.000	  46.683	  58.000	  66.000	  45.035	  85.000	ComD2	R	3	98	1	483
8477	8	70	81.000	  44.938	  56.000	  65.000	  43.333	  84.000	ComD2	R	4	98	1	619
8477	8	71	60.000	  61.000	  59.000	  54.034	  61.000	  53.016	Fill3	R	4	98	1	333
8477	8	72	73.000	  48.493	  71.000	  43.817	  74.000	  41.568	Fill2	R	2	98	3	466
8477	8	73	57.000	  60.000	  56.000	  52.607	  59.000	  50.576	Fill3	R	3	99	3	499
8477	8	74	47.685	  73.000	  59.000	  59.000	  64.463	  54.000	SimA2	R	3	98	1	295
8477	8	75	47.000	  79.000	  79.000	  47.000	  79.000	  38.000	AttR2	R	6	98	2	280
8477	8	76	47.532	  77.000	  60.000	  61.000	  43.532	  84.075	SimA1	R	3	98	1	319
8477	8	77	49.000	  83.000	  81.000	  50.210	  81.000	  41.210	AttR2	R	4	98	1	468
8477	8	78	49.763	  76.000	  62.000	  61.000	  66.351	  57.000	SimA2	R	4	98	1	421
8477	8	79	47.041	  74.000	  59.000	  59.000	  64.463	  54.000	SimA2	R	5	98	3	408
8477	8	80	53.000	  78.000	  79.000	  52.329	  46.000	  78.000	AttR1	R	5	98	3	547
8477	8	81	47.041	  74.000	  59.000	  59.000	  44.041	  79.041	SimA1	R	1	98	2	328
8477	8	82	94.000	  39.489	  81.000	  45.827	  58.000	  64.000	ComD1	R	3	98	1	1028
8477	8	83	81.000	  46.543	  58.000	  65.000	  44.353	  85.000	ComD2	R	5	98	3	664
8477	8	84	46.579	  76.000	  59.000	  60.000	  42.579	  83.140	SimA1	R	4	98	1	600
8477	8	85	62.000	  61.000	  59.000	  57.017	  63.000	  53.000	Fill3	R	4	98	1	419
8477	8	86	100.000	  39.530	  83.000	  47.627	  59.000	  67.000	ComD1	R	2	98	3	556
8477	8	87	60.000	  59.000	  57.000	  54.439	  62.000	  49.903	Fill3	R	1	98	2	699
8477	8	88	80.000	  47.200	  59.000	  64.000	  43.402	  87.000	ComD2	R	2	98	3	968
8477	8	89	59.000	  60.000	  56.000	  55.161	  62.000	  49.806	Fill3	R	5	98	3	370
8477	8	90	53.268	  71.000	  52.268	  63.060	  54.268	  61.510	Fill4	R	6	98	2	533
