username: S33, Experiment time (minutes): 32
Operating system: Mac OS 10.8.5
Manufacturer: Google Pepper
Player type: PlugIn
Version: MAC 11,6,602,180

username	blkNum	trlNum	Rect1Height	Rect1Width	Rect2Height	Rect2Width	Rect3Height	Rect3Width	Effect	StimType	StimPosition	rawResp	response	RT
6537	0	1	59.000	  59.000	  58.000	  52.224	  60.000	  49.917	Fill3	R	2	49	1	5383
6537	0	2	90.000	  38.633	  88.000	  34.398	  91.000	  33.473	Fill1	R	4	50	1	1543
6537	0	3	77.000	  49.117	  74.000	  44.432	  79.000	  41.734	Fill2	R	3	50	1	1566
6537	1	1	83.000	  46.120	  58.000	  66.000	  45.035	  85.000	ComD2	R	4	51	2	2789
6537	1	2	50.000	  80.000	  80.000	  50.000	  42.000	  80.000	AttR1	R	6	50	2	3094
6537	1	3	45.627	  75.000	  58.000	  59.000	  42.627	  80.278	SimA1	R	5	51	1	6247
6537	1	4	95.000	  38.505	  92.000	  35.033	  97.000	  32.948	Fill1	R	2	49	1	2446
6537	1	5	50.000	  80.000	  78.000	  51.282	  78.000	  44.282	AttR2	R	2	49	1	1359
6537	1	6	53.000	  80.000	  81.000	  52.346	  81.000	  43.346	AttR2	R	4	50	1	1357
6537	1	7	49.000	  82.000	  84.000	  47.833	  40.000	  82.000	AttR1	R	3	50	1	1321
6537	1	8	78.000	  46.897	  76.000	  42.000	  80.000	  39.587	Fill2	R	4	50	1	902
6537	1	9	46.579	  76.000	  59.000	  60.000	  62.105	  57.000	SimA2	R	5	51	1	1516
6537	1	10	96.000	  39.875	  81.000	  47.259	  58.000	  66.000	ComD1	R	4	51	2	2121
6537	1	11	59.000	  61.000	  57.000	  55.509	  60.000	  52.300	Fill3	R	3	50	1	934
6537	1	12	47.671	  73.000	  60.000	  58.000	  64.444	  54.000	SimA2	R	2	49	1	2284
6537	1	13	47.838	  74.000	  59.000	  60.000	  43.838	  80.752	SimA1	R	1	50	2	1589
6537	1	14	95.000	  38.400	  79.000	  46.177	  57.000	  64.000	ComD1	R	6	49	3	1206
6537	1	15	49.000	  80.000	  81.000	  48.395	  42.000	  80.000	AttR1	R	4	50	1	1882
6537	1	16	48.800	  75.000	  61.000	  60.000	  45.800	  79.913	SimA1	R	3	50	1	1682
6537	1	17	47.355	  76.000	  59.000	  61.000	  62.052	  58.000	SimA2	R	5	50	3	1586
6537	1	18	49.000	  79.000	  81.000	  47.790	  81.000	  39.790	AttR2	R	3	50	1	1093
6537	1	19	61.000	  60.000	  59.000	  54.915	  62.000	  52.242	Fill3	R	2	49	1	788
6537	1	20	51.240	  75.000	  63.000	  61.000	  66.259	  58.000	SimA2	R	4	49	3	1532
6537	1	21	75.000	  47.987	  72.000	  44.319	  77.000	  41.208	Fill2	R	4	50	1	925
6537	1	22	101.000	  39.050	  85.000	  46.400	  58.000	  68.000	ComD1	R	4	49	3	1385
6537	1	23	52.000	  76.000	  74.000	  53.405	  44.000	  76.000	AttR1	R	6	51	1	1548
6537	1	24	46.000	  80.000	  81.000	  45.432	  39.000	  80.000	AttR1	R	2	49	1	993
6537	1	25	50.000	  81.000	  82.000	  49.390	  82.000	  41.390	AttR2	R	5	51	1	996
6537	1	26	50.000	  80.000	  80.000	  50.000	  80.000	  42.000	AttR2	R	4	50	1	1933
6537	1	27	80.000	  46.400	  58.000	  64.000	  43.671	  85.000	ComD2	R	2	51	2	1108
6537	1	28	52.000	  79.000	  77.000	  53.351	  77.000	  45.351	AttR2	R	5	49	2	1649
6537	1	29	95.000	  39.684	  80.000	  47.125	  58.000	  65.000	ComD1	R	1	51	3	738
6537	1	30	52.000	  79.000	  77.000	  53.351	  43.000	  79.000	AttR1	R	5	49	2	958
6537	1	31	92.000	  39.120	  91.000	  34.429	  94.000	  33.362	Fill1	R	2	49	1	1053
6537	1	32	48.325	  77.000	  61.000	  61.000	  45.325	  82.097	SimA1	R	5	51	1	1173
6537	1	33	53.000	  80.000	  81.000	  52.346	  45.000	  80.000	AttR1	R	5	51	1	950
6537	1	34	97.000	  38.866	  81.000	  46.543	  58.000	  65.000	ComD1	R	3	51	3	757
6537	1	35	98.000	  37.806	  82.000	  45.183	  57.000	  65.000	ComD1	R	3	51	3	737
6537	1	36	39.120	  92.000	  38.120	  80.169	  41.120	  74.539	Fill5	R	4	50	1	1887
6537	1	37	48.325	  77.000	  61.000	  61.000	  65.281	  57.000	SimA2	R	3	50	1	718
6537	1	38	50.000	  80.000	  78.000	  51.282	  43.000	  80.000	AttR1	R	2	49	1	1837
6537	1	39	50.690	  71.000	  49.690	  62.970	  52.690	  58.835	Fill4	R	1	49	1	749
6537	1	40	47.671	  73.000	  60.000	  58.000	  43.671	  79.686	SimA1	R	6	49	3	2218
6537	1	41	53.014	  69.000	  50.014	  65.041	  54.014	  58.632	Fill4	R	4	50	1	867
6537	1	42	82.000	  45.976	  58.000	  65.000	  43.837	  86.000	ComD2	R	4	50	1	788
6537	1	43	47.685	  73.000	  59.000	  59.000	  43.685	  79.684	SimA1	R	1	50	2	1518
6537	1	44	82.000	  47.561	  60.000	  65.000	  44.318	  88.000	ComD2	R	2	49	1	2364
6537	1	45	92.000	  37.196	  89.000	  33.607	  93.000	  31.742	Fill1	R	5	51	1	793
6537	1	46	80.000	  47.125	  58.000	  65.000	  44.353	  85.000	ComD2	R	2	51	2	2420
6537	1	47	52.000	  76.000	  74.000	  53.405	  74.000	  44.405	AttR2	R	4	50	1	1999
6537	1	48	76.000	  48.158	  75.000	  42.493	  77.000	  41.351	Fill2	R	4	50	1	785
6537	1	49	49.000	  79.000	  81.000	  47.790	  42.000	  79.000	AttR1	R	5	51	1	853
6537	1	50	50.833	  72.000	  48.833	  64.853	  51.833	  62.045	Fill4	R	3	50	1	972
6537	1	51	46.579	  76.000	  59.000	  60.000	  43.579	  81.232	SimA1	R	6	50	2	686
6537	1	52	50.000	  81.000	  82.000	  49.390	  42.000	  81.000	AttR1	R	2	49	1	1359
6537	1	53	81.000	  46.543	  58.000	  65.000	  43.837	  86.000	ComD2	R	5	49	2	781
6537	1	54	49.000	  82.000	  84.000	  47.833	  84.000	  40.833	AttR2	R	4	50	1	702
6537	1	55	75.000	  45.627	  73.000	  41.288	  77.000	  38.325	Fill2	R	2	49	1	909
6537	1	56	59.000	  58.000	  56.000	  52.964	  60.000	  50.367	Fill3	R	4	49	3	730
6537	1	57	85.000	  46.400	  58.000	  68.000	  46.400	  85.000	ComD2	R	6	50	2	1134
6537	1	58	96.000	  39.271	  82.000	  45.976	  58.000	  65.000	ComD1	R	3	51	3	1477
6537	1	59	45.627	  75.000	  58.000	  59.000	  61.107	  56.000	SimA2	R	4	49	3	2060
6537	1	60	47.685	  73.000	  59.000	  59.000	  62.161	  56.000	SimA2	R	3	49	2	1604
6537	1	61	47.355	  76.000	  59.000	  61.000	  42.355	  84.972	SimA1	R	4	51	2	1350
6537	1	62	48.635	  74.000	  61.000	  59.000	  44.635	  80.632	SimA1	R	5	49	2	780
6537	1	63	49.714	  70.000	  47.714	  63.419	  50.714	  60.042	Fill4	R	1	49	1	1350
6537	1	64	75.000	  46.400	  74.000	  40.986	  76.000	  40.487	Fill2	R	3	50	1	796
6537	1	65	49.986	  72.000	  48.986	  65.141	  51.986	  61.497	Fill4	R	1	49	1	775
6537	1	66	48.635	  74.000	  61.000	  59.000	  66.648	  54.000	SimA2	R	4	49	3	642
6537	1	67	73.000	  49.301	  70.000	  45.086	  76.000	  41.697	Fill2	R	4	50	1	890
6537	1	68	38.886	  88.000	  35.886	  81.312	  40.886	  70.610	Fill5	R	2	50	3	930
6537	1	69	48.886	  70.000	  47.886	  62.628	  49.886	  60.037	Fill4	R	4	49	3	943
6537	1	70	59.000	  61.000	  56.000	  57.018	  61.000	  51.197	Fill3	R	3	50	1	821
6537	1	71	92.000	  39.120	  91.000	  34.132	  95.000	  32.916	Fill1	R	5	51	1	878
6537	1	72	47.838	  74.000	  59.000	  60.000	  64.364	  55.000	SimA2	R	6	50	2	871
6537	1	73	40.667	  90.000	  37.667	  83.841	  42.667	  73.852	Fill5	R	1	49	1	1439
6537	1	74	60.000	  58.000	  58.000	  52.103	  63.000	  47.810	Fill3	R	2	49	1	687
6537	1	75	92.000	  39.783	  89.000	  36.315	  93.000	  34.753	Fill1	R	1	49	1	1230
6537	1	76	41.101	  89.000	  39.101	  80.126	  42.101	  73.917	Fill5	R	2	50	3	738
6537	1	77	51.240	  75.000	  63.000	  61.000	  47.240	  81.351	SimA1	R	1	50	2	775
6537	1	78	46.000	  80.000	  81.000	  45.432	  81.000	  38.432	AttR2	R	2	51	2	1938
6537	1	79	39.545	  88.000	  37.545	  79.077	  40.545	  72.388	Fill5	R	3	50	1	1095
6537	1	80	92.000	  37.826	  91.000	  33.055	  93.000	  32.376	Fill1	R	4	51	2	782
6537	1	81	98.000	  39.796	  82.000	  47.561	  60.000	  65.000	ComD1	R	2	50	3	3241
6537	1	82	82.000	  45.183	  57.000	  65.000	  43.081	  86.000	ComD2	R	4	50	1	680
6537	1	83	79.000	  46.177	  57.000	  64.000	  43.429	  84.000	ComD2	R	4	50	1	1250
6537	1	84	48.800	  75.000	  61.000	  60.000	  66.545	  55.000	SimA2	R	3	50	1	1248
6537	1	85	97.000	  38.268	  80.000	  46.400	  58.000	  64.000	ComD1	R	6	49	3	1593
6537	1	86	62.000	  59.000	  60.000	  52.850	  63.000	  50.381	Fill3	R	1	49	1	1300
6537	1	87	97.000	  39.464	  83.000	  46.120	  58.000	  66.000	ComD1	R	5	50	3	2553
6537	1	88	49.000	  80.000	  81.000	  48.395	  81.000	  41.395	AttR2	R	5	51	1	1502
6537	1	89	39.989	  90.000	  38.989	  78.304	  41.989	  73.734	Fill5	R	4	50	1	941
6537	1	90	81.000	  47.259	  58.000	  66.000	  44.512	  86.000	ComD2	R	5	49	2	1594
6537	2	1	76.000	  49.763	  73.000	  45.479	  77.000	  43.532	Fill2	R	5	51	1	2333
6537	2	2	50.973	  73.000	  47.973	  67.351	  51.973	  62.822	Fill4	R	4	50	1	649
6537	2	3	52.000	  79.000	  79.000	  52.000	  45.000	  79.000	AttR1	R	2	49	1	833
6537	2	4	59.000	  60.000	  57.000	  53.509	  60.000	  51.667	Fill3	R	5	51	1	2025
6537	2	5	49.000	  78.000	  77.000	  49.636	  41.000	  78.000	AttR1	R	2	49	1	1468
6537	2	6	50.000	  79.000	  81.000	  48.765	  81.000	  41.765	AttR2	R	2	49	1	611
6537	2	7	49.459	  74.000	  61.000	  60.000	  46.459	  78.778	SimA1	R	3	49	2	694
6537	2	8	52.528	  72.000	  51.528	  64.354	  54.528	  61.272	Fill4	R	2	49	1	615
6537	2	9	48.000	  78.000	  77.000	  48.623	  77.000	  39.623	AttR2	R	3	50	1	1154
6537	2	10	39.775	  89.000	  38.775	  77.188	  40.775	  74.310	Fill5	R	2	49	1	1302
6537	2	11	39.112	  89.000	  37.112	  79.623	  40.112	  73.693	Fill5	R	2	49	1	972
6537	2	12	49.282	  78.000	  62.000	  62.000	  65.153	  59.000	SimA2	R	5	49	2	646
6537	2	13	56.000	  60.000	  53.000	  54.340	  59.000	  49.763	Fill3	R	5	51	1	751
6537	2	14	47.000	  81.000	  81.000	  47.000	  81.000	  40.000	AttR2	R	3	50	1	660
6537	2	15	81.000	  48.074	  59.000	  66.000	  44.759	  87.000	ComD2	R	1	50	2	1517
6537	2	16	50.000	  79.000	  81.000	  48.765	  41.000	  79.000	AttR1	R	6	50	2	721
6537	2	17	48.132	  76.000	  59.000	  62.000	  63.069	  58.000	SimA2	R	5	50	3	575
6537	2	18	47.532	  77.000	  60.000	  61.000	  63.103	  58.000	SimA2	R	5	50	3	690
6537	2	19	47.368	  76.000	  60.000	  60.000	  63.158	  57.000	SimA2	R	3	50	1	641
6537	2	20	95.000	  40.421	  81.000	  47.407	  60.000	  64.000	ComD1	R	2	50	3	777
6537	2	21	49.459	  74.000	  61.000	  60.000	  64.211	  57.000	SimA2	R	4	50	1	901
6537	2	22	84.000	  46.262	  58.000	  67.000	  45.718	  85.000	ComD2	R	6	50	2	1786
6537	2	23	95.000	  39.684	  80.000	  47.125	  58.000	  65.000	ComD1	R	1	51	3	1556
6537	2	24	61.000	  61.000	  59.000	  55.237	  63.000	  52.476	Fill3	R	3	50	1	585
6537	2	25	49.000	  78.000	  77.000	  49.636	  77.000	  40.636	AttR2	R	4	50	1	691
6537	2	26	98.000	  39.735	  81.000	  48.074	  59.000	  66.000	ComD1	R	2	50	3	1108
6537	2	27	95.000	  39.684	  81.000	  46.543	  58.000	  65.000	ComD1	R	5	51	1	1241
6537	2	28	37.753	  89.000	  36.753	  77.028	  39.753	  71.919	Fill5	R	6	49	3	857
6537	2	29	47.368	  76.000	  60.000	  60.000	  42.368	  84.969	SimA1	R	4	50	1	1233
6537	2	30	96.000	  39.333	  80.000	  47.200	  59.000	  64.000	ComD1	R	5	50	3	1753
6537	2	31	49.000	  79.000	  77.000	  50.273	  40.000	  79.000	AttR1	R	5	51	1	2158
6537	2	32	51.000	  80.000	  79.000	  51.646	  79.000	  42.646	AttR2	R	4	50	1	788
6537	2	33	79.000	  46.177	  57.000	  64.000	  42.419	  86.000	ComD2	R	5	50	3	1487
6537	2	34	47.200	  75.000	  59.000	  60.000	  42.200	  83.886	SimA1	R	4	50	1	790
6537	2	35	47.811	  74.000	  61.000	  58.000	  64.327	  55.000	SimA2	R	1	49	1	1201
6537	2	36	47.838	  74.000	  60.000	  59.000	  43.838	  80.752	SimA1	R	6	51	1	5604
6537	2	37	47.532	  77.000	  60.000	  61.000	  42.532	  86.052	SimA1	R	2	50	3	1838
6537	2	38	49.000	  78.000	  77.000	  49.636	  42.000	  78.000	AttR1	R	4	51	2	1454
6537	2	39	53.000	  81.000	  82.000	  52.354	  82.000	  44.354	AttR2	R	5	51	1	1086
6537	2	40	94.000	  38.809	  79.000	  46.177	  57.000	  64.000	ComD1	R	3	51	3	894
6537	2	41	48.132	  76.000	  59.000	  62.000	  45.132	  81.052	SimA1	R	4	50	1	717
6537	2	42	91.000	  38.901	  89.000	  34.742	  92.000	  33.957	Fill1	R	3	50	1	603
6537	2	43	90.000	  38.678	  87.000	  34.460	  91.000	  33.615	Fill1	R	2	49	1	1446
6537	2	44	47.838	  74.000	  60.000	  59.000	  63.214	  56.000	SimA2	R	1	50	2	750
6537	2	45	52.000	  79.000	  79.000	  52.000	  79.000	  44.000	AttR2	R	4	49	3	1036
6537	2	46	90.000	  37.367	  88.000	  33.170	  92.000	  31.293	Fill1	R	6	51	1	892
6537	2	47	96.000	  39.948	  81.000	  47.346	  59.000	  65.000	ComD1	R	4	49	3	709
6537	2	48	57.000	  59.000	  54.000	  54.037	  59.000	  48.593	Fill3	R	3	49	2	769
6537	2	49	49.000	  78.000	  77.000	  49.636	  77.000	  41.636	AttR2	R	6	51	1	1084
6537	2	50	81.000	  46.543	  58.000	  65.000	  43.837	  86.000	ComD2	R	2	51	2	1085
6537	2	51	89.000	  37.753	  87.000	  33.448	  92.000	  31.891	Fill1	R	3	51	3	996
6537	2	52	96.000	  39.271	  81.000	  46.543	  58.000	  65.000	ComD1	R	4	49	3	655
6537	2	53	49.282	  78.000	  62.000	  62.000	  45.282	  84.890	SimA1	R	4	50	1	1143
6537	2	54	48.000	  78.000	  77.000	  48.623	  40.000	  78.000	AttR1	R	1	50	2	1381
6537	2	55	96.000	  39.188	  82.000	  45.878	  57.000	  66.000	ComD1	R	3	51	3	1133
6537	2	56	48.739	  69.000	  46.739	  62.432	  50.739	  57.037	Fill4	R	3	49	2	701
6537	2	57	62.000	  61.000	  61.000	  54.705	  65.000	  51.523	Fill3	R	5	49	2	1009
6537	2	58	75.000	  46.413	  73.000	  42.192	  76.000	  40.118	Fill2	R	4	49	3	700
6537	2	59	82.000	  45.878	  57.000	  66.000	  44.786	  84.000	ComD2	R	5	49	2	1306
6537	2	60	92.000	  40.446	  89.000	  37.169	  95.000	  34.842	Fill1	R	2	49	1	918
6537	2	61	80.000	  47.125	  58.000	  65.000	  43.837	  86.000	ComD2	R	5	51	1	2812
6537	2	62	52.000	  78.000	  80.000	  50.700	  45.000	  78.000	AttR1	R	2	49	1	862
6537	2	63	51.000	  80.000	  79.000	  51.646	  44.000	  80.000	AttR1	R	1	49	1	710
6537	2	64	59.000	  59.000	  58.000	  52.103	  61.000	  50.098	Fill3	R	1	49	1	684
6537	2	65	48.325	  77.000	  61.000	  61.000	  43.325	  85.886	SimA1	R	1	50	2	1420
6537	2	66	47.368	  76.000	  60.000	  60.000	  42.368	  84.969	SimA1	R	3	49	2	1262
6537	2	67	77.000	  48.325	  75.000	  44.267	  79.000	  41.278	Fill2	R	4	49	3	830
6537	2	68	81.000	  47.407	  60.000	  64.000	  43.146	  89.000	ComD2	R	5	49	2	1513
6537	2	69	81.000	  46.543	  58.000	  65.000	  43.333	  87.000	ComD2	R	3	49	2	975
6537	2	70	49.000	  79.000	  77.000	  50.273	  77.000	  42.273	AttR2	R	3	50	1	777
6537	2	71	48.325	  77.000	  61.000	  61.000	  64.155	  58.000	SimA2	R	3	50	1	837
6537	2	72	81.000	  47.346	  59.000	  65.000	  43.580	  88.000	ComD2	R	2	49	1	1100
6537	2	73	53.000	  81.000	  82.000	  52.354	  46.000	  81.000	AttR1	R	5	49	2	617
6537	2	74	71.000	  47.324	  68.000	  43.132	  73.000	  40.164	Fill2	R	5	49	2	852
6537	2	75	94.000	  40.234	  91.000	  37.154	  95.000	  35.232	Fill1	R	2	50	3	1061
6537	2	76	47.368	  76.000	  60.000	  60.000	  64.286	  56.000	SimA2	R	4	51	2	1637
6537	2	77	38.216	  88.000	  36.216	  77.728	  40.216	  70.569	Fill5	R	4	49	3	813
6537	2	78	47.811	  74.000	  61.000	  58.000	  42.811	  82.643	SimA1	R	2	49	1	1486
6537	2	79	47.200	  75.000	  59.000	  60.000	  64.364	  55.000	SimA2	R	2	49	1	655
6537	2	80	41.109	  92.000	  40.109	  80.606	  43.109	  75.112	Fill5	R	4	49	3	1214
6537	2	81	49.859	  71.000	  48.859	  64.000	  50.859	  61.739	Fill4	R	2	51	2	712
6537	2	82	49.028	  71.000	  48.028	  62.172	  50.028	  59.606	Fill4	R	3	50	1	662
6537	2	83	47.000	  81.000	  81.000	  47.000	  38.000	  81.000	AttR1	R	3	49	2	846
6537	2	84	40.890	  91.000	  39.890	  80.747	  42.890	  74.563	Fill5	R	4	50	1	742
6537	2	85	46.667	  72.000	  43.667	  67.328	  48.667	  59.630	Fill4	R	2	49	1	828
6537	2	86	100.000	  38.860	  84.000	  46.262	  58.000	  67.000	ComD1	R	4	50	1	646
6537	2	87	52.000	  78.000	  80.000	  50.700	  80.000	  42.700	AttR2	R	6	50	2	551
6537	2	88	80.000	  47.200	  59.000	  64.000	  43.402	  87.000	ComD2	R	5	49	2	1493
6537	2	89	71.000	  47.366	  70.000	  41.714	  72.000	  40.444	Fill2	R	6	51	1	1156
6537	2	90	73.000	  48.493	  70.000	  44.571	  76.000	  40.066	Fill2	R	3	50	1	577
6537	3	1	97.000	  39.464	  83.000	  46.120	  58.000	  66.000	ComD1	R	4	49	3	1478
6537	3	2	96.000	  39.875	  81.000	  47.259	  58.000	  66.000	ComD1	R	4	49	3	554
6537	3	3	38.227	  88.000	  36.227	  77.870	  40.227	  70.947	Fill5	R	4	50	1	2334
6537	3	4	39.112	  89.000	  38.112	  77.245	  40.112	  74.142	Fill5	R	5	51	1	708
6537	3	5	48.635	  74.000	  61.000	  59.000	  65.436	  55.000	SimA2	R	5	50	3	616
6537	3	6	92.000	  37.837	  89.000	  34.416	  94.000	  32.415	Fill1	R	3	50	1	548
6537	3	7	50.000	  77.000	  79.000	  48.734	  41.000	  77.000	AttR1	R	3	50	1	704
6537	3	8	95.000	  40.368	  81.000	  47.346	  59.000	  65.000	ComD1	R	2	50	3	630
6537	3	9	92.000	  37.837	  89.000	  34.225	  95.000	  31.589	Fill1	R	6	51	1	953
6537	3	10	59.000	  59.000	  57.000	  52.632	  62.000	  48.435	Fill3	R	3	50	1	1110
6537	3	11	48.635	  74.000	  61.000	  59.000	  43.635	  82.479	SimA1	R	2	51	2	764
6537	3	12	50.000	  78.000	  77.000	  50.649	  41.000	  78.000	AttR1	R	2	49	1	721
6537	3	13	75.000	  48.773	  73.000	  44.027	  77.000	  41.805	Fill2	R	5	51	1	750
6537	3	14	95.000	  38.463	  80.000	  45.675	  58.000	  63.000	ComD1	R	3	51	3	724
6537	3	15	75.000	  46.413	  73.000	  41.795	  76.000	  40.408	Fill2	R	1	49	1	569
6537	3	16	96.000	  38.667	  80.000	  46.400	  58.000	  64.000	ComD1	R	6	49	3	684
6537	3	17	75.000	  46.413	  74.000	  40.311	  78.000	  38.641	Fill2	R	2	49	1	469
6537	3	18	51.000	  79.000	  81.000	  49.741	  81.000	  42.741	AttR2	R	5	49	2	621
6537	3	19	49.000	  80.000	  81.000	  48.395	  81.000	  40.395	AttR2	R	2	49	1	767
6537	3	20	48.000	  75.000	  60.000	  60.000	  64.286	  56.000	SimA2	R	1	51	3	705
6537	3	21	47.838	  74.000	  60.000	  59.000	  64.364	  55.000	SimA2	R	6	51	1	663
6537	3	22	73.000	  46.082	  70.000	  41.586	  76.000	  38.303	Fill2	R	4	50	1	966
6537	3	23	80.000	  46.400	  58.000	  64.000	  43.671	  85.000	ComD2	R	5	50	3	658
6537	3	24	49.000	  80.000	  81.000	  48.395	  40.000	  80.000	AttR1	R	2	49	1	985
6537	3	25	50.000	  82.000	  84.000	  48.810	  84.000	  40.810	AttR2	R	3	49	2	661
6537	3	26	48.649	  74.000	  60.000	  60.000	  63.158	  57.000	SimA2	R	5	49	2	549
6537	3	27	46.579	  76.000	  59.000	  60.000	  43.579	  81.232	SimA1	R	3	49	2	650
6537	3	28	77.000	  47.506	  74.000	  43.176	  78.000	  41.551	Fill2	R	5	51	1	810
6537	3	29	48.800	  75.000	  61.000	  60.000	  65.357	  56.000	SimA2	R	4	49	3	636
6537	3	30	49.000	  80.000	  82.000	  47.805	  42.000	  80.000	AttR1	R	2	49	1	755
6537	3	31	48.000	  75.000	  60.000	  60.000	  43.000	  83.721	SimA1	R	4	50	1	576
6537	3	32	59.000	  59.000	  56.000	  53.464	  61.000	  49.803	Fill3	R	4	50	1	564
6537	3	33	50.449	  69.000	  48.449	  61.652	  51.449	  57.979	Fill4	R	5	49	2	704
6537	3	34	50.110	  73.000	  48.110	  65.954	  52.110	  61.908	Fill4	R	3	51	3	758
6537	3	35	80.000	  45.600	  57.000	  64.000	  42.419	  86.000	ComD2	R	2	49	1	516
6537	3	36	49.613	  75.000	  61.000	  61.000	  65.281	  57.000	SimA2	R	5	51	1	849
6537	3	37	51.000	  82.000	  84.000	  49.786	  84.000	  40.786	AttR2	R	5	49	2	761
6537	3	38	58.000	  58.000	  55.000	  53.818	  60.000	  48.300	Fill3	R	4	50	1	839
6537	3	39	94.000	  38.915	  92.000	  35.293	  96.000	  33.385	Fill1	R	2	50	3	1254
6537	3	40	41.568	  88.000	  39.568	  79.660	  43.568	  72.438	Fill5	R	5	49	2	1759
6537	3	41	83.000	  46.120	  58.000	  66.000	  44.512	  86.000	ComD2	R	1	50	2	716
6537	3	42	81.000	  47.259	  58.000	  66.000	  45.035	  85.000	ComD2	R	4	49	3	1082
6537	3	43	91.000	  40.198	  88.000	  36.841	  94.000	  34.532	Fill1	R	3	50	1	658
6537	3	44	46.579	  76.000	  59.000	  60.000	  62.105	  57.000	SimA2	R	2	49	1	658
6537	3	45	91.000	  36.967	  90.000	  32.867	  93.000	  31.022	Fill1	R	4	50	1	633
6537	3	46	50.449	  69.000	  48.449	  61.570	  51.449	  59.748	Fill4	R	4	51	2	849
6537	3	47	62.000	  59.000	  59.000	  55.136	  63.000	  51.111	Fill3	R	3	50	1	577
6537	3	48	48.800	  75.000	  61.000	  60.000	  44.800	  81.696	SimA1	R	3	50	1	980
6537	3	49	80.000	  45.675	  58.000	  63.000	  42.488	  86.000	ComD2	R	1	49	1	999
6537	3	50	100.000	  39.530	  82.000	  48.207	  59.000	  67.000	ComD1	R	5	50	3	506
6537	3	51	51.000	  79.000	  81.000	  49.741	  44.000	  79.000	AttR1	R	3	50	1	478
6537	3	52	40.198	  91.000	  37.198	  84.199	  41.198	  76.096	Fill5	R	4	51	2	719
6537	3	53	50.000	  78.000	  77.000	  50.649	  77.000	  41.649	AttR2	R	2	51	2	771
6537	3	54	48.000	  75.000	  60.000	  60.000	  43.000	  83.721	SimA1	R	4	49	3	3085
6537	3	55	49.000	  78.000	  79.000	  48.380	  79.000	  40.380	AttR2	R	1	49	1	686
6537	3	56	77.000	  46.701	  75.000	  41.693	  80.000	  38.987	Fill2	R	3	50	1	782
6537	3	57	48.649	  74.000	  60.000	  60.000	  45.649	  78.863	SimA1	R	1	50	2	465
6537	3	58	94.000	  38.809	  79.000	  46.177	  57.000	  64.000	ComD1	R	5	50	3	473
6537	3	59	47.838	  74.000	  59.000	  60.000	  63.214	  56.000	SimA2	R	3	49	2	721
6537	3	60	40.404	  89.000	  38.404	  80.459	  41.404	  74.412	Fill5	R	2	50	3	726
6537	3	61	52.257	  70.000	  49.257	  64.965	  54.257	  59.826	Fill4	R	4	51	2	645
6537	3	62	98.000	  38.469	  82.000	  45.976	  58.000	  65.000	ComD1	R	1	50	2	420
6537	3	63	50.000	  77.000	  79.000	  48.734	  79.000	  40.734	AttR2	R	5	51	1	707
6537	3	64	48.000	  75.000	  60.000	  60.000	  63.158	  57.000	SimA2	R	5	51	1	581
6537	3	65	49.000	  80.000	  82.000	  47.805	  82.000	  38.805	AttR2	R	5	49	2	518
6537	3	66	95.000	  40.368	  81.000	  47.346	  59.000	  65.000	ComD1	R	5	50	3	540
6537	3	67	47.838	  74.000	  59.000	  60.000	  42.838	  82.637	SimA1	R	6	50	2	385
6537	3	68	50.000	  82.000	  84.000	  48.810	  43.000	  82.000	AttR1	R	3	50	1	676
6537	3	69	51.000	  79.000	  81.000	  49.741	  43.000	  79.000	AttR1	R	5	49	2	539
6537	3	70	82.000	  48.207	  59.000	  67.000	  45.965	  86.000	ComD2	R	5	50	3	521
6537	3	71	52.116	  69.000	  50.116	  62.834	  54.116	  58.874	Fill4	R	1	51	3	702
6537	3	72	49.000	  78.000	  79.000	  48.380	  42.000	  78.000	AttR1	R	5	49	2	476
6537	3	73	49.471	  68.000	  46.471	  63.309	  50.471	  57.836	Fill4	R	4	50	1	437
6537	3	74	62.000	  58.000	  61.000	  52.066	  64.000	  48.766	Fill3	R	5	49	2	628
6537	3	75	47.838	  74.000	  60.000	  59.000	  43.838	  80.752	SimA1	R	6	50	2	823
6537	3	76	49.613	  75.000	  61.000	  61.000	  65.281	  57.000	SimA2	R	4	50	1	778
6537	3	77	81.000	  47.346	  59.000	  65.000	  44.593	  86.000	ComD2	R	5	50	3	645
6537	3	78	49.613	  75.000	  61.000	  61.000	  45.613	  81.577	SimA1	R	3	49	2	732
6537	3	79	39.557	  88.000	  38.557	  76.044	  41.557	  70.674	Fill5	R	5	49	2	1384
6537	3	80	51.000	  82.000	  84.000	  49.786	  42.000	  82.000	AttR1	R	6	49	3	1244
6537	3	81	82.000	  45.976	  58.000	  65.000	  43.333	  87.000	ComD2	R	4	50	1	716
6537	3	82	79.000	  46.177	  57.000	  64.000	  43.429	  84.000	ComD2	R	2	49	1	417
6537	3	83	96.000	  38.000	  80.000	  45.600	  57.000	  64.000	ComD1	R	5	49	2	979
6537	3	84	95.000	  37.853	  93.000	  33.925	  97.000	  32.619	Fill1	R	3	49	2	534
6537	3	85	59.000	  62.000	  56.000	  57.482	  61.000	  52.164	Fill3	R	2	50	3	572
6537	3	86	50.000	  80.000	  79.000	  50.633	  43.000	  80.000	AttR1	R	4	49	3	767
6537	3	87	81.000	  47.346	  59.000	  65.000	  43.580	  88.000	ComD2	R	3	49	2	578
6537	3	88	50.000	  80.000	  79.000	  50.633	  79.000	  43.633	AttR2	R	1	50	2	612
6537	3	89	51.000	  79.000	  81.000	  49.741	  81.000	  41.741	AttR2	R	2	49	1	575
6537	3	90	49.613	  75.000	  61.000	  61.000	  44.613	  83.406	SimA1	R	2	49	1	601
6537	4	1	75.000	  48.800	  73.000	  43.740	  76.000	  41.632	Fill2	R	2	49	1	942
6537	4	2	97.000	  38.268	  80.000	  46.400	  58.000	  64.000	ComD1	R	5	49	2	655
6537	4	3	49.000	  80.000	  81.000	  48.395	  81.000	  39.395	AttR2	R	3	49	2	479
6537	4	4	80.000	  46.312	  57.000	  65.000	  43.588	  85.000	ComD2	R	3	51	3	711
6537	4	5	93.000	  38.065	  91.000	  34.242	  96.000	  31.958	Fill1	R	4	50	1	660
6537	4	6	81.000	  48.148	  60.000	  65.000	  43.820	  89.000	ComD2	R	1	49	1	1020
6537	4	7	95.000	  39.684	  80.000	  47.125	  58.000	  65.000	ComD1	R	4	50	1	630
6537	4	8	48.000	  81.000	  81.000	  48.000	  81.000	  39.000	AttR2	R	5	50	3	920
6537	4	9	47.838	  74.000	  60.000	  59.000	  65.556	  54.000	SimA2	R	3	49	2	910
6537	4	10	93.000	  40.667	  91.000	  36.725	  96.000	  34.562	Fill1	R	5	50	3	996
6537	4	11	47.685	  73.000	  59.000	  59.000	  62.161	  56.000	SimA2	R	2	49	1	1246
6537	4	12	49.000	  80.000	  81.000	  48.395	  42.000	  80.000	AttR1	R	6	50	2	1022
6537	4	13	52.000	  81.000	  81.000	  52.000	  81.000	  43.000	AttR2	R	4	50	1	586
6537	4	14	48.961	  76.000	  61.000	  61.000	  45.961	  80.961	SimA1	R	5	49	2	1228
6537	4	15	48.961	  76.000	  61.000	  61.000	  66.446	  56.000	SimA2	R	4	50	1	662
6537	4	16	61.000	  60.000	  60.000	  53.317	  64.000	  49.797	Fill3	R	2	49	1	670
6537	4	17	47.200	  75.000	  59.000	  60.000	  63.214	  56.000	SimA2	R	6	50	2	590
6537	4	18	50.833	  72.000	  48.833	  65.283	  52.833	  61.174	Fill4	R	3	50	1	545
6537	4	19	82.000	  45.183	  57.000	  65.000	  43.588	  85.000	ComD2	R	4	51	2	806
6537	4	20	50.000	  81.000	  80.000	  50.625	  42.000	  81.000	AttR1	R	5	49	2	601
6537	4	21	96.000	  40.625	  81.000	  48.148	  60.000	  65.000	ComD1	R	6	50	2	652
6537	4	22	96.000	  39.875	  82.000	  46.683	  58.000	  66.000	ComD1	R	4	49	3	596
6537	4	23	39.333	  90.000	  37.333	  80.116	  40.333	  74.826	Fill5	R	6	51	1	926
6537	4	24	51.000	  83.000	  82.000	  51.622	  82.000	  42.622	AttR2	R	2	49	1	613
6537	4	25	47.838	  74.000	  60.000	  59.000	  42.838	  82.637	SimA1	R	1	50	2	655
6537	4	26	51.000	  83.000	  82.000	  51.622	  43.000	  83.000	AttR1	R	4	50	1	583
6537	4	27	49.000	  80.000	  81.000	  48.395	  81.000	  40.395	AttR2	R	5	51	1	1649
6537	4	28	48.000	  82.000	  84.000	  46.857	  84.000	  38.857	AttR2	R	4	50	1	626
6537	4	29	82.000	  47.488	  59.000	  66.000	  44.759	  87.000	ComD2	R	1	50	2	1196
6537	4	30	46.740	  77.000	  59.000	  61.000	  64.268	  56.000	SimA2	R	4	50	1	582
6537	4	31	47.685	  73.000	  59.000	  59.000	  44.685	  77.901	SimA1	R	5	50	3	561
6537	4	32	39.557	  88.000	  38.557	  76.044	  41.557	  71.589	Fill5	R	3	50	1	598
6537	4	33	97.000	  38.866	  82.000	  45.976	  58.000	  65.000	ComD1	R	6	49	3	632
6537	4	34	90.000	  38.678	  87.000	  35.092	  91.000	  33.626	Fill1	R	4	50	1	673
6537	4	35	97.000	  40.144	  82.000	  47.488	  59.000	  66.000	ComD1	R	5	50	3	609
6537	4	36	73.000	  47.685	  72.000	  42.264	  74.000	  40.581	Fill2	R	3	50	1	548
6537	4	37	49.613	  75.000	  61.000	  61.000	  64.155	  58.000	SimA2	R	3	49	2	834
6537	4	38	51.000	  80.000	  78.000	  52.308	  42.000	  80.000	AttR1	R	5	50	3	1146
6537	4	39	96.000	  38.594	  80.000	  46.312	  57.000	  65.000	ComD1	R	4	49	3	814
6537	4	40	80.000	  46.400	  58.000	  64.000	  43.163	  86.000	ComD2	R	2	51	2	1225
6537	4	41	46.740	  77.000	  59.000	  61.000	  41.740	  86.224	SimA1	R	4	50	1	716
6537	4	42	96.000	  38.594	  82.000	  45.183	  57.000	  65.000	ComD1	R	2	50	3	1017
6537	4	43	82.000	  45.976	  58.000	  65.000	  43.333	  87.000	ComD2	R	1	50	2	1180
6537	4	44	50.833	  72.000	  47.833	  66.711	  51.833	  61.968	Fill4	R	5	51	1	1039
6537	4	45	40.220	  91.000	  37.220	  84.632	  41.220	  76.517	Fill5	R	3	50	1	663
6537	4	46	51.304	  69.000	  48.304	  65.005	  53.304	  57.631	Fill4	R	1	50	2	750
6537	4	47	46.413	  75.000	  59.000	  59.000	  41.413	  84.055	SimA1	R	6	49	3	1789
6537	4	48	76.000	  46.579	  75.000	  41.733	  78.000	  40.192	Fill2	R	2	49	1	871
6537	4	49	80.000	  45.600	  57.000	  64.000	  42.918	  85.000	ComD2	R	3	49	2	1942
6537	4	50	47.200	  75.000	  59.000	  60.000	  43.200	  81.944	SimA1	R	5	49	2	756
6537	4	51	48.158	  76.000	  60.000	  61.000	  44.158	  82.884	SimA1	R	3	49	2	746
6537	4	52	51.108	  74.000	  49.108	  68.848	  52.108	  64.232	Fill4	R	3	49	2	599
6537	4	53	50.000	  79.000	  80.000	  49.375	  43.000	  79.000	AttR1	R	2	49	1	569
6537	4	54	52.000	  81.000	  81.000	  52.000	  44.000	  81.000	AttR1	R	4	50	1	788
6537	4	55	48.158	  76.000	  60.000	  61.000	  63.103	  58.000	SimA2	R	4	50	1	574
6537	4	56	50.000	  79.000	  80.000	  49.375	  80.000	  41.375	AttR2	R	4	50	1	401
6537	4	57	76.000	  48.158	  74.000	  42.797	  79.000	  40.658	Fill2	R	3	50	1	701
6537	4	58	40.667	  93.000	  37.667	  86.310	  42.667	  76.430	Fill5	R	1	49	1	897
6537	4	59	61.000	  62.000	  60.000	  55.233	  64.000	  52.469	Fill3	R	5	50	3	721
6537	4	60	76.000	  49.763	  74.000	  45.257	  77.000	  43.208	Fill2	R	6	51	1	766
6537	4	61	49.000	  80.000	  80.000	  49.000	  41.000	  80.000	AttR1	R	6	50	2	529
6537	4	62	92.000	  39.783	  90.000	  35.644	  93.000	  34.817	Fill1	R	2	49	1	518
6537	4	63	49.729	  70.000	  47.729	  64.259	  51.729	  58.807	Fill4	R	1	49	1	637
6537	4	64	94.000	  38.809	  80.000	  45.600	  57.000	  64.000	ComD1	R	1	50	2	653
6537	4	65	46.413	  75.000	  59.000	  59.000	  64.463	  54.000	SimA2	R	2	50	3	556
6537	4	66	48.000	  82.000	  84.000	  46.857	  41.000	  82.000	AttR1	R	3	50	1	633
6537	4	67	39.783	  92.000	  36.783	  85.611	  40.783	  76.528	Fill5	R	5	50	3	481
6537	4	68	97.000	  38.196	  80.000	  46.312	  57.000	  65.000	ComD1	R	2	51	2	666
6537	4	69	48.595	  74.000	  62.000	  58.000	  66.593	  54.000	SimA2	R	4	50	1	586
6537	4	70	82.000	  46.683	  58.000	  66.000	  44.000	  87.000	ComD2	R	5	49	2	885
6537	4	71	80.000	  47.125	  58.000	  65.000	  43.837	  86.000	ComD2	R	3	50	1	612
6537	4	72	47.987	  75.000	  61.000	  59.000	  64.268	  56.000	SimA2	R	2	50	3	631
6537	4	73	60.000	  61.000	  59.000	  54.661	  61.000	  52.639	Fill3	R	4	50	1	1482
6537	4	74	48.000	  81.000	  81.000	  48.000	  41.000	  81.000	AttR1	R	2	49	1	970
6537	4	75	92.000	  39.783	  91.000	  35.736	  95.000	  33.453	Fill1	R	6	50	2	796
6537	4	76	50.000	  81.000	  80.000	  50.625	  80.000	  42.625	AttR2	R	2	49	1	1118
6537	4	77	60.000	  61.000	  58.000	  55.155	  61.000	  52.393	Fill3	R	4	50	1	972
6537	4	78	59.000	  59.000	  56.000	  54.089	  60.000	  50.433	Fill3	R	1	49	1	614
6537	4	79	91.000	  40.220	  88.000	  35.920	  92.000	  35.315	Fill1	R	1	49	1	648
6537	4	80	47.987	  75.000	  61.000	  59.000	  44.987	  80.001	SimA1	R	6	51	1	1576
6537	4	81	60.000	  59.000	  58.000	  53.362	  63.000	  49.429	Fill3	R	5	50	3	956
6537	4	82	76.000	  48.158	  73.000	  44.205	  77.000	  41.714	Fill2	R	4	50	1	625
6537	4	83	49.613	  75.000	  61.000	  61.000	  46.613	  79.827	SimA1	R	6	50	2	764
6537	4	84	48.595	  74.000	  62.000	  58.000	  45.595	  78.869	SimA1	R	2	49	1	1226
6537	4	85	40.667	  90.000	  39.667	  78.782	  42.667	  73.711	Fill5	R	1	49	1	629
6537	4	86	49.000	  80.000	  81.000	  48.395	  41.000	  80.000	AttR1	R	5	49	2	1471
6537	4	87	52.286	  70.000	  51.286	  61.869	  54.286	  59.887	Fill4	R	5	50	3	751
6537	4	88	49.000	  80.000	  80.000	  49.000	  80.000	  42.000	AttR2	R	4	50	1	597
6537	4	89	51.000	  80.000	  78.000	  52.308	  78.000	  43.308	AttR2	R	2	50	3	726
6537	4	90	80.000	  46.312	  57.000	  65.000	  44.107	  84.000	ComD2	R	3	50	1	524
6537	5	1	51.000	  81.000	  80.000	  51.638	  80.000	  44.638	AttR2	R	2	49	1	934
6537	5	2	62.000	  59.000	  61.000	  51.885	  64.000	  50.500	Fill3	R	6	51	1	1067
6537	5	3	77.000	  47.506	  75.000	  42.907	  80.000	  40.487	Fill2	R	5	50	3	867
6537	5	4	48.800	  75.000	  61.000	  60.000	  45.800	  79.913	SimA1	R	5	50	3	596
6537	5	5	46.877	  73.000	  58.000	  59.000	  41.877	  81.716	SimA1	R	1	50	2	678
6537	5	6	50.077	  78.000	  62.000	  63.000	  47.077	  82.971	SimA1	R	3	50	1	1302
6537	5	7	97.000	  40.144	  82.000	  47.488	  59.000	  66.000	ComD1	R	6	51	1	1412
6537	5	8	50.000	  81.000	  83.000	  48.795	  43.000	  81.000	AttR1	R	5	51	1	1149
6537	5	9	96.000	  39.188	  82.000	  45.878	  57.000	  66.000	ComD1	R	3	51	3	708
6537	5	10	91.000	  39.560	  88.000	  35.784	  94.000	  33.457	Fill1	R	5	51	1	993
6537	5	11	61.000	  59.000	  59.000	  52.644	  64.000	  48.797	Fill3	R	5	50	3	828
6537	5	12	76.000	  47.355	  74.000	  43.189	  78.000	  40.795	Fill2	R	1	49	1	846
6537	5	13	47.200	  75.000	  60.000	  59.000	  44.200	  80.090	SimA1	R	5	49	2	846
6537	5	14	99.000	  38.000	  83.000	  45.325	  57.000	  66.000	ComD1	R	5	50	3	510
6537	5	15	50.000	  78.000	  79.000	  49.367	  43.000	  78.000	AttR1	R	3	50	1	420
6537	5	16	49.028	  71.000	  46.028	  65.373	  50.028	  61.325	Fill4	R	1	49	1	1294
6537	5	17	80.000	  47.125	  58.000	  65.000	  43.333	  87.000	ComD2	R	6	50	2	1078
6537	5	18	94.000	  38.936	  91.000	  35.670	  97.000	  32.701	Fill1	R	4	50	1	799
6537	5	19	82.000	  47.488	  59.000	  66.000	  45.279	  86.000	ComD2	R	5	50	3	594
6537	5	20	81.000	  46.543	  58.000	  65.000	  44.353	  85.000	ComD2	R	2	50	3	644
6537	5	21	39.112	  89.000	  38.112	  77.088	  41.112	  72.338	Fill5	R	3	50	1	868
6537	5	22	83.000	  46.120	  58.000	  66.000	  44.512	  86.000	ComD2	R	5	49	2	748
6537	5	23	54.000	  82.000	  80.000	  55.350	  47.000	  82.000	AttR1	R	3	49	2	466
6537	5	24	40.449	  89.000	  37.449	  82.511	  42.449	  72.557	Fill5	R	5	50	3	530
6537	5	25	51.000	  81.000	  80.000	  51.638	  42.000	  81.000	AttR1	R	4	50	1	502
6537	5	26	47.838	  74.000	  60.000	  59.000	  64.364	  55.000	SimA2	R	3	49	2	901
6537	5	27	38.000	  90.000	  35.000	  82.571	  39.000	  74.718	Fill5	R	4	49	3	649
6537	5	28	46.877	  73.000	  58.000	  59.000	  61.107	  56.000	SimA2	R	6	49	3	552
6537	5	29	50.000	  80.000	  80.000	  50.000	  42.000	  80.000	AttR1	R	4	51	2	725
6537	5	30	59.000	  59.000	  57.000	  53.754	  61.000	  49.180	Fill3	R	6	51	1	604
6537	5	31	80.000	  46.400	  58.000	  64.000	  43.163	  86.000	ComD2	R	2	49	1	477
6537	5	32	57.000	  60.000	  55.000	  54.145	  60.000	  50.067	Fill3	R	4	49	3	662
6537	5	33	82.000	  45.878	  57.000	  66.000	  44.786	  84.000	ComD2	R	2	49	1	574
6537	5	34	40.667	  90.000	  38.667	  80.534	  41.667	  75.816	Fill5	R	4	50	1	601
6537	5	35	98.000	  38.469	  80.000	  47.125	  58.000	  65.000	ComD1	R	3	51	3	956
6537	5	36	51.000	  82.000	  82.000	  51.000	  42.000	  82.000	AttR1	R	2	51	2	802
6537	5	37	50.000	  78.000	  79.000	  49.367	  79.000	  41.367	AttR2	R	2	49	1	493
6537	5	38	97.000	  40.144	  81.000	  48.074	  59.000	  66.000	ComD1	R	2	50	3	661
6537	5	39	91.000	  38.253	  88.000	  34.432	  92.000	  32.804	Fill1	R	2	51	2	772
6537	5	40	46.413	  75.000	  59.000	  59.000	  62.161	  56.000	SimA2	R	1	49	1	614
6537	5	41	60.000	  60.000	  59.000	  53.220	  61.000	  51.934	Fill3	R	5	49	2	553
6537	5	42	48.158	  76.000	  61.000	  60.000	  64.211	  57.000	SimA2	R	2	49	1	694
6537	5	43	50.110	  73.000	  62.000	  59.000	  46.110	  79.333	SimA1	R	2	51	2	550
6537	5	44	50.110	  73.000	  62.000	  59.000	  65.321	  56.000	SimA2	R	2	51	2	716
6537	5	45	97.000	  38.196	  82.000	  45.183	  57.000	  65.000	ComD1	R	1	51	3	650
6537	5	46	54.000	  82.000	  80.000	  55.350	  80.000	  46.350	AttR2	R	2	49	1	529
6537	5	47	51.000	  79.000	  80.000	  50.362	  42.000	  79.000	AttR1	R	4	49	3	598
6537	5	48	81.000	  48.074	  59.000	  66.000	  45.279	  86.000	ComD2	R	2	51	2	1201
6537	5	49	80.000	  45.600	  57.000	  64.000	  42.419	  86.000	ComD2	R	5	50	3	693
6537	5	50	48.169	  71.000	  47.169	  62.520	  49.169	  59.651	Fill4	R	5	49	2	637
6537	5	51	51.000	  82.000	  82.000	  51.000	  82.000	  42.000	AttR2	R	4	50	1	549
6537	5	52	76.000	  48.158	  73.000	  44.178	  79.000	  41.076	Fill2	R	4	51	2	930
6537	5	53	49.000	  80.000	  79.000	  49.620	  79.000	  42.620	AttR2	R	5	49	2	710
6537	5	54	75.000	  48.000	  74.000	  43.189	  76.000	  41.303	Fill2	R	4	50	1	708
6537	5	55	93.000	  39.333	  91.000	  34.879	  95.000	  34.168	Fill1	R	4	50	1	1073
6537	5	56	50.000	  82.000	  84.000	  48.810	  84.000	  39.810	AttR2	R	2	49	1	593
6537	5	57	48.800	  75.000	  61.000	  60.000	  66.545	  55.000	SimA2	R	5	50	3	1196
6537	5	58	50.000	  79.000	  80.000	  49.375	  80.000	  40.375	AttR2	R	2	49	1	630
6537	5	59	50.000	  80.000	  80.000	  50.000	  80.000	  41.000	AttR2	R	2	49	1	625
6537	5	60	61.000	  60.000	  58.000	  55.483	  64.000	  49.875	Fill3	R	4	50	1	620
6537	5	61	51.000	  79.000	  80.000	  50.362	  80.000	  41.362	AttR2	R	4	50	1	1094
6537	5	62	48.800	  75.000	  60.000	  61.000	  63.103	  58.000	SimA2	R	2	50	3	822
6537	5	63	92.000	  39.120	  89.000	  35.787	  95.000	  32.758	Fill1	R	1	50	2	897
6537	5	64	47.532	  77.000	  60.000	  61.000	  63.103	  58.000	SimA2	R	2	50	3	577
6537	5	65	50.000	  82.000	  84.000	  48.810	  41.000	  82.000	AttR1	R	5	51	1	748
6537	5	66	50.000	  72.000	  48.000	  65.875	  51.000	  60.863	Fill4	R	3	51	3	625
6537	5	67	47.532	  77.000	  60.000	  61.000	  44.532	  82.187	SimA1	R	3	50	1	572
6537	5	68	74.000	  47.041	  73.000	  42.205	  76.000	  40.224	Fill2	R	4	50	1	766
6537	5	69	47.200	  75.000	  60.000	  59.000	  65.556	  54.000	SimA2	R	5	49	2	969
6537	5	70	48.800	  75.000	  60.000	  61.000	  43.800	  83.562	SimA1	R	2	51	2	653
6537	5	71	50.833	  72.000	  47.833	  67.296	  51.833	  61.621	Fill4	R	2	49	1	556
6537	5	72	46.413	  75.000	  59.000	  59.000	  42.413	  82.073	SimA1	R	5	49	2	513
6537	5	73	47.838	  74.000	  60.000	  59.000	  43.838	  80.752	SimA1	R	6	50	2	479
6537	5	74	50.077	  78.000	  62.000	  63.000	  67.345	  58.000	SimA2	R	5	50	3	471
6537	5	75	50.000	  79.000	  80.000	  49.375	  41.000	  79.000	AttR1	R	5	49	2	734
6537	5	76	99.000	  38.667	  83.000	  46.120	  58.000	  66.000	ComD1	R	4	49	3	812
6537	5	77	71.000	  48.169	  70.000	  42.700	  74.000	  39.554	Fill2	R	5	51	1	695
6537	5	78	52.159	  69.000	  50.159	  63.637	  54.159	  58.863	Fill4	R	5	51	1	886
6537	5	79	96.000	  39.271	  81.000	  46.543	  58.000	  65.000	ComD1	R	2	50	3	729
6537	5	80	96.000	  38.667	  80.000	  46.400	  58.000	  64.000	ComD1	R	4	49	3	716
6537	5	81	83.000	  45.325	  57.000	  66.000	  44.786	  84.000	ComD2	R	6	51	1	616
6537	5	82	41.568	  88.000	  40.568	  77.401	  43.568	  71.750	Fill5	R	4	49	3	1355
6537	5	83	82.000	  45.183	  57.000	  65.000	  44.107	  84.000	ComD2	R	2	49	1	489
6537	5	84	53.014	  69.000	  52.014	  61.906	  55.014	  58.366	Fill4	R	1	49	1	713
6537	5	85	50.000	  81.000	  83.000	  48.795	  83.000	  40.795	AttR2	R	4	51	2	614
6537	5	86	88.000	  38.864	  86.000	  34.512	  90.000	  33.178	Fill1	R	3	50	1	722
6537	5	87	48.158	  76.000	  61.000	  60.000	  45.158	  81.049	SimA1	R	4	51	2	663
6537	5	88	49.000	  80.000	  79.000	  49.620	  42.000	  80.000	AttR1	R	3	51	3	734
6537	5	89	97.000	  37.608	  80.000	  45.600	  57.000	  64.000	ComD1	R	5	50	3	612
6537	5	90	40.438	  89.000	  38.438	  80.155	  42.438	  72.105	Fill5	R	3	50	1	527
6537	6	1	48.961	  76.000	  61.000	  61.000	  66.446	  56.000	SimA2	R	5	49	2	1845
6537	6	2	75.000	  47.173	  73.000	  42.397	  76.000	  40.513	Fill2	R	5	49	2	745
6537	6	3	50.000	  80.000	  82.000	  48.780	  41.000	  80.000	AttR1	R	1	49	1	1087
6537	6	4	82.000	  45.183	  57.000	  65.000	  43.081	  86.000	ComD2	R	3	50	1	903
6537	6	5	100.000	  38.860	  84.000	  46.262	  58.000	  67.000	ComD1	R	2	50	3	581
6537	6	6	40.000	  90.000	  38.000	  81.263	  42.000	  73.357	Fill5	R	5	50	3	942
6537	6	7	49.000	  81.000	  79.000	  50.241	  79.000	  41.241	AttR2	R	3	50	1	565
6537	6	8	50.000	  82.000	  82.000	  50.000	  82.000	  42.000	AttR2	R	6	51	1	745
6537	6	9	47.368	  76.000	  60.000	  60.000	  42.368	  84.969	SimA1	R	6	49	3	542
6537	6	10	49.000	  80.000	  78.000	  50.256	  78.000	  41.256	AttR2	R	2	49	1	644
6537	6	11	49.000	  81.000	  79.000	  50.241	  79.000	  43.241	AttR2	R	5	51	1	756
6537	6	12	91.000	  38.901	  89.000	  35.112	  92.000	  33.489	Fill1	R	4	51	2	1074
6537	6	13	41.109	  92.000	  38.109	  85.335	  43.109	  75.832	Fill5	R	2	49	1	521
6537	6	14	52.029	  68.000	  50.029	  62.543	  54.029	  57.302	Fill4	R	1	49	1	1078
6537	6	15	48.649	  74.000	  60.000	  60.000	  64.286	  56.000	SimA2	R	5	50	3	958
6537	6	16	97.000	  38.196	  82.000	  45.183	  57.000	  65.000	ComD1	R	3	51	3	756
6537	6	17	48.649	  74.000	  60.000	  60.000	  43.649	  82.477	SimA1	R	2	51	2	697
6537	6	18	48.000	  79.000	  79.000	  48.000	  40.000	  79.000	AttR1	R	5	49	2	505
6537	6	19	84.000	  46.262	  58.000	  67.000	  45.186	  86.000	ComD2	R	5	49	2	526
6537	6	20	82.000	  46.768	  59.000	  65.000	  44.593	  86.000	ComD2	R	6	50	2	717
6537	6	21	76.000	  48.158	  75.000	  43.413	  78.000	  40.654	Fill2	R	3	51	3	762
6537	6	22	50.000	  82.000	  82.000	  50.000	  43.000	  82.000	AttR1	R	5	49	2	574
6537	6	23	91.000	  40.220	  89.000	  36.618	  93.000	  34.054	Fill1	R	5	50	3	577
6537	6	24	83.000	  46.819	  58.000	  67.000	  45.186	  86.000	ComD2	R	1	50	2	612
6537	6	25	46.740	  77.000	  59.000	  61.000	  64.268	  56.000	SimA2	R	2	49	1	1062
6537	6	26	47.368	  76.000	  60.000	  60.000	  43.368	  83.010	SimA1	R	4	51	2	743
6537	6	27	49.000	  80.000	  81.000	  48.395	  42.000	  80.000	AttR1	R	4	51	2	677
6537	6	28	96.000	  39.271	  82.000	  45.976	  58.000	  65.000	ComD1	R	2	50	3	597
6537	6	29	95.000	  39.000	  81.000	  45.741	  57.000	  65.000	ComD1	R	6	49	3	623
6537	6	30	47.368	  76.000	  60.000	  60.000	  63.158	  57.000	SimA2	R	5	50	3	562
6537	6	31	48.000	  75.000	  60.000	  60.000	  43.000	  83.721	SimA1	R	3	49	2	687
6537	6	32	39.783	  92.000	  38.783	  80.577	  40.783	  76.650	Fill5	R	2	51	2	775
6537	6	33	73.000	  48.493	  72.000	  42.306	  75.000	  41.707	Fill2	R	4	50	1	1489
6537	6	34	47.838	  74.000	  59.000	  60.000	  44.838	  78.951	SimA1	R	3	51	3	745
6537	6	35	97.000	  39.536	  80.000	  47.938	  59.000	  65.000	ComD1	R	4	49	3	581
6537	6	36	50.000	  82.000	  84.000	  48.810	  43.000	  82.000	AttR1	R	5	51	1	673
6537	6	37	48.000	  79.000	  79.000	  48.000	  79.000	  41.000	AttR2	R	1	49	1	561
6537	6	38	81.000	  45.741	  57.000	  65.000	  43.081	  86.000	ComD2	R	2	51	2	750
6537	6	39	46.740	  77.000	  59.000	  61.000	  43.740	  82.281	SimA1	R	6	50	2	508
6537	6	40	96.000	  39.948	  82.000	  46.768	  59.000	  65.000	ComD1	R	6	49	3	666
6537	6	41	91.000	  39.560	  89.000	  34.865	  93.000	  33.409	Fill1	R	2	49	1	626
6537	6	42	50.571	  70.000	  47.571	  64.345	  51.571	  59.413	Fill4	R	3	50	1	653
6537	6	43	96.000	  39.948	  80.000	  47.938	  59.000	  65.000	ComD1	R	2	50	3	557
6537	6	44	60.000	  61.000	  59.000	  53.729	  62.000	  51.032	Fill3	R	5	51	1	745
6537	6	45	61.000	  58.000	  58.000	  52.569	  64.000	  48.266	Fill3	R	4	51	2	686
6537	6	46	48.961	  76.000	  61.000	  61.000	  45.961	  80.961	SimA1	R	5	49	2	566
6537	6	47	39.333	  90.000	  38.333	  78.496	  40.333	  75.099	Fill5	R	1	51	3	1097
6537	6	48	50.000	  80.000	  82.000	  48.780	  82.000	  39.780	AttR2	R	2	49	1	554
6537	6	49	51.000	  79.000	  79.000	  51.000	  43.000	  79.000	AttR1	R	2	49	1	599
6537	6	50	50.833	  72.000	  48.833	  66.307	  51.833	  62.605	Fill4	R	5	51	1	666
6537	6	51	92.000	  38.457	  90.000	  33.822	  95.000	  33.000	Fill1	R	3	50	1	730
6537	6	52	39.775	  89.000	  37.775	  79.655	  41.775	  72.579	Fill5	R	6	49	3	623
6537	6	53	91.000	  38.901	  88.000	  34.659	  92.000	  33.804	Fill1	R	1	49	1	649
6537	6	54	97.000	  39.536	  82.000	  46.768	  59.000	  65.000	ComD1	R	2	50	3	562
6537	6	55	80.000	  47.938	  59.000	  65.000	  44.593	  86.000	ComD2	R	3	51	3	678
6537	6	56	98.000	  38.388	  81.000	  46.444	  57.000	  66.000	ComD1	R	6	50	2	759
6537	6	57	50.000	  72.000	  48.000	  65.083	  51.000	  61.843	Fill4	R	3	50	1	1667
6537	6	58	75.000	  47.200	  74.000	  41.743	  78.000	  40.231	Fill2	R	2	50	3	3916
6537	6	59	48.635	  74.000	  61.000	  59.000	  66.648	  54.000	SimA2	R	6	51	1	3145
6537	6	60	80.000	  47.938	  59.000	  65.000	  43.580	  88.000	ComD2	R	5	50	3	734
6537	6	61	50.000	  82.000	  84.000	  48.810	  84.000	  40.810	AttR2	R	2	50	3	500
6537	6	62	76.000	  49.763	  75.000	  43.907	  78.000	  43.141	Fill2	R	1	49	1	529
6537	6	63	48.000	  75.000	  60.000	  60.000	  63.158	  57.000	SimA2	R	3	49	2	678
6537	6	64	81.000	  46.444	  57.000	  66.000	  43.744	  86.000	ComD2	R	4	49	3	790
6537	6	65	49.000	  80.000	  81.000	  48.395	  81.000	  39.395	AttR2	R	3	50	1	642
6537	6	66	47.671	  73.000	  60.000	  58.000	  63.273	  55.000	SimA2	R	5	50	3	554
6537	6	67	48.158	  76.000	  61.000	  60.000	  45.158	  81.049	SimA1	R	4	50	1	646
6537	6	68	49.000	  81.000	  79.000	  50.241	  40.000	  81.000	AttR1	R	3	50	1	806
6537	6	69	60.000	  60.000	  58.000	  55.052	  61.000	  51.951	Fill3	R	5	50	3	1401
6537	6	70	47.671	  73.000	  60.000	  58.000	  44.671	  77.902	SimA1	R	1	50	2	3244
6537	6	71	82.000	  45.976	  58.000	  65.000	  43.837	  86.000	ComD2	R	1	50	2	13836
6537	6	72	52.000	  79.000	  78.000	  52.667	  78.000	  43.667	AttR2	R	4	50	1	508
6537	6	73	47.368	  76.000	  60.000	  60.000	  64.286	  56.000	SimA2	R	4	50	1	561
6537	6	74	49.000	  81.000	  79.000	  50.241	  41.000	  81.000	AttR1	R	3	50	1	494
6537	6	75	40.205	  88.000	  38.205	  78.839	  42.205	  71.082	Fill5	R	5	51	1	519
6537	6	76	52.528	  72.000	  51.528	  63.771	  54.528	  60.868	Fill4	R	5	50	3	597
6537	6	77	76.000	  47.368	  73.000	  42.616	  79.000	  40.405	Fill2	R	5	50	3	878
6537	6	78	51.000	  79.000	  79.000	  51.000	  79.000	  42.000	AttR2	R	4	50	1	623
6537	6	79	59.000	  60.000	  58.000	  53.810	  60.000	  51.067	Fill3	R	3	50	1	457
6537	6	80	82.000	  46.768	  59.000	  65.000	  44.593	  86.000	ComD2	R	2	50	3	729
6537	6	81	48.158	  76.000	  61.000	  60.000	  65.357	  56.000	SimA2	R	4	49	3	966
6537	6	82	52.000	  79.000	  78.000	  52.667	  45.000	  79.000	AttR1	R	4	50	1	1025
6537	6	83	99.000	  39.253	  83.000	  46.819	  58.000	  67.000	ComD1	R	6	49	3	1229
6537	6	84	50.571	  70.000	  47.571	  64.724	  52.571	  58.054	Fill4	R	3	50	1	575
6537	6	85	48.635	  74.000	  61.000	  59.000	  43.635	  82.479	SimA1	R	5	49	2	554
6537	6	86	95.000	  39.811	  94.000	  35.894	  98.000	  33.837	Fill1	R	5	49	2	671
6537	6	87	59.000	  60.000	  56.000	  54.893	  60.000	  51.300	Fill3	R	1	49	1	590
6537	6	88	49.000	  80.000	  78.000	  50.256	  42.000	  80.000	AttR1	R	6	50	2	425
6537	6	89	47.838	  74.000	  59.000	  60.000	  63.214	  56.000	SimA2	R	2	51	2	836
6537	6	90	62.000	  61.000	  60.000	  56.067	  64.000	  52.609	Fill3	R	5	49	2	421
6537	7	1	95.000	  41.737	  82.000	  48.354	  61.000	  65.000	ComD1	R	2	50	3	1549
6537	7	2	47.838	  74.000	  60.000	  59.000	  64.364	  55.000	SimA2	R	5	50	3	532
6537	7	3	48.800	  75.000	  61.000	  60.000	  65.357	  56.000	SimA2	R	4	49	3	561
6537	7	4	74.000	  47.838	  71.000	  44.211	  76.000	  40.789	Fill2	R	4	50	1	390
6537	7	5	51.304	  69.000	  49.304	  63.179	  52.304	  58.714	Fill4	R	3	50	1	401
6537	7	6	41.532	  94.000	  39.532	  85.501	  42.532	  78.999	Fill5	R	2	50	3	572
6537	7	7	60.000	  60.000	  59.000	  52.814	  61.000	  52.115	Fill3	R	2	49	1	590
6537	7	8	97.000	  38.268	  80.000	  46.400	  58.000	  64.000	ComD1	R	1	50	2	425
6537	7	9	81.000	  47.259	  58.000	  66.000	  44.512	  86.000	ComD2	R	4	50	1	468
6537	7	10	47.200	  75.000	  60.000	  59.000	  65.556	  54.000	SimA2	R	2	50	3	564
6537	7	11	81.000	  46.543	  58.000	  65.000	  44.353	  85.000	ComD2	R	3	50	1	633
6537	7	12	51.000	  82.000	  83.000	  50.386	  43.000	  82.000	AttR1	R	2	49	1	641
6537	7	13	50.000	  72.000	  49.000	  65.020	  51.000	  61.725	Fill4	R	4	50	1	465
6537	7	14	48.000	  75.000	  60.000	  60.000	  44.000	  81.818	SimA1	R	2	51	2	658
6537	7	15	50.000	  81.000	  83.000	  48.795	  83.000	  41.795	AttR2	R	3	50	1	529
6537	7	16	92.000	  39.130	  91.000	  34.253	  95.000	  32.811	Fill1	R	3	50	1	519
6537	7	17	48.000	  75.000	  60.000	  60.000	  64.286	  56.000	SimA2	R	3	50	1	613
6537	7	18	94.000	  41.532	  93.000	  36.903	  95.000	  36.305	Fill1	R	3	50	1	550
6537	7	19	48.800	  75.000	  60.000	  61.000	  65.357	  56.000	SimA2	R	6	50	2	493
6537	7	20	41.109	  92.000	  40.109	  80.955	  42.109	  77.442	Fill5	R	1	49	1	645
6537	7	21	76.000	  51.368	  74.000	  46.919	  77.000	  44.403	Fill2	R	5	50	3	493
6537	7	22	60.000	  61.000	  58.000	  55.793	  63.000	  51.238	Fill3	R	5	49	2	797
6537	7	23	49.000	  80.000	  82.000	  47.805	  82.000	  39.805	AttR2	R	3	50	1	615
6537	7	24	61.000	  64.000	  59.000	  57.831	  64.000	  53.922	Fill3	R	4	50	1	737
6537	7	25	46.068	  73.000	  59.000	  57.000	  62.278	  54.000	SimA2	R	4	50	1	551
6537	7	26	61.000	  63.000	  59.000	  58.051	  63.000	  54.286	Fill3	R	1	49	1	596
6537	7	27	45.789	  76.000	  58.000	  60.000	  62.143	  56.000	SimA2	R	6	50	2	438
6537	7	28	74.000	  48.649	  73.000	  43.630	  75.000	  41.947	Fill2	R	3	50	1	573
6537	7	29	49.613	  75.000	  61.000	  61.000	  65.281	  57.000	SimA2	R	3	49	2	873
6537	7	30	91.000	  38.901	  89.000	  34.944	  93.000	  33.699	Fill1	R	3	50	1	641
6537	7	31	76.000	  49.763	  75.000	  44.573	  77.000	  42.675	Fill2	R	3	50	1	602
6537	7	32	51.000	  80.000	  80.000	  51.000	  80.000	  44.000	AttR2	R	5	51	1	732
6537	7	33	51.000	  82.000	  80.000	  52.275	  43.000	  82.000	AttR1	R	5	49	2	666
6537	7	34	98.000	  38.469	  81.000	  46.543	  58.000	  65.000	ComD1	R	3	51	3	634
6537	7	35	81.000	  45.827	  58.000	  64.000	  42.667	  87.000	ComD2	R	4	50	1	490
6537	7	36	46.068	  73.000	  59.000	  57.000	  43.068	  78.085	SimA1	R	2	50	3	602
6537	7	37	49.000	  83.000	  85.000	  47.847	  85.000	  40.847	AttR2	R	4	50	1	564
6537	7	38	97.000	  37.526	  81.000	  44.938	  56.000	  65.000	ComD1	R	5	50	3	442
6537	7	39	47.200	  75.000	  60.000	  59.000	  43.200	  81.944	SimA1	R	1	50	2	537
6537	7	40	48.000	  75.000	  60.000	  60.000	  65.455	  55.000	SimA2	R	5	50	3	542
6537	7	41	94.000	  38.809	  80.000	  45.600	  57.000	  64.000	ComD1	R	5	50	3	812
6537	7	42	80.000	  46.400	  58.000	  64.000	  43.163	  86.000	ComD2	R	2	49	1	1047
6537	7	43	51.000	  82.000	  83.000	  50.386	  83.000	  41.386	AttR2	R	4	50	1	454
6537	7	44	93.000	  41.323	  90.000	  38.033	  95.000	  35.558	Fill1	R	6	50	2	631
6537	7	45	80.000	  45.600	  57.000	  64.000	  43.429	  84.000	ComD2	R	4	50	1	577
6537	7	46	51.108	  74.000	  48.108	  68.263	  52.108	  64.424	Fill4	R	4	50	1	556
6537	7	47	51.932	  74.000	  49.932	  68.853	  53.932	  63.802	Fill4	R	5	50	3	434
6537	7	48	40.000	  90.000	  38.000	  80.658	  42.000	  73.357	Fill5	R	6	51	1	874
6537	7	49	81.000	  44.938	  56.000	  65.000	  43.333	  84.000	ComD2	R	3	50	1	658
6537	7	50	47.200	  75.000	  59.000	  60.000	  63.214	  56.000	SimA2	R	4	49	3	906
6537	7	51	47.200	  75.000	  59.000	  60.000	  42.200	  83.886	SimA1	R	5	50	3	727
6537	7	52	49.000	  83.000	  85.000	  47.847	  41.000	  83.000	AttR1	R	1	50	2	524
6537	7	53	52.000	  80.000	  78.000	  53.333	  78.000	  45.333	AttR2	R	6	50	2	489
6537	7	54	51.000	  80.000	  81.000	  50.370	  42.000	  80.000	AttR1	R	4	50	1	1001
6537	7	55	48.000	  75.000	  60.000	  60.000	  43.000	  83.721	SimA1	R	4	50	1	540
6537	7	56	39.333	  90.000	  37.333	  80.464	  40.333	  74.802	Fill5	R	3	50	1	433
6537	7	57	49.613	  75.000	  61.000	  61.000	  45.613	  81.577	SimA1	R	1	50	2	593
6537	7	58	51.000	  80.000	  81.000	  50.370	  81.000	  42.370	AttR2	R	2	50	3	500
6537	7	59	74.000	  49.459	  72.000	  45.139	  75.000	  43.373	Fill2	R	2	50	3	593
6537	7	60	80.000	  46.400	  58.000	  64.000	  42.667	  87.000	ComD2	R	5	50	3	468
6537	7	61	82.000	  47.488	  59.000	  66.000	  44.250	  88.000	ComD2	R	4	50	1	596
6537	7	62	60.000	  59.000	  57.000	  54.491	  61.000	  50.967	Fill3	R	3	50	1	406
6537	7	63	52.000	  80.000	  78.000	  53.333	  45.000	  80.000	AttR1	R	3	50	1	306
6537	7	64	96.000	  38.667	  80.000	  46.400	  58.000	  64.000	ComD1	R	5	50	3	455
6537	7	65	52.000	  83.000	  83.000	  52.000	  83.000	  44.000	AttR2	R	4	50	1	447
6537	7	66	47.000	  82.000	  82.000	  47.000	  82.000	  40.000	AttR2	R	1	49	1	679
6537	7	67	47.838	  74.000	  60.000	  59.000	  42.838	  82.637	SimA1	R	2	50	3	390
6537	7	68	45.789	  76.000	  58.000	  60.000	  40.789	  85.316	SimA1	R	5	50	3	313
6537	7	69	48.800	  75.000	  61.000	  60.000	  45.800	  79.913	SimA1	R	6	50	2	487
6537	7	70	92.000	  41.109	  90.000	  37.200	  94.000	  35.840	Fill1	R	3	50	1	807
6537	7	71	77.000	  49.909	  74.000	  46.054	  78.000	  43.449	Fill2	R	5	50	3	442
6537	7	72	82.000	  48.354	  61.000	  65.000	  44.551	  89.000	ComD2	R	1	49	1	970
6537	7	73	48.800	  75.000	  60.000	  61.000	  44.800	  81.696	SimA1	R	3	50	1	549
6537	7	74	49.000	  80.000	  82.000	  47.805	  40.000	  80.000	AttR1	R	3	50	1	745
6537	7	75	97.000	  40.144	  82.000	  47.488	  59.000	  66.000	ComD1	R	2	50	3	671
6537	7	76	95.000	  39.074	  81.000	  45.827	  58.000	  64.000	ComD1	R	5	50	3	511
6537	7	77	82.000	  45.976	  58.000	  65.000	  43.333	  87.000	ComD2	R	4	50	1	508
6537	7	78	50.137	  73.000	  49.137	  64.982	  51.137	  63.398	Fill4	R	6	50	2	786
6537	7	79	92.000	  39.783	  90.000	  35.178	  95.000	  33.326	Fill1	R	3	50	1	557
6537	7	80	47.000	  82.000	  82.000	  47.000	  40.000	  82.000	AttR1	R	2	49	1	729
6537	7	81	51.000	  82.000	  80.000	  52.275	  80.000	  45.275	AttR2	R	3	50	1	687
6537	7	82	61.000	  62.000	  60.000	  55.317	  64.000	  52.484	Fill3	R	6	50	2	901
6537	7	83	50.000	  81.000	  83.000	  48.795	  43.000	  81.000	AttR1	R	1	50	2	651
6537	7	84	41.772	  92.000	  38.772	  85.836	  43.772	  75.757	Fill5	R	4	50	1	732
6537	7	85	99.000	  38.667	  81.000	  47.259	  58.000	  66.000	ComD1	R	3	49	2	745
6537	7	86	95.000	  39.684	  82.000	  45.976	  58.000	  65.000	ComD1	R	2	50	3	550
6537	7	87	51.000	  80.000	  80.000	  51.000	  42.000	  80.000	AttR1	R	5	49	2	796
6537	7	88	52.000	  83.000	  83.000	  52.000	  45.000	  83.000	AttR1	R	4	50	1	487
6537	7	89	52.757	  74.000	  50.757	  68.720	  54.757	  63.335	Fill4	R	6	50	2	534
6537	7	90	39.783	  92.000	  38.783	  80.964	  41.783	  75.582	Fill5	R	6	50	2	604
6537	8	1	46.579	  76.000	  59.000	  60.000	  42.579	  83.140	SimA1	R	3	50	1	846
6537	8	2	92.000	  38.478	  91.000	  34.451	  95.000	  32.232	Fill1	R	1	50	2	654
6537	8	3	41.560	  91.000	  39.560	  82.962	  42.560	  76.409	Fill5	R	1	49	1	540
6537	8	4	48.857	  70.000	  47.857	  62.373	  50.857	  58.084	Fill4	R	3	50	1	529
6537	8	5	98.000	  38.469	  82.000	  45.976	  58.000	  65.000	ComD1	R	5	50	3	471
6537	8	6	52.000	  81.000	  80.000	  52.650	  45.000	  81.000	AttR1	R	3	50	1	591
6537	8	7	49.763	  76.000	  62.000	  61.000	  66.351	  57.000	SimA2	R	2	50	3	609
6537	8	8	50.000	  82.000	  80.000	  51.250	  80.000	  43.250	AttR2	R	4	50	1	645
6537	8	9	59.000	  60.000	  56.000	  55.161	  62.000	  49.806	Fill3	R	2	49	1	701
6537	8	10	50.000	  80.000	  82.000	  48.780	  42.000	  80.000	AttR1	R	3	50	1	561
6537	8	11	48.773	  75.000	  62.000	  59.000	  45.773	  79.916	SimA1	R	5	50	3	558
6537	8	12	50.000	  80.000	  81.000	  49.383	  81.000	  41.383	AttR2	R	4	50	1	388
6537	8	13	81.000	  46.543	  58.000	  65.000	  44.353	  85.000	ComD2	R	2	50	3	518
6537	8	14	73.000	  48.493	  71.000	  43.817	  74.000	  41.568	Fill2	R	3	50	1	468
6537	8	15	50.000	  80.000	  82.000	  48.780	  82.000	  40.780	AttR2	R	3	50	1	460
6537	8	16	52.116	  69.000	  51.116	  60.901	  53.116	  59.624	Fill4	R	5	51	1	604
6537	8	17	94.000	  39.489	  81.000	  45.827	  58.000	  64.000	ComD1	R	5	49	2	814
6537	8	18	47.685	  73.000	  59.000	  59.000	  64.463	  54.000	SimA2	R	4	49	3	665
6537	8	19	95.000	  39.811	  94.000	  35.585	  96.000	  34.656	Fill1	R	2	49	1	785
6537	8	20	47.027	  74.000	  60.000	  58.000	  63.273	  55.000	SimA2	R	6	51	1	812
6537	8	21	83.000	  47.627	  59.000	  67.000	  44.920	  88.000	ComD2	R	2	50	3	486
6537	8	22	76.000	  49.763	  74.000	  45.419	  77.000	  43.000	Fill2	R	2	50	3	718
6537	8	23	53.000	  78.000	  79.000	  52.329	  79.000	  45.329	AttR2	R	3	50	1	549
6537	8	24	47.027	  74.000	  60.000	  58.000	  43.027	  80.879	SimA1	R	3	50	1	681
6537	8	25	62.000	  61.000	  59.000	  57.017	  63.000	  53.000	Fill3	R	2	50	3	457
6537	8	26	96.000	  39.188	  81.000	  46.444	  57.000	  66.000	ComD1	R	5	50	3	554
6537	8	27	48.000	  82.000	  81.000	  48.593	  39.000	  82.000	AttR1	R	3	49	2	743
6537	8	28	47.000	  79.000	  79.000	  47.000	  79.000	  38.000	AttR2	R	6	50	2	492
6537	8	29	53.268	  71.000	  52.268	  63.060	  54.268	  61.510	Fill4	R	3	50	1	444
6537	8	30	47.692	  78.000	  60.000	  62.000	  65.263	  57.000	SimA2	R	6	51	1	796
6537	8	31	60.000	  61.000	  59.000	  54.034	  61.000	  53.016	Fill3	R	6	49	3	711
6537	8	32	40.864	  88.000	  39.864	  76.436	  41.864	  73.620	Fill5	R	6	51	1	765
6537	8	33	92.000	  39.783	  91.000	  35.044	  93.000	  35.011	Fill1	R	3	50	1	617
6537	8	34	95.000	  39.684	  81.000	  46.543	  58.000	  65.000	ComD1	R	1	50	2	405
6537	8	35	80.000	  47.200	  59.000	  64.000	  43.402	  87.000	ComD2	R	1	49	1	759
6537	8	36	97.000	  38.866	  81.000	  46.543	  58.000	  65.000	ComD1	R	5	50	3	653
6537	8	37	47.000	  79.000	  79.000	  47.000	  39.000	  79.000	AttR1	R	2	51	2	548
6537	8	38	50.000	  80.000	  81.000	  49.383	  42.000	  80.000	AttR1	R	5	49	2	545
6537	8	39	76.000	  46.579	  73.000	  42.767	  77.000	  39.844	Fill2	R	5	49	2	759
6537	8	40	75.000	  48.800	  73.000	  43.342	  76.000	  42.566	Fill2	R	3	50	1	565
6537	8	41	38.427	  89.000	  36.427	  79.721	  39.427	  73.858	Fill5	R	2	49	1	632
6537	8	42	81.000	  46.444	  57.000	  66.000	  43.744	  86.000	ComD2	R	3	50	1	536
6537	8	43	46.553	  76.000	  58.000	  61.000	  43.553	  81.235	SimA1	R	3	49	2	638
6537	8	44	47.685	  73.000	  59.000	  59.000	  44.685	  77.901	SimA1	R	6	50	2	470
6537	8	45	49.944	  72.000	  62.000	  58.000	  45.944	  78.268	SimA1	R	5	49	2	510
6537	8	46	78.000	  46.103	  76.000	  41.408	  79.000	  40.291	Fill2	R	1	49	1	628
6537	8	47	57.000	  60.000	  56.000	  52.607	  59.000	  50.576	Fill3	R	5	51	1	687
6537	8	48	50.000	  79.000	  79.000	  50.000	  43.000	  79.000	AttR1	R	5	49	2	511
6537	8	49	49.000	  83.000	  81.000	  50.210	  81.000	  41.210	AttR2	R	3	50	1	549
6537	8	50	82.000	  45.976	  58.000	  65.000	  43.333	  87.000	ComD2	R	3	50	1	473
6537	8	51	39.333	  90.000	  38.333	  78.861	  41.333	  73.210	Fill5	R	3	50	1	698
6537	8	52	95.000	  39.000	  80.000	  46.312	  57.000	  65.000	ComD1	R	5	51	1	746
6537	8	53	53.000	  78.000	  79.000	  52.329	  46.000	  78.000	AttR1	R	5	49	2	478
6537	8	54	100.000	  39.530	  83.000	  47.627	  59.000	  67.000	ComD1	R	3	51	3	1430
6537	8	55	93.000	  38.667	  90.000	  34.778	  94.000	  33.670	Fill1	R	3	49	2	609
6537	8	56	49.000	  83.000	  81.000	  50.210	  42.000	  83.000	AttR1	R	4	49	3	733
6537	8	57	49.944	  72.000	  62.000	  58.000	  65.382	  55.000	SimA2	R	2	49	1	634
6537	8	58	52.000	  81.000	  80.000	  52.650	  80.000	  43.650	AttR2	R	2	49	1	873
6537	8	59	47.000	  80.000	  78.000	  48.205	  78.000	  40.205	AttR2	R	4	50	1	601
6537	8	60	82.000	  46.683	  58.000	  66.000	  45.035	  85.000	ComD2	R	1	49	1	613
6537	8	61	47.041	  74.000	  59.000	  59.000	  44.041	  79.041	SimA1	R	3	51	3	591
6537	8	62	60.000	  59.000	  57.000	  54.439	  62.000	  49.903	Fill3	R	2	49	1	441
6537	8	63	49.859	  71.000	  47.859	  64.941	  50.859	  60.422	Fill4	R	5	50	3	537
6537	8	64	49.763	  76.000	  62.000	  61.000	  46.763	  80.876	SimA1	R	6	49	3	519
6537	8	65	97.000	  39.464	  82.000	  46.683	  58.000	  66.000	ComD1	R	4	50	1	477
6537	8	66	47.532	  77.000	  60.000	  61.000	  43.532	  84.075	SimA1	R	3	49	2	491
6537	8	67	80.000	  46.312	  57.000	  65.000	  43.588	  85.000	ComD2	R	4	50	1	629
6537	8	68	40.227	  88.000	  38.227	  78.949	  41.227	  73.665	Fill5	R	3	49	2	503
6537	8	69	81.000	  46.543	  58.000	  65.000	  43.333	  87.000	ComD2	R	3	49	2	436
6537	8	70	48.773	  75.000	  62.000	  59.000	  66.509	  55.000	SimA2	R	4	49	3	644
6537	8	71	92.000	  38.478	  89.000	  34.528	  95.000	  32.432	Fill1	R	6	51	1	585
6537	8	72	46.579	  76.000	  59.000	  60.000	  64.364	  55.000	SimA2	R	4	49	3	622
6537	8	73	49.859	  71.000	  48.859	  63.857	  50.859	  60.461	Fill4	R	2	49	1	897
6537	8	74	40.220	  91.000	  37.220	  84.203	  42.220	  74.183	Fill5	R	3	50	1	665
6537	8	75	47.041	  74.000	  59.000	  59.000	  64.463	  54.000	SimA2	R	4	51	2	561
6537	8	76	73.000	  46.849	  71.000	  41.775	  74.000	  39.986	Fill2	R	5	49	2	526
6537	8	77	90.000	  38.000	  87.000	  34.172	  93.000	  31.462	Fill1	R	6	50	2	741
6537	8	78	47.532	  77.000	  60.000	  61.000	  65.357	  56.000	SimA2	R	2	51	2	610
6537	8	79	98.000	  37.143	  81.000	  44.938	  56.000	  65.000	ComD1	R	4	50	1	540
6537	8	80	50.000	  79.000	  79.000	  50.000	  79.000	  42.000	AttR2	R	3	49	2	481
6537	8	81	94.000	  40.170	  80.000	  47.200	  59.000	  64.000	ComD1	R	4	50	1	473
6537	8	82	81.000	  44.938	  56.000	  65.000	  43.333	  84.000	ComD2	R	5	49	2	761
6537	8	83	62.000	  58.000	  60.000	  52.017	  63.000	  49.349	Fill3	R	2	51	2	686
6537	8	84	47.692	  78.000	  60.000	  62.000	  44.692	  83.236	SimA1	R	4	50	1	774
6537	8	85	47.000	  80.000	  78.000	  48.205	  38.000	  80.000	AttR1	R	3	49	2	1146
6537	8	86	48.000	  82.000	  81.000	  48.593	  81.000	  39.593	AttR2	R	5	51	1	670
6537	8	87	46.553	  76.000	  58.000	  61.000	  62.070	  57.000	SimA2	R	3	49	2	878
6537	8	88	50.000	  82.000	  80.000	  51.250	  41.000	  82.000	AttR1	R	2	51	2	647
6537	8	89	81.000	  45.827	  58.000	  64.000	  42.667	  87.000	ComD2	R	4	49	3	758
6537	8	90	51.549	  71.000	  49.549	  64.703	  53.549	  59.571	Fill4	R	5	50	3	1892
