username: S35, Experiment time (minutes): 61
Operating system: Mac OS 10.8.5
Manufacturer: Google Pepper
Player type: PlugIn
Version: MAC 13,0,0,182

username	blkNum	trlNum	Rect1Height	Rect1Width	Rect2Height	Rect2Width	Rect3Height	Rect3Width	Effect	StimType	StimPosition	rawResp	response	RT
1364	0	1	59.000	  59.000	  58.000	  52.224	  60.000	  49.917	Fill3	R	5	51	1	4694
1364	0	2	77.000	  49.117	  74.000	  44.432	  79.000	  41.734	Fill2	R	3	50	1	3137
1364	0	3	90.000	  38.633	  88.000	  34.398	  91.000	  33.473	Fill1	R	5	51	1	3234
1364	1	1	59.000	  61.000	  57.000	  55.509	  60.000	  52.300	Fill3	R	2	49	1	5605
1364	1	2	50.000	  81.000	  82.000	  49.390	  42.000	  81.000	AttR1	R	2	49	1	6428
1364	1	3	48.800	  75.000	  61.000	  60.000	  66.545	  55.000	SimA2	R	4	50	1	9950
1364	1	4	47.838	  74.000	  59.000	  60.000	  43.838	  80.752	SimA1	R	2	51	2	4932
1364	1	5	53.000	  80.000	  81.000	  52.346	  45.000	  80.000	AttR1	R	2	49	1	5946
1364	1	6	50.000	  80.000	  78.000	  51.282	  43.000	  80.000	AttR1	R	2	49	1	2055
1364	1	7	82.000	  47.561	  60.000	  65.000	  44.318	  88.000	ComD2	R	6	50	2	3087
1364	1	8	80.000	  47.125	  58.000	  65.000	  44.353	  85.000	ComD2	R	2	51	2	2095
1364	1	9	78.000	  46.897	  76.000	  42.000	  80.000	  39.587	Fill2	R	4	50	1	967
1364	1	10	82.000	  45.976	  58.000	  65.000	  43.837	  86.000	ComD2	R	5	49	2	10066
1364	1	11	46.000	  80.000	  81.000	  45.432	  39.000	  80.000	AttR1	R	1	49	1	5370
1364	1	12	92.000	  39.120	  91.000	  34.429	  94.000	  33.362	Fill1	R	3	50	1	2596
1364	1	13	38.886	  88.000	  35.886	  81.312	  40.886	  70.610	Fill5	R	3	50	1	5879
1364	1	14	101.000	  39.050	  85.000	  46.400	  58.000	  68.000	ComD1	R	6	50	2	2743
1364	1	15	52.000	  76.000	  74.000	  53.405	  44.000	  76.000	AttR1	R	5	51	1	5028
1364	1	16	53.000	  80.000	  81.000	  52.346	  81.000	  43.346	AttR2	R	3	50	1	5495
1364	1	17	52.000	  76.000	  74.000	  53.405	  74.000	  44.405	AttR2	R	3	50	1	4375
1364	1	18	46.579	  76.000	  59.000	  60.000	  43.579	  81.232	SimA1	R	3	49	2	6026
1364	1	19	49.000	  82.000	  84.000	  47.833	  84.000	  40.833	AttR2	R	4	50	1	1203
1364	1	20	46.000	  80.000	  81.000	  45.432	  81.000	  38.432	AttR2	R	2	49	1	7415
1364	1	21	50.000	  80.000	  78.000	  51.282	  78.000	  44.282	AttR2	R	3	50	1	1994
1364	1	22	49.000	  79.000	  81.000	  47.790	  81.000	  39.790	AttR2	R	4	51	2	4284
1364	1	23	47.685	  73.000	  59.000	  59.000	  62.161	  56.000	SimA2	R	5	50	3	2196
1364	1	24	96.000	  39.875	  81.000	  47.259	  58.000	  66.000	ComD1	R	3	51	3	2887
1364	1	25	48.635	  74.000	  61.000	  59.000	  66.648	  54.000	SimA2	R	6	50	2	11464
1364	1	26	49.000	  79.000	  81.000	  47.790	  42.000	  79.000	AttR1	R	5	51	1	1327
1364	1	27	92.000	  39.120	  91.000	  34.132	  95.000	  32.916	Fill1	R	2	49	1	2341
1364	1	28	50.690	  71.000	  49.690	  62.970	  52.690	  58.835	Fill4	R	5	51	1	11138
1364	1	29	39.545	  88.000	  37.545	  79.077	  40.545	  72.388	Fill5	R	2	49	1	1999
1364	1	30	98.000	  37.806	  82.000	  45.183	  57.000	  65.000	ComD1	R	5	50	3	1762
1364	1	31	41.101	  89.000	  39.101	  80.126	  42.101	  73.917	Fill5	R	2	49	1	1607
1364	1	32	45.627	  75.000	  58.000	  59.000	  42.627	  80.278	SimA1	R	6	51	1	1410
1364	1	33	97.000	  38.268	  80.000	  46.400	  58.000	  64.000	ComD1	R	4	49	3	2668
1364	1	34	47.685	  73.000	  59.000	  59.000	  43.685	  79.684	SimA1	R	3	49	2	1812
1364	1	35	48.886	  70.000	  47.886	  62.628	  49.886	  60.037	Fill4	R	1	49	1	1991
1364	1	36	45.627	  75.000	  58.000	  59.000	  61.107	  56.000	SimA2	R	4	51	2	2250
1364	1	37	48.635	  74.000	  61.000	  59.000	  44.635	  80.632	SimA1	R	3	49	2	2522
1364	1	38	50.000	  80.000	  80.000	  50.000	  80.000	  42.000	AttR2	R	5	51	1	1791
1364	1	39	48.800	  75.000	  61.000	  60.000	  45.800	  79.913	SimA1	R	4	51	2	3394
1364	1	40	85.000	  46.400	  58.000	  68.000	  46.400	  85.000	ComD2	R	4	51	2	2443
1364	1	41	80.000	  46.400	  58.000	  64.000	  43.671	  85.000	ComD2	R	6	51	1	1852
1364	1	42	61.000	  60.000	  59.000	  54.915	  62.000	  52.242	Fill3	R	3	50	1	2020
1364	1	43	46.579	  76.000	  59.000	  60.000	  62.105	  57.000	SimA2	R	2	50	3	4014
1364	1	44	51.240	  75.000	  63.000	  61.000	  66.259	  58.000	SimA2	R	1	50	2	3522
1364	1	45	59.000	  58.000	  56.000	  52.964	  60.000	  50.367	Fill3	R	3	50	1	2655
1364	1	46	49.000	  82.000	  84.000	  47.833	  40.000	  82.000	AttR1	R	2	49	1	2454
1364	1	47	95.000	  38.505	  92.000	  35.033	  97.000	  32.948	Fill1	R	5	51	1	1263
1364	1	48	95.000	  39.684	  80.000	  47.125	  58.000	  65.000	ComD1	R	5	49	2	8687
1364	1	49	49.714	  70.000	  47.714	  63.419	  50.714	  60.042	Fill4	R	2	49	1	2622
1364	1	50	48.325	  77.000	  61.000	  61.000	  65.281	  57.000	SimA2	R	5	51	1	5801
1364	1	51	49.986	  72.000	  48.986	  65.141	  51.986	  61.497	Fill4	R	6	51	1	3507
1364	1	52	53.014	  69.000	  50.014	  65.041	  54.014	  58.632	Fill4	R	1	49	1	1331
1364	1	53	75.000	  46.400	  74.000	  40.986	  76.000	  40.487	Fill2	R	3	50	1	1454
1364	1	54	50.000	  80.000	  80.000	  50.000	  42.000	  80.000	AttR1	R	2	51	2	1902
1364	1	55	50.000	  81.000	  82.000	  49.390	  82.000	  41.390	AttR2	R	4	50	1	1667
1364	1	56	81.000	  47.259	  58.000	  66.000	  44.512	  86.000	ComD2	R	2	50	3	3300
1364	1	57	50.833	  72.000	  48.833	  64.853	  51.833	  62.045	Fill4	R	5	51	1	1761
1364	1	58	97.000	  38.866	  81.000	  46.543	  58.000	  65.000	ComD1	R	6	49	3	5150
1364	1	59	76.000	  48.158	  75.000	  42.493	  77.000	  41.351	Fill2	R	2	49	1	1508
1364	1	60	39.120	  92.000	  38.120	  80.169	  41.120	  74.539	Fill5	R	3	51	3	2185
1364	1	61	95.000	  38.400	  79.000	  46.177	  57.000	  64.000	ComD1	R	1	51	3	13964
1364	1	62	83.000	  46.120	  58.000	  66.000	  45.035	  85.000	ComD2	R	4	51	2	1456
1364	1	63	48.325	  77.000	  61.000	  61.000	  45.325	  82.097	SimA1	R	4	51	2	3351
1364	1	64	47.355	  76.000	  59.000	  61.000	  42.355	  84.972	SimA1	R	3	49	2	7964
1364	1	65	97.000	  39.464	  83.000	  46.120	  58.000	  66.000	ComD1	R	1	51	3	817
1364	1	66	39.989	  90.000	  38.989	  78.304	  41.989	  73.734	Fill5	R	2	49	1	2131
1364	1	67	73.000	  49.301	  70.000	  45.086	  76.000	  41.697	Fill2	R	4	50	1	1617
1364	1	68	47.355	  76.000	  59.000	  61.000	  62.052	  58.000	SimA2	R	2	50	3	907
1364	1	69	49.000	  80.000	  81.000	  48.395	  81.000	  41.395	AttR2	R	4	50	1	2673
1364	1	70	75.000	  47.987	  72.000	  44.319	  77.000	  41.208	Fill2	R	2	49	1	1257
1364	1	71	47.671	  73.000	  60.000	  58.000	  64.444	  54.000	SimA2	R	5	51	1	2170
1364	1	72	82.000	  45.183	  57.000	  65.000	  43.081	  86.000	ComD2	R	4	51	2	5588
1364	1	73	98.000	  39.796	  82.000	  47.561	  60.000	  65.000	ComD1	R	5	50	3	1902
1364	1	74	52.000	  79.000	  77.000	  53.351	  43.000	  79.000	AttR1	R	5	51	1	1115
1364	1	75	49.000	  80.000	  81.000	  48.395	  42.000	  80.000	AttR1	R	1	50	2	1250
1364	1	76	47.671	  73.000	  60.000	  58.000	  43.671	  79.686	SimA1	R	5	49	2	1553
1364	1	77	51.240	  75.000	  63.000	  61.000	  47.240	  81.351	SimA1	R	4	51	2	2694
1364	1	78	92.000	  37.196	  89.000	  33.607	  93.000	  31.742	Fill1	R	5	51	1	1078
1364	1	79	81.000	  46.543	  58.000	  65.000	  43.837	  86.000	ComD2	R	2	51	2	8462
1364	1	80	92.000	  37.826	  91.000	  33.055	  93.000	  32.376	Fill1	R	2	49	1	1295
1364	1	81	52.000	  79.000	  77.000	  53.351	  77.000	  45.351	AttR2	R	2	49	1	8622
1364	1	82	47.838	  74.000	  59.000	  60.000	  64.364	  55.000	SimA2	R	4	49	3	3977
1364	1	83	59.000	  61.000	  56.000	  57.018	  61.000	  51.197	Fill3	R	6	51	1	8420
1364	1	84	60.000	  58.000	  58.000	  52.103	  63.000	  47.810	Fill3	R	2	49	1	1223
1364	1	85	75.000	  45.627	  73.000	  41.288	  77.000	  38.325	Fill2	R	3	50	1	2713
1364	1	86	92.000	  39.783	  89.000	  36.315	  93.000	  34.753	Fill1	R	5	51	1	1566
1364	1	87	62.000	  59.000	  60.000	  52.850	  63.000	  50.381	Fill3	R	4	50	1	1297
1364	1	88	40.667	  90.000	  37.667	  83.841	  42.667	  73.852	Fill5	R	3	51	3	1850
1364	1	89	96.000	  39.271	  82.000	  45.976	  58.000	  65.000	ComD1	R	6	49	3	2249
1364	1	90	79.000	  46.177	  57.000	  64.000	  43.429	  84.000	ComD2	R	5	49	2	8810
1364	2	1	47.811	  74.000	  61.000	  58.000	  64.327	  55.000	SimA2	R	5	49	2	15365
1364	2	2	49.859	  71.000	  48.859	  64.000	  50.859	  61.739	Fill4	R	2	49	1	1996
1364	2	3	49.459	  74.000	  61.000	  60.000	  46.459	  78.778	SimA1	R	5	49	2	1167
1364	2	4	71.000	  47.366	  70.000	  41.714	  72.000	  40.444	Fill2	R	3	50	1	922
1364	2	5	95.000	  39.684	  80.000	  47.125	  58.000	  65.000	ComD1	R	3	51	3	1150
1364	2	6	39.775	  89.000	  38.775	  77.188	  40.775	  74.310	Fill5	R	5	51	1	2307
1364	2	7	92.000	  40.446	  89.000	  37.169	  95.000	  34.842	Fill1	R	4	50	1	1025
1364	2	8	59.000	  59.000	  58.000	  52.103	  61.000	  50.098	Fill3	R	5	51	1	1364
1364	2	9	49.459	  74.000	  61.000	  60.000	  64.211	  57.000	SimA2	R	2	50	3	2233
1364	2	10	82.000	  45.878	  57.000	  66.000	  44.786	  84.000	ComD2	R	2	51	2	1433
1364	2	11	47.368	  76.000	  60.000	  60.000	  64.286	  56.000	SimA2	R	5	50	3	2330
1364	2	12	47.811	  74.000	  61.000	  58.000	  42.811	  82.643	SimA1	R	3	49	2	1663
1364	2	13	49.028	  71.000	  48.028	  62.172	  50.028	  59.606	Fill4	R	4	50	1	2104
1364	2	14	95.000	  40.421	  81.000	  47.407	  60.000	  64.000	ComD1	R	5	50	3	2164
1364	2	15	49.000	  78.000	  77.000	  49.636	  42.000	  78.000	AttR1	R	3	50	1	2721
1364	2	16	49.282	  78.000	  62.000	  62.000	  65.153	  59.000	SimA2	R	2	50	3	4158
1364	2	17	56.000	  60.000	  53.000	  54.340	  59.000	  49.763	Fill3	R	5	51	1	15780
1364	2	18	50.000	  79.000	  81.000	  48.765	  81.000	  41.765	AttR2	R	4	50	1	1527
1364	2	19	47.532	  77.000	  60.000	  61.000	  42.532	  86.052	SimA1	R	4	51	2	900
1364	2	20	52.000	  79.000	  79.000	  52.000	  45.000	  79.000	AttR1	R	3	50	1	705
1364	2	21	94.000	  40.234	  91.000	  37.154	  95.000	  35.232	Fill1	R	5	51	1	767
1364	2	22	96.000	  39.188	  82.000	  45.878	  57.000	  66.000	ComD1	R	1	51	3	866
1364	2	23	47.532	  77.000	  60.000	  61.000	  63.103	  58.000	SimA2	R	4	51	2	1666
1364	2	24	47.838	  74.000	  60.000	  59.000	  63.214	  56.000	SimA2	R	1	50	2	1106
1364	2	25	47.200	  75.000	  59.000	  60.000	  42.200	  83.886	SimA1	R	5	51	1	2670
1364	2	26	76.000	  49.763	  73.000	  45.479	  77.000	  43.532	Fill2	R	3	50	1	2319
1364	2	27	96.000	  39.271	  81.000	  46.543	  58.000	  65.000	ComD1	R	1	51	3	3068
1364	2	28	49.000	  78.000	  77.000	  49.636	  41.000	  78.000	AttR1	R	5	51	1	1404
1364	2	29	48.325	  77.000	  61.000	  61.000	  43.325	  85.886	SimA1	R	4	51	2	959
1364	2	30	80.000	  47.125	  58.000	  65.000	  43.837	  86.000	ComD2	R	6	50	2	1179
1364	2	31	57.000	  59.000	  54.000	  54.037	  59.000	  48.593	Fill3	R	6	51	1	2007
1364	2	32	75.000	  46.413	  73.000	  42.192	  76.000	  40.118	Fill2	R	6	51	1	2298
1364	2	33	61.000	  61.000	  59.000	  55.237	  63.000	  52.476	Fill3	R	3	50	1	4642
1364	2	34	47.000	  81.000	  81.000	  47.000	  81.000	  40.000	AttR2	R	3	50	1	3098
1364	2	35	51.000	  80.000	  79.000	  51.646	  44.000	  80.000	AttR1	R	1	49	1	1777
1364	2	36	48.132	  76.000	  59.000	  62.000	  45.132	  81.052	SimA1	R	4	51	2	3772
1364	2	37	47.000	  81.000	  81.000	  47.000	  38.000	  81.000	AttR1	R	5	51	1	21079
1364	2	38	52.000	  79.000	  79.000	  52.000	  79.000	  44.000	AttR2	R	4	50	1	919
1364	2	39	47.838	  74.000	  60.000	  59.000	  43.838	  80.752	SimA1	R	6	50	2	2005
1364	2	40	39.112	  89.000	  37.112	  79.623	  40.112	  73.693	Fill5	R	3	51	3	1032
1364	2	41	89.000	  37.753	  87.000	  33.448	  92.000	  31.891	Fill1	R	6	51	1	2207
1364	2	42	48.739	  69.000	  46.739	  62.432	  50.739	  57.037	Fill4	R	3	50	1	1394
1364	2	43	49.000	  78.000	  77.000	  49.636	  77.000	  40.636	AttR2	R	5	51	1	899
1364	2	44	53.000	  81.000	  82.000	  52.354	  82.000	  44.354	AttR2	R	1	49	1	937
1364	2	45	47.368	  76.000	  60.000	  60.000	  42.368	  84.969	SimA1	R	1	50	2	1159
1364	2	46	37.753	  89.000	  36.753	  77.028	  39.753	  71.919	Fill5	R	6	51	1	2292
1364	2	47	62.000	  61.000	  61.000	  54.705	  65.000	  51.523	Fill3	R	3	50	1	3099
1364	2	48	52.000	  78.000	  80.000	  50.700	  80.000	  42.700	AttR2	R	6	51	1	1090
1364	2	49	96.000	  39.948	  81.000	  47.346	  59.000	  65.000	ComD1	R	4	49	3	2969
1364	2	50	100.000	  38.860	  84.000	  46.262	  58.000	  67.000	ComD1	R	2	50	3	860
1364	2	51	49.282	  78.000	  62.000	  62.000	  45.282	  84.890	SimA1	R	2	51	2	1187
1364	2	52	41.109	  92.000	  40.109	  80.606	  43.109	  75.112	Fill5	R	4	50	1	2055
1364	2	53	95.000	  39.684	  81.000	  46.543	  58.000	  65.000	ComD1	R	5	50	3	3159
1364	2	54	40.890	  91.000	  39.890	  80.747	  42.890	  74.563	Fill5	R	4	50	1	3899
1364	2	55	38.216	  88.000	  36.216	  77.728	  40.216	  70.569	Fill5	R	6	51	1	2106
1364	2	56	90.000	  38.678	  87.000	  34.460	  91.000	  33.615	Fill1	R	4	50	1	1703
1364	2	57	48.325	  77.000	  61.000	  61.000	  64.155	  58.000	SimA2	R	2	49	1	1316
1364	2	58	50.973	  73.000	  47.973	  67.351	  51.973	  62.822	Fill4	R	5	51	1	994
1364	2	59	52.528	  72.000	  51.528	  64.354	  54.528	  61.272	Fill4	R	3	50	1	1436
1364	2	60	91.000	  38.901	  89.000	  34.742	  92.000	  33.957	Fill1	R	4	50	1	804
1364	2	61	84.000	  46.262	  58.000	  67.000	  45.718	  85.000	ComD2	R	3	51	3	2151
1364	2	62	79.000	  46.177	  57.000	  64.000	  42.419	  86.000	ComD2	R	4	51	2	1876
1364	2	63	81.000	  46.543	  58.000	  65.000	  43.333	  87.000	ComD2	R	3	51	3	2420
1364	2	64	81.000	  47.407	  60.000	  64.000	  43.146	  89.000	ComD2	R	6	50	2	2239
1364	2	65	77.000	  48.325	  75.000	  44.267	  79.000	  41.278	Fill2	R	4	51	2	1879
1364	2	66	96.000	  39.333	  80.000	  47.200	  59.000	  64.000	ComD1	R	4	49	3	4416
1364	2	67	98.000	  39.735	  81.000	  48.074	  59.000	  66.000	ComD1	R	3	51	3	2258
1364	2	68	81.000	  48.074	  59.000	  66.000	  44.759	  87.000	ComD2	R	6	50	2	1178
1364	2	69	73.000	  48.493	  70.000	  44.571	  76.000	  40.066	Fill2	R	4	51	2	1764
1364	2	70	80.000	  47.200	  59.000	  64.000	  43.402	  87.000	ComD2	R	5	49	2	4138
1364	2	71	48.132	  76.000	  59.000	  62.000	  63.069	  58.000	SimA2	R	6	50	2	1039
1364	2	72	49.000	  79.000	  77.000	  50.273	  40.000	  79.000	AttR1	R	5	51	1	1863
1364	2	73	49.000	  79.000	  77.000	  50.273	  77.000	  42.273	AttR2	R	5	49	2	1070
1364	2	74	48.000	  78.000	  77.000	  48.623	  40.000	  78.000	AttR1	R	2	49	1	1343
1364	2	75	47.200	  75.000	  59.000	  60.000	  64.364	  55.000	SimA2	R	1	51	3	1540
1364	2	76	47.368	  76.000	  60.000	  60.000	  63.158	  57.000	SimA2	R	6	51	1	2562
1364	2	77	94.000	  38.809	  79.000	  46.177	  57.000	  64.000	ComD1	R	3	51	3	9839
1364	2	78	81.000	  46.543	  58.000	  65.000	  43.837	  86.000	ComD2	R	2	51	2	12831
1364	2	79	71.000	  47.324	  68.000	  43.132	  73.000	  40.164	Fill2	R	1	49	1	953
1364	2	80	53.000	  81.000	  82.000	  52.354	  46.000	  81.000	AttR1	R	5	51	1	1151
1364	2	81	90.000	  37.367	  88.000	  33.170	  92.000	  31.293	Fill1	R	2	49	1	829
1364	2	82	59.000	  60.000	  57.000	  53.509	  60.000	  51.667	Fill3	R	2	49	1	1351
1364	2	83	50.000	  79.000	  81.000	  48.765	  41.000	  79.000	AttR1	R	4	51	2	13684
1364	2	84	51.000	  80.000	  79.000	  51.646	  79.000	  42.646	AttR2	R	3	49	2	732
1364	2	85	48.000	  78.000	  77.000	  48.623	  77.000	  39.623	AttR2	R	4	51	2	858
1364	2	86	47.368	  76.000	  60.000	  60.000	  42.368	  84.969	SimA1	R	6	50	2	1298
1364	2	87	46.667	  72.000	  43.667	  67.328	  48.667	  59.630	Fill4	R	6	51	1	2098
1364	2	88	81.000	  47.346	  59.000	  65.000	  43.580	  88.000	ComD2	R	5	49	2	2719
1364	2	89	52.000	  78.000	  80.000	  50.700	  45.000	  78.000	AttR1	R	6	51	1	2388
1364	2	90	49.000	  78.000	  77.000	  49.636	  77.000	  41.636	AttR2	R	4	50	1	3047
1364	3	1	48.635	  74.000	  61.000	  59.000	  43.635	  82.479	SimA1	R	3	51	3	4726
1364	3	2	96.000	  38.667	  80.000	  46.400	  58.000	  64.000	ComD1	R	5	50	3	1855
1364	3	3	80.000	  45.675	  58.000	  63.000	  42.488	  86.000	ComD2	R	2	51	2	1527
1364	3	4	49.000	  80.000	  82.000	  47.805	  42.000	  80.000	AttR1	R	3	50	1	1844
1364	3	5	51.000	  79.000	  81.000	  49.741	  44.000	  79.000	AttR1	R	2	49	1	2083
1364	3	6	50.000	  80.000	  79.000	  50.633	  43.000	  80.000	AttR1	R	4	50	1	2436
1364	3	7	95.000	  40.368	  81.000	  47.346	  59.000	  65.000	ComD1	R	4	49	3	1067
1364	3	8	59.000	  59.000	  57.000	  52.632	  62.000	  48.435	Fill3	R	4	50	1	923
1364	3	9	97.000	  39.464	  83.000	  46.120	  58.000	  66.000	ComD1	R	2	50	3	2177
1364	3	10	50.000	  77.000	  79.000	  48.734	  41.000	  77.000	AttR1	R	4	50	1	4693
1364	3	11	77.000	  46.701	  75.000	  41.693	  80.000	  38.987	Fill2	R	5	51	1	947
1364	3	12	79.000	  46.177	  57.000	  64.000	  43.429	  84.000	ComD2	R	5	49	2	1378
1364	3	13	98.000	  38.469	  82.000	  45.976	  58.000	  65.000	ComD1	R	5	50	3	1219
1364	3	14	77.000	  47.506	  74.000	  43.176	  78.000	  41.551	Fill2	R	4	50	1	3903
1364	3	15	49.000	  80.000	  81.000	  48.395	  40.000	  80.000	AttR1	R	5	51	1	1500
1364	3	16	75.000	  48.773	  73.000	  44.027	  77.000	  41.805	Fill2	R	2	49	1	1410
1364	3	17	46.579	  76.000	  59.000	  60.000	  43.579	  81.232	SimA1	R	4	51	2	891
1364	3	18	49.613	  75.000	  61.000	  61.000	  65.281	  57.000	SimA2	R	3	51	3	770
1364	3	19	49.613	  75.000	  61.000	  61.000	  45.613	  81.577	SimA1	R	5	49	2	2862
1364	3	20	49.000	  78.000	  79.000	  48.380	  42.000	  78.000	AttR1	R	6	51	1	9414
1364	3	21	95.000	  37.853	  93.000	  33.925	  97.000	  32.619	Fill1	R	4	51	2	1633
1364	3	22	49.613	  75.000	  61.000	  61.000	  44.613	  83.406	SimA1	R	2	51	2	2729
1364	3	23	51.000	  79.000	  81.000	  49.741	  81.000	  41.741	AttR2	R	3	50	1	5390
1364	3	24	39.557	  88.000	  38.557	  76.044	  41.557	  70.674	Fill5	R	4	50	1	2073
1364	3	25	96.000	  39.875	  81.000	  47.259	  58.000	  66.000	ComD1	R	5	50	3	1193
1364	3	26	50.000	  82.000	  84.000	  48.810	  84.000	  40.810	AttR2	R	5	51	1	2204
1364	3	27	92.000	  37.837	  89.000	  34.416	  94.000	  32.415	Fill1	R	2	49	1	1431
1364	3	28	48.000	  75.000	  60.000	  60.000	  43.000	  83.721	SimA1	R	3	49	2	1793
1364	3	29	96.000	  38.000	  80.000	  45.600	  57.000	  64.000	ComD1	R	4	49	3	1412
1364	3	30	50.449	  69.000	  48.449	  61.652	  51.449	  57.979	Fill4	R	2	49	1	1487
1364	3	31	92.000	  37.837	  89.000	  34.225	  95.000	  31.589	Fill1	R	3	50	1	846
1364	3	32	50.000	  78.000	  77.000	  50.649	  41.000	  78.000	AttR1	R	3	50	1	2967
1364	3	33	62.000	  59.000	  59.000	  55.136	  63.000	  51.111	Fill3	R	5	51	1	1322
1364	3	34	94.000	  38.809	  79.000	  46.177	  57.000	  64.000	ComD1	R	4	49	3	9175
1364	3	35	48.649	  74.000	  60.000	  60.000	  63.158	  57.000	SimA2	R	2	51	2	1729
1364	3	36	81.000	  47.346	  59.000	  65.000	  44.593	  86.000	ComD2	R	1	50	2	1678
1364	3	37	47.838	  74.000	  59.000	  60.000	  42.838	  82.637	SimA1	R	4	51	2	1326
1364	3	38	95.000	  38.463	  80.000	  45.675	  58.000	  63.000	ComD1	R	2	50	3	1315
1364	3	39	80.000	  46.400	  58.000	  64.000	  43.671	  85.000	ComD2	R	4	51	2	1049
1364	3	40	100.000	  39.530	  82.000	  48.207	  59.000	  67.000	ComD1	R	6	49	3	1793
1364	3	41	38.227	  88.000	  36.227	  77.870	  40.227	  70.947	Fill5	R	4	50	1	1675
1364	3	42	47.838	  74.000	  59.000	  60.000	  63.214	  56.000	SimA2	R	5	49	2	3588
1364	3	43	48.800	  75.000	  61.000	  60.000	  44.800	  81.696	SimA1	R	5	49	2	1038
1364	3	44	94.000	  38.915	  92.000	  35.293	  96.000	  33.385	Fill1	R	2	49	1	1630
1364	3	45	49.471	  68.000	  46.471	  63.309	  50.471	  57.836	Fill4	R	5	51	1	1657
1364	3	46	49.613	  75.000	  61.000	  61.000	  65.281	  57.000	SimA2	R	2	50	3	2809
1364	3	47	47.838	  74.000	  60.000	  59.000	  43.838	  80.752	SimA1	R	5	51	1	5244
1364	3	48	48.800	  75.000	  61.000	  60.000	  65.357	  56.000	SimA2	R	5	49	2	1507
1364	3	49	82.000	  48.207	  59.000	  67.000	  45.965	  86.000	ComD2	R	5	49	2	1426
1364	3	50	50.000	  77.000	  79.000	  48.734	  79.000	  40.734	AttR2	R	2	49	1	1683
1364	3	51	50.000	  80.000	  79.000	  50.633	  79.000	  43.633	AttR2	R	4	50	1	892
1364	3	52	40.404	  89.000	  38.404	  80.459	  41.404	  74.412	Fill5	R	3	51	3	1395
1364	3	53	48.000	  75.000	  60.000	  60.000	  64.286	  56.000	SimA2	R	2	50	3	1534
1364	3	54	81.000	  47.259	  58.000	  66.000	  45.035	  85.000	ComD2	R	6	49	3	2291
1364	3	55	83.000	  46.120	  58.000	  66.000	  44.512	  86.000	ComD2	R	5	49	2	2563
1364	3	56	82.000	  45.976	  58.000	  65.000	  43.333	  87.000	ComD2	R	5	49	2	578
1364	3	57	51.000	  79.000	  81.000	  49.741	  43.000	  79.000	AttR1	R	3	50	1	1185
1364	3	58	51.000	  79.000	  81.000	  49.741	  81.000	  42.741	AttR2	R	2	49	1	1814
1364	3	59	80.000	  45.600	  57.000	  64.000	  42.419	  86.000	ComD2	R	5	49	2	1138
1364	3	60	59.000	  59.000	  56.000	  53.464	  61.000	  49.803	Fill3	R	3	50	1	790
1364	3	61	91.000	  40.198	  88.000	  36.841	  94.000	  34.532	Fill1	R	4	50	1	1081
1364	3	62	58.000	  58.000	  55.000	  53.818	  60.000	  48.300	Fill3	R	4	50	1	1266
1364	3	63	48.000	  75.000	  60.000	  60.000	  43.000	  83.721	SimA1	R	2	51	2	1033
1364	3	64	59.000	  62.000	  56.000	  57.482	  61.000	  52.164	Fill3	R	2	49	1	1401
1364	3	65	75.000	  46.413	  74.000	  40.311	  78.000	  38.641	Fill2	R	2	49	1	2500
1364	3	66	50.110	  73.000	  48.110	  65.954	  52.110	  61.908	Fill4	R	2	49	1	1857
1364	3	67	95.000	  40.368	  81.000	  47.346	  59.000	  65.000	ComD1	R	2	50	3	1050
1364	3	68	49.000	  80.000	  81.000	  48.395	  81.000	  40.395	AttR2	R	5	50	3	2177
1364	3	69	73.000	  46.082	  70.000	  41.586	  76.000	  38.303	Fill2	R	2	49	1	763
1364	3	70	51.000	  82.000	  84.000	  49.786	  42.000	  82.000	AttR1	R	2	51	2	2257
1364	3	71	48.649	  74.000	  60.000	  60.000	  45.649	  78.863	SimA1	R	2	51	2	1266
1364	3	72	48.635	  74.000	  61.000	  59.000	  65.436	  55.000	SimA2	R	3	49	2	938
1364	3	73	49.000	  80.000	  82.000	  47.805	  82.000	  38.805	AttR2	R	1	49	1	942
1364	3	74	46.579	  76.000	  59.000	  60.000	  62.105	  57.000	SimA2	R	3	51	3	1411
1364	3	75	62.000	  58.000	  61.000	  52.066	  64.000	  48.766	Fill3	R	6	51	1	846
1364	3	76	75.000	  46.413	  73.000	  41.795	  76.000	  40.408	Fill2	R	5	51	1	887
1364	3	77	91.000	  36.967	  90.000	  32.867	  93.000	  31.022	Fill1	R	5	51	1	1214
1364	3	78	50.449	  69.000	  48.449	  61.570	  51.449	  59.748	Fill4	R	3	50	1	1194
1364	3	79	49.000	  78.000	  79.000	  48.380	  79.000	  40.380	AttR2	R	3	50	1	2643
1364	3	80	50.000	  82.000	  84.000	  48.810	  43.000	  82.000	AttR1	R	4	51	2	2084
1364	3	81	51.000	  82.000	  84.000	  49.786	  84.000	  40.786	AttR2	R	5	51	1	1491
1364	3	82	81.000	  47.346	  59.000	  65.000	  43.580	  88.000	ComD2	R	3	49	2	1539
1364	3	83	48.000	  75.000	  60.000	  60.000	  63.158	  57.000	SimA2	R	5	50	3	1490
1364	3	84	52.257	  70.000	  49.257	  64.965	  54.257	  59.826	Fill4	R	3	50	1	1058
1364	3	85	41.568	  88.000	  39.568	  79.660	  43.568	  72.438	Fill5	R	2	49	1	1450
1364	3	86	52.116	  69.000	  50.116	  62.834	  54.116	  58.874	Fill4	R	4	50	1	1146
1364	3	87	40.198	  91.000	  37.198	  84.199	  41.198	  76.096	Fill5	R	3	50	1	3975
1364	3	88	50.000	  78.000	  77.000	  50.649	  77.000	  41.649	AttR2	R	3	50	1	1274
1364	3	89	47.838	  74.000	  60.000	  59.000	  64.364	  55.000	SimA2	R	1	50	2	938
1364	3	90	39.112	  89.000	  38.112	  77.245	  40.112	  74.142	Fill5	R	2	49	1	1150
1364	4	1	93.000	  40.667	  91.000	  36.725	  96.000	  34.562	Fill1	R	4	50	1	830
1364	4	2	90.000	  38.678	  87.000	  35.092	  91.000	  33.626	Fill1	R	3	50	1	1103
1364	4	3	82.000	  45.976	  58.000	  65.000	  43.333	  87.000	ComD2	R	3	49	2	987
1364	4	4	92.000	  39.783	  90.000	  35.644	  93.000	  34.817	Fill1	R	6	51	1	1319
1364	4	5	47.685	  73.000	  59.000	  59.000	  44.685	  77.901	SimA1	R	6	51	1	6780
1364	4	6	73.000	  47.685	  72.000	  42.264	  74.000	  40.581	Fill2	R	4	50	1	686
1364	4	7	97.000	  38.268	  80.000	  46.400	  58.000	  64.000	ComD1	R	6	49	3	742
1364	4	8	50.833	  72.000	  48.833	  65.283	  52.833	  61.174	Fill4	R	3	50	1	676
1364	4	9	97.000	  38.196	  80.000	  46.312	  57.000	  65.000	ComD1	R	1	51	3	1428
1364	4	10	80.000	  46.400	  58.000	  64.000	  43.163	  86.000	ComD2	R	2	51	2	1615
1364	4	11	96.000	  40.625	  81.000	  48.148	  60.000	  65.000	ComD1	R	5	50	3	705
1364	4	12	49.729	  70.000	  47.729	  64.259	  51.729	  58.807	Fill4	R	6	51	1	1479
1364	4	13	50.000	  79.000	  80.000	  49.375	  80.000	  41.375	AttR2	R	2	49	1	6423
1364	4	14	61.000	  60.000	  60.000	  53.317	  64.000	  49.797	Fill3	R	4	50	1	810
1364	4	15	51.000	  80.000	  78.000	  52.308	  78.000	  43.308	AttR2	R	2	49	1	1452
1364	4	16	51.304	  69.000	  48.304	  65.005	  53.304	  57.631	Fill4	R	3	50	1	2267
1364	4	17	48.158	  76.000	  60.000	  61.000	  63.103	  58.000	SimA2	R	2	51	2	1787
1364	4	18	48.961	  76.000	  61.000	  61.000	  45.961	  80.961	SimA1	R	2	51	2	1607
1364	4	19	76.000	  48.158	  74.000	  42.797	  79.000	  40.658	Fill2	R	3	50	1	1018
1364	4	20	48.000	  82.000	  84.000	  46.857	  41.000	  82.000	AttR1	R	1	49	1	1564
1364	4	21	76.000	  46.579	  75.000	  41.733	  78.000	  40.192	Fill2	R	3	50	1	1306
1364	4	22	94.000	  38.809	  80.000	  45.600	  57.000	  64.000	ComD1	R	2	50	3	1167
1364	4	23	76.000	  48.158	  73.000	  44.205	  77.000	  41.714	Fill2	R	3	50	1	1641
1364	4	24	46.740	  77.000	  59.000	  61.000	  64.268	  56.000	SimA2	R	3	49	2	1418
1364	4	25	76.000	  49.763	  74.000	  45.257	  77.000	  43.208	Fill2	R	3	50	1	3724
1364	4	26	49.000	  80.000	  80.000	  49.000	  41.000	  80.000	AttR1	R	2	49	1	1161
1364	4	27	48.595	  74.000	  62.000	  58.000	  66.593	  54.000	SimA2	R	2	49	1	1662
1364	4	28	49.000	  80.000	  80.000	  49.000	  80.000	  42.000	AttR2	R	2	49	1	2119
1364	4	29	49.613	  75.000	  61.000	  61.000	  64.155	  58.000	SimA2	R	3	51	3	2411
1364	4	30	60.000	  59.000	  58.000	  53.362	  63.000	  49.429	Fill3	R	3	50	1	2471
1364	4	31	52.000	  81.000	  81.000	  52.000	  44.000	  81.000	AttR1	R	5	51	1	2303
1364	4	32	75.000	  48.800	  73.000	  43.740	  76.000	  41.632	Fill2	R	3	50	1	1692
1364	4	33	80.000	  45.600	  57.000	  64.000	  42.918	  85.000	ComD2	R	4	51	2	2412
1364	4	34	80.000	  46.312	  57.000	  65.000	  43.588	  85.000	ComD2	R	3	49	2	1751
1364	4	35	48.158	  76.000	  60.000	  61.000	  44.158	  82.884	SimA1	R	3	49	2	988
1364	4	36	52.000	  81.000	  81.000	  52.000	  81.000	  43.000	AttR2	R	2	51	2	1991
1364	4	37	95.000	  39.684	  80.000	  47.125	  58.000	  65.000	ComD1	R	2	50	3	954
1364	4	38	51.000	  83.000	  82.000	  51.622	  82.000	  42.622	AttR2	R	5	50	3	4623
1364	4	39	49.613	  75.000	  61.000	  61.000	  46.613	  79.827	SimA1	R	5	49	2	4210
1364	4	40	60.000	  61.000	  58.000	  55.155	  61.000	  52.393	Fill3	R	2	49	1	1635
1364	4	41	60.000	  61.000	  59.000	  54.661	  61.000	  52.639	Fill3	R	5	51	1	1036
1364	4	42	39.783	  92.000	  36.783	  85.611	  40.783	  76.528	Fill5	R	2	49	1	2284
1364	4	43	40.220	  91.000	  37.220	  84.632	  41.220	  76.517	Fill5	R	2	50	3	1731
1364	4	44	48.595	  74.000	  62.000	  58.000	  45.595	  78.869	SimA1	R	4	51	2	1761
1364	4	45	81.000	  48.148	  60.000	  65.000	  43.820	  89.000	ComD2	R	6	50	2	1495
1364	4	46	97.000	  38.866	  82.000	  45.976	  58.000	  65.000	ComD1	R	3	50	1	1839
1364	4	47	50.000	  81.000	  80.000	  50.625	  80.000	  42.625	AttR2	R	4	50	1	4447
1364	4	48	82.000	  45.183	  57.000	  65.000	  43.588	  85.000	ComD2	R	5	49	2	7528
1364	4	49	47.200	  75.000	  59.000	  60.000	  43.200	  81.944	SimA1	R	2	51	2	1828
1364	4	50	96.000	  38.594	  82.000	  45.183	  57.000	  65.000	ComD1	R	4	49	3	2223
1364	4	51	39.333	  90.000	  37.333	  80.116	  40.333	  74.826	Fill5	R	4	50	1	3313
1364	4	52	49.000	  80.000	  81.000	  48.395	  41.000	  80.000	AttR1	R	6	51	1	1159
1364	4	53	51.000	  80.000	  78.000	  52.308	  42.000	  80.000	AttR1	R	6	51	1	4228
1364	4	54	59.000	  59.000	  56.000	  54.089	  60.000	  50.433	Fill3	R	2	49	1	7782
1364	4	55	91.000	  40.220	  88.000	  35.920	  92.000	  35.315	Fill1	R	5	51	1	1145
1364	4	56	51.000	  83.000	  82.000	  51.622	  43.000	  83.000	AttR1	R	4	50	1	3119
1364	4	57	47.987	  75.000	  61.000	  59.000	  64.268	  56.000	SimA2	R	1	51	3	1452
1364	4	58	52.286	  70.000	  51.286	  61.869	  54.286	  59.887	Fill4	R	3	50	1	620
1364	4	59	39.557	  88.000	  38.557	  76.044	  41.557	  71.589	Fill5	R	5	51	1	2671
1364	4	60	92.000	  39.783	  91.000	  35.736	  95.000	  33.453	Fill1	R	4	50	1	775
1364	4	61	82.000	  46.683	  58.000	  66.000	  44.000	  87.000	ComD2	R	2	51	2	1442
1364	4	62	61.000	  62.000	  60.000	  55.233	  64.000	  52.469	Fill3	R	5	51	1	1138
1364	4	63	80.000	  46.312	  57.000	  65.000	  44.107	  84.000	ComD2	R	4	49	3	11959
1364	4	64	46.413	  75.000	  59.000	  59.000	  64.463	  54.000	SimA2	R	5	49	2	2100
1364	4	65	50.000	  79.000	  80.000	  49.375	  43.000	  79.000	AttR1	R	1	49	1	3122
1364	4	66	48.961	  76.000	  61.000	  61.000	  66.446	  56.000	SimA2	R	3	49	2	1175
1364	4	67	47.838	  74.000	  60.000	  59.000	  42.838	  82.637	SimA1	R	1	50	2	1010
1364	4	68	47.987	  75.000	  61.000	  59.000	  44.987	  80.001	SimA1	R	6	51	1	1700
1364	4	69	97.000	  40.144	  82.000	  47.488	  59.000	  66.000	ComD1	R	1	51	3	1074
1364	4	70	48.000	  82.000	  84.000	  46.857	  84.000	  38.857	AttR2	R	1	49	1	1097
1364	4	71	51.108	  74.000	  49.108	  68.848	  52.108	  64.232	Fill4	R	1	49	1	1146
1364	4	72	50.833	  72.000	  47.833	  66.711	  51.833	  61.968	Fill4	R	2	49	1	2015
1364	4	73	50.000	  81.000	  80.000	  50.625	  42.000	  81.000	AttR1	R	3	50	1	1058
1364	4	74	47.200	  75.000	  59.000	  60.000	  63.214	  56.000	SimA2	R	4	51	2	1642
1364	4	75	96.000	  38.594	  80.000	  46.312	  57.000	  65.000	ComD1	R	6	49	3	5266
1364	4	76	48.000	  81.000	  81.000	  48.000	  41.000	  81.000	AttR1	R	5	49	2	1282
1364	4	77	96.000	  39.875	  82.000	  46.683	  58.000	  66.000	ComD1	R	1	51	3	1314
1364	4	78	46.413	  75.000	  59.000	  59.000	  41.413	  84.055	SimA1	R	2	49	1	2263
1364	4	79	80.000	  47.125	  58.000	  65.000	  43.837	  86.000	ComD2	R	2	51	2	1167
1364	4	80	93.000	  38.065	  91.000	  34.242	  96.000	  31.958	Fill1	R	2	49	1	1570
1364	4	81	47.838	  74.000	  60.000	  59.000	  65.556	  54.000	SimA2	R	5	49	2	3075
1364	4	82	49.000	  80.000	  81.000	  48.395	  42.000	  80.000	AttR1	R	6	51	1	1356
1364	4	83	82.000	  47.488	  59.000	  66.000	  44.759	  87.000	ComD2	R	1	50	2	13601
1364	4	84	49.000	  80.000	  81.000	  48.395	  81.000	  40.395	AttR2	R	6	51	1	1020
1364	4	85	46.740	  77.000	  59.000	  61.000	  41.740	  86.224	SimA1	R	2	49	1	1359
1364	4	86	40.667	  93.000	  37.667	  86.310	  42.667	  76.430	Fill5	R	3	51	3	1100
1364	4	87	40.667	  90.000	  39.667	  78.782	  42.667	  73.711	Fill5	R	5	51	1	1162
1364	4	88	47.685	  73.000	  59.000	  59.000	  62.161	  56.000	SimA2	R	5	49	2	1143
1364	4	89	49.000	  80.000	  81.000	  48.395	  81.000	  39.395	AttR2	R	2	49	1	645
1364	4	90	48.000	  81.000	  81.000	  48.000	  81.000	  39.000	AttR2	R	5	51	1	1636
1364	5	1	47.200	  75.000	  60.000	  59.000	  65.556	  54.000	SimA2	R	3	49	2	982
1364	5	2	80.000	  46.400	  58.000	  64.000	  43.163	  86.000	ComD2	R	3	49	2	1346
1364	5	3	54.000	  82.000	  80.000	  55.350	  47.000	  82.000	AttR1	R	3	49	2	983
1364	5	4	48.800	  75.000	  60.000	  61.000	  63.103	  58.000	SimA2	R	2	49	1	658
1364	5	5	71.000	  48.169	  70.000	  42.700	  74.000	  39.554	Fill2	R	1	49	1	546
1364	5	6	50.000	  79.000	  80.000	  49.375	  41.000	  79.000	AttR1	R	3	50	1	734
1364	5	7	54.000	  82.000	  80.000	  55.350	  80.000	  46.350	AttR2	R	2	49	1	659
1364	5	8	50.110	  73.000	  62.000	  59.000	  46.110	  79.333	SimA1	R	5	50	3	548
1364	5	9	59.000	  59.000	  57.000	  53.754	  61.000	  49.180	Fill3	R	2	49	1	834
1364	5	10	82.000	  45.183	  57.000	  65.000	  44.107	  84.000	ComD2	R	2	51	2	1042
1364	5	11	48.158	  76.000	  61.000	  60.000	  64.211	  57.000	SimA2	R	3	51	3	1282
1364	5	12	49.000	  80.000	  79.000	  49.620	  42.000	  80.000	AttR1	R	2	49	1	786
1364	5	13	75.000	  48.000	  74.000	  43.189	  76.000	  41.303	Fill2	R	5	51	1	748
1364	5	14	57.000	  60.000	  55.000	  54.145	  60.000	  50.067	Fill3	R	4	50	1	1018
1364	5	15	50.000	  72.000	  48.000	  65.875	  51.000	  60.863	Fill4	R	4	50	1	843
1364	5	16	47.838	  74.000	  60.000	  59.000	  43.838	  80.752	SimA1	R	4	51	2	835
1364	5	17	77.000	  47.506	  75.000	  42.907	  80.000	  40.487	Fill2	R	6	51	1	636
1364	5	18	52.159	  69.000	  50.159	  63.637	  54.159	  58.863	Fill4	R	5	51	1	612
1364	5	19	50.077	  78.000	  62.000	  63.000	  67.345	  58.000	SimA2	R	6	50	2	654
1364	5	20	50.000	  78.000	  79.000	  49.367	  43.000	  78.000	AttR1	R	5	51	1	1022
1364	5	21	50.000	  80.000	  80.000	  50.000	  42.000	  80.000	AttR1	R	1	49	1	553
1364	5	22	51.000	  82.000	  82.000	  51.000	  82.000	  42.000	AttR2	R	6	51	1	688
1364	5	23	82.000	  47.488	  59.000	  66.000	  45.279	  86.000	ComD2	R	2	50	3	527
1364	5	24	48.800	  75.000	  60.000	  61.000	  43.800	  83.562	SimA1	R	2	51	2	731
1364	5	25	51.000	  81.000	  80.000	  51.638	  80.000	  44.638	AttR2	R	1	49	1	498
1364	5	26	96.000	  39.271	  81.000	  46.543	  58.000	  65.000	ComD1	R	2	50	3	618
1364	5	27	83.000	  45.325	  57.000	  66.000	  44.786	  84.000	ComD2	R	3	49	2	692
1364	5	28	46.877	  73.000	  58.000	  59.000	  41.877	  81.716	SimA1	R	3	49	2	1643
1364	5	29	50.077	  78.000	  62.000	  63.000	  47.077	  82.971	SimA1	R	5	49	2	659
1364	5	30	50.000	  79.000	  80.000	  49.375	  80.000	  40.375	AttR2	R	5	51	1	715
1364	5	31	93.000	  39.333	  91.000	  34.879	  95.000	  34.168	Fill1	R	3	50	1	666
1364	5	32	91.000	  39.560	  88.000	  35.784	  94.000	  33.457	Fill1	R	1	49	1	618
1364	5	33	83.000	  46.120	  58.000	  66.000	  44.512	  86.000	ComD2	R	1	50	2	979
1364	5	34	50.000	  82.000	  84.000	  48.810	  84.000	  39.810	AttR2	R	2	49	1	582
1364	5	35	76.000	  47.355	  74.000	  43.189	  78.000	  40.795	Fill2	R	1	49	1	881
1364	5	36	51.000	  82.000	  82.000	  51.000	  42.000	  82.000	AttR1	R	1	49	1	874
1364	5	37	96.000	  39.188	  82.000	  45.878	  57.000	  66.000	ComD1	R	5	50	3	1003
1364	5	38	50.000	  81.000	  83.000	  48.795	  83.000	  40.795	AttR2	R	1	50	2	915
1364	5	39	38.000	  90.000	  35.000	  82.571	  39.000	  74.718	Fill5	R	1	51	3	1362
1364	5	40	80.000	  45.600	  57.000	  64.000	  42.419	  86.000	ComD2	R	3	49	2	1950
1364	5	41	50.000	  78.000	  79.000	  49.367	  79.000	  41.367	AttR2	R	1	49	1	1467
1364	5	42	62.000	  59.000	  61.000	  51.885	  64.000	  50.500	Fill3	R	4	50	1	3299
1364	5	43	50.000	  80.000	  80.000	  50.000	  80.000	  41.000	AttR2	R	3	50	1	1401
1364	5	44	47.532	  77.000	  60.000	  61.000	  44.532	  82.187	SimA1	R	2	51	2	1212
1364	5	45	92.000	  39.120	  89.000	  35.787	  95.000	  32.758	Fill1	R	4	51	2	878
1364	5	46	99.000	  38.667	  83.000	  46.120	  58.000	  66.000	ComD1	R	4	50	1	806
1364	5	47	41.568	  88.000	  40.568	  77.401	  43.568	  71.750	Fill5	R	6	51	1	1457
1364	5	48	53.014	  69.000	  52.014	  61.906	  55.014	  58.366	Fill4	R	6	51	1	3001
1364	5	49	49.028	  71.000	  46.028	  65.373	  50.028	  61.325	Fill4	R	4	49	3	1411
1364	5	50	96.000	  38.667	  80.000	  46.400	  58.000	  64.000	ComD1	R	5	50	3	726
1364	5	51	61.000	  59.000	  59.000	  52.644	  64.000	  48.797	Fill3	R	5	51	1	1731
1364	5	52	46.413	  75.000	  59.000	  59.000	  42.413	  82.073	SimA1	R	5	49	2	1049
1364	5	53	94.000	  38.936	  91.000	  35.670	  97.000	  32.701	Fill1	R	3	50	1	4841
1364	5	54	91.000	  38.253	  88.000	  34.432	  92.000	  32.804	Fill1	R	6	51	1	969
1364	5	55	46.877	  73.000	  58.000	  59.000	  61.107	  56.000	SimA2	R	2	51	2	1915
1364	5	56	61.000	  60.000	  58.000	  55.483	  64.000	  49.875	Fill3	R	4	50	1	1761
1364	5	57	46.413	  75.000	  59.000	  59.000	  62.161	  56.000	SimA2	R	3	50	1	6030
1364	5	58	47.532	  77.000	  60.000	  61.000	  63.103	  58.000	SimA2	R	6	49	3	913
1364	5	59	74.000	  47.041	  73.000	  42.205	  76.000	  40.224	Fill2	R	4	50	1	1374
1364	5	60	80.000	  47.125	  58.000	  65.000	  43.333	  87.000	ComD2	R	2	51	2	834
1364	5	61	51.000	  79.000	  80.000	  50.362	  80.000	  41.362	AttR2	R	2	51	2	922
1364	5	62	40.438	  89.000	  38.438	  80.155	  42.438	  72.105	Fill5	R	3	51	3	1158
1364	5	63	97.000	  38.196	  82.000	  45.183	  57.000	  65.000	ComD1	R	4	49	3	740
1364	5	64	97.000	  40.144	  81.000	  48.074	  59.000	  66.000	ComD1	R	4	49	3	617
1364	5	65	51.000	  79.000	  80.000	  50.362	  42.000	  79.000	AttR1	R	5	49	2	1188
1364	5	66	48.800	  75.000	  61.000	  60.000	  45.800	  79.913	SimA1	R	5	49	2	647
1364	5	67	99.000	  38.000	  83.000	  45.325	  57.000	  66.000	ComD1	R	2	50	3	623
1364	5	68	81.000	  48.074	  59.000	  66.000	  45.279	  86.000	ComD2	R	2	51	2	922
1364	5	69	49.000	  80.000	  79.000	  49.620	  79.000	  42.620	AttR2	R	4	50	1	759
1364	5	70	39.112	  89.000	  38.112	  77.088	  41.112	  72.338	Fill5	R	2	49	1	947
1364	5	71	40.449	  89.000	  37.449	  82.511	  42.449	  72.557	Fill5	R	6	49	3	849
1364	5	72	76.000	  48.158	  73.000	  44.178	  79.000	  41.076	Fill2	R	2	50	3	1761
1364	5	73	82.000	  45.878	  57.000	  66.000	  44.786	  84.000	ComD2	R	1	50	2	862
1364	5	74	48.158	  76.000	  61.000	  60.000	  45.158	  81.049	SimA1	R	2	51	2	1443
1364	5	75	47.200	  75.000	  60.000	  59.000	  44.200	  80.090	SimA1	R	6	51	1	791
1364	5	76	97.000	  37.608	  80.000	  45.600	  57.000	  64.000	ComD1	R	3	51	3	729
1364	5	77	51.000	  81.000	  80.000	  51.638	  42.000	  81.000	AttR1	R	3	49	2	767
1364	5	78	97.000	  40.144	  82.000	  47.488	  59.000	  66.000	ComD1	R	5	50	3	857
1364	5	79	50.110	  73.000	  62.000	  59.000	  65.321	  56.000	SimA2	R	3	50	1	1345
1364	5	80	47.838	  74.000	  60.000	  59.000	  64.364	  55.000	SimA2	R	2	51	2	927
1364	5	81	50.000	  81.000	  83.000	  48.795	  43.000	  81.000	AttR1	R	2	49	1	875
1364	5	82	50.000	  82.000	  84.000	  48.810	  41.000	  82.000	AttR1	R	1	49	1	2571
1364	5	83	81.000	  46.543	  58.000	  65.000	  44.353	  85.000	ComD2	R	4	51	2	1279
1364	5	84	40.667	  90.000	  38.667	  80.534	  41.667	  75.816	Fill5	R	2	49	1	1310
1364	5	85	50.833	  72.000	  47.833	  67.296	  51.833	  61.621	Fill4	R	5	51	1	1699
1364	5	86	98.000	  38.469	  80.000	  47.125	  58.000	  65.000	ComD1	R	1	51	3	2218
1364	5	87	60.000	  60.000	  59.000	  53.220	  61.000	  51.934	Fill3	R	4	50	1	2307
1364	5	88	48.169	  71.000	  47.169	  62.520	  49.169	  59.651	Fill4	R	3	50	1	1577
1364	5	89	48.800	  75.000	  61.000	  60.000	  66.545	  55.000	SimA2	R	2	51	2	2500
1364	5	90	88.000	  38.864	  86.000	  34.512	  90.000	  33.178	Fill1	R	5	51	1	1185
1364	6	1	48.961	  76.000	  61.000	  61.000	  66.446	  56.000	SimA2	R	2	51	2	1773
1364	6	2	84.000	  46.262	  58.000	  67.000	  45.186	  86.000	ComD2	R	3	49	2	983
1364	6	3	81.000	  45.741	  57.000	  65.000	  43.081	  86.000	ComD2	R	3	49	2	746
1364	6	4	48.000	  75.000	  60.000	  60.000	  63.158	  57.000	SimA2	R	2	51	2	1166
1364	6	5	51.000	  79.000	  79.000	  51.000	  43.000	  79.000	AttR1	R	5	51	1	1946
1364	6	6	59.000	  60.000	  56.000	  54.893	  60.000	  51.300	Fill3	R	6	51	1	966
1364	6	7	49.000	  81.000	  79.000	  50.241	  79.000	  43.241	AttR2	R	3	49	2	1113
1364	6	8	48.000	  79.000	  79.000	  48.000	  40.000	  79.000	AttR1	R	3	50	1	1735
1364	6	9	52.528	  72.000	  51.528	  63.771	  54.528	  60.868	Fill4	R	2	49	1	917
1364	6	10	50.000	  82.000	  84.000	  48.810	  84.000	  40.810	AttR2	R	1	49	1	978
1364	6	11	97.000	  38.196	  82.000	  45.183	  57.000	  65.000	ComD1	R	2	50	3	659
1364	6	12	95.000	  39.811	  94.000	  35.894	  98.000	  33.837	Fill1	R	1	50	2	3035
1364	6	13	60.000	  61.000	  59.000	  53.729	  62.000	  51.032	Fill3	R	6	51	1	1452
1364	6	14	98.000	  38.388	  81.000	  46.444	  57.000	  66.000	ComD1	R	3	51	3	2684
1364	6	15	48.000	  79.000	  79.000	  48.000	  79.000	  41.000	AttR2	R	3	50	1	10596
1364	6	16	52.000	  79.000	  78.000	  52.667	  45.000	  79.000	AttR1	R	1	49	1	774
1364	6	17	82.000	  46.768	  59.000	  65.000	  44.593	  86.000	ComD2	R	3	49	2	681
1364	6	18	52.000	  79.000	  78.000	  52.667	  78.000	  43.667	AttR2	R	2	51	2	1105
1364	6	19	91.000	  38.901	  88.000	  34.659	  92.000	  33.804	Fill1	R	6	51	1	894
1364	6	20	81.000	  46.444	  57.000	  66.000	  43.744	  86.000	ComD2	R	3	49	2	1510
1364	6	21	48.635	  74.000	  61.000	  59.000	  66.648	  54.000	SimA2	R	4	49	3	1147
1364	6	22	50.571	  70.000	  47.571	  64.345	  51.571	  59.413	Fill4	R	4	50	1	3513
1364	6	23	47.368	  76.000	  60.000	  60.000	  64.286	  56.000	SimA2	R	3	51	3	3023
1364	6	24	95.000	  39.000	  81.000	  45.741	  57.000	  65.000	ComD1	R	5	50	3	1218
1364	6	25	50.000	  82.000	  84.000	  48.810	  43.000	  82.000	AttR1	R	3	50	1	1643
1364	6	26	49.000	  81.000	  79.000	  50.241	  40.000	  81.000	AttR1	R	4	50	1	1371
1364	6	27	48.649	  74.000	  60.000	  60.000	  43.649	  82.477	SimA1	R	1	50	2	1487
1364	6	28	50.000	  72.000	  48.000	  65.083	  51.000	  61.843	Fill4	R	4	50	1	775
1364	6	29	91.000	  38.901	  89.000	  35.112	  92.000	  33.489	Fill1	R	3	50	1	2866
1364	6	30	50.000	  80.000	  82.000	  48.780	  41.000	  80.000	AttR1	R	2	49	1	770
1364	6	31	80.000	  47.938	  59.000	  65.000	  43.580	  88.000	ComD2	R	6	50	2	883
1364	6	32	75.000	  47.173	  73.000	  42.397	  76.000	  40.513	Fill2	R	5	51	1	955
1364	6	33	75.000	  47.200	  74.000	  41.743	  78.000	  40.231	Fill2	R	3	50	1	1754
1364	6	34	52.029	  68.000	  50.029	  62.543	  54.029	  57.302	Fill4	R	3	50	1	950
1364	6	35	50.571	  70.000	  47.571	  64.724	  52.571	  58.054	Fill4	R	2	49	1	1156
1364	6	36	50.833	  72.000	  48.833	  66.307	  51.833	  62.605	Fill4	R	3	50	1	722
1364	6	37	40.000	  90.000	  38.000	  81.263	  42.000	  73.357	Fill5	R	4	49	3	800
1364	6	38	96.000	  39.948	  82.000	  46.768	  59.000	  65.000	ComD1	R	3	51	3	905
1364	6	39	49.000	  81.000	  79.000	  50.241	  79.000	  41.241	AttR2	R	3	50	1	703
1364	6	40	47.671	  73.000	  60.000	  58.000	  44.671	  77.902	SimA1	R	1	51	3	676
1364	6	41	96.000	  39.271	  82.000	  45.976	  58.000	  65.000	ComD1	R	2	50	3	587
1364	6	42	100.000	  38.860	  84.000	  46.262	  58.000	  67.000	ComD1	R	6	49	3	719
1364	6	43	47.671	  73.000	  60.000	  58.000	  63.273	  55.000	SimA2	R	5	50	3	1252
1364	6	44	73.000	  48.493	  72.000	  42.306	  75.000	  41.707	Fill2	R	6	51	1	1084
1364	6	45	82.000	  45.976	  58.000	  65.000	  43.837	  86.000	ComD2	R	1	50	2	740
1364	6	46	39.783	  92.000	  38.783	  80.577	  40.783	  76.650	Fill5	R	2	49	1	1018
1364	6	47	48.158	  76.000	  61.000	  60.000	  45.158	  81.049	SimA1	R	1	50	2	1452
1364	6	48	91.000	  40.220	  89.000	  36.618	  93.000	  34.054	Fill1	R	3	50	1	724
1364	6	49	48.649	  74.000	  60.000	  60.000	  64.286	  56.000	SimA2	R	6	51	1	2042
1364	6	50	91.000	  39.560	  89.000	  34.865	  93.000	  33.409	Fill1	R	3	50	1	825
1364	6	51	39.333	  90.000	  38.333	  78.496	  40.333	  75.099	Fill5	R	4	50	1	1147
1364	6	52	61.000	  58.000	  58.000	  52.569	  64.000	  48.266	Fill3	R	5	51	1	1130
1364	6	53	82.000	  46.768	  59.000	  65.000	  44.593	  86.000	ComD2	R	5	49	2	751
1364	6	54	76.000	  48.158	  75.000	  43.413	  78.000	  40.654	Fill2	R	5	51	1	804
1364	6	55	83.000	  46.819	  58.000	  67.000	  45.186	  86.000	ComD2	R	6	50	2	774
1364	6	56	49.000	  80.000	  78.000	  50.256	  42.000	  80.000	AttR1	R	5	51	1	1570
1364	6	57	49.000	  80.000	  81.000	  48.395	  81.000	  39.395	AttR2	R	3	50	1	1588
1364	6	58	49.000	  80.000	  81.000	  48.395	  42.000	  80.000	AttR1	R	4	50	1	894
1364	6	59	46.740	  77.000	  59.000	  61.000	  43.740	  82.281	SimA1	R	4	50	1	2191
1364	6	60	96.000	  39.948	  80.000	  47.938	  59.000	  65.000	ComD1	R	2	50	3	1953
1364	6	61	48.961	  76.000	  61.000	  61.000	  45.961	  80.961	SimA1	R	5	49	2	1078
1364	6	62	48.635	  74.000	  61.000	  59.000	  43.635	  82.479	SimA1	R	4	51	2	935
1364	6	63	49.000	  81.000	  79.000	  50.241	  41.000	  81.000	AttR1	R	1	50	2	724
1364	6	64	47.368	  76.000	  60.000	  60.000	  63.158	  57.000	SimA2	R	4	49	3	1578
1364	6	65	49.000	  80.000	  78.000	  50.256	  78.000	  41.256	AttR2	R	4	50	1	731
1364	6	66	41.109	  92.000	  38.109	  85.335	  43.109	  75.832	Fill5	R	6	51	1	1193
1364	6	67	59.000	  60.000	  58.000	  53.810	  60.000	  51.067	Fill3	R	4	49	3	2356
1364	6	68	50.000	  80.000	  82.000	  48.780	  82.000	  39.780	AttR2	R	3	50	1	1698
1364	6	69	39.775	  89.000	  37.775	  79.655	  41.775	  72.579	Fill5	R	3	49	2	385
1364	6	70	46.740	  77.000	  59.000	  61.000	  64.268	  56.000	SimA2	R	5	50	3	995
1364	6	71	76.000	  49.763	  75.000	  43.907	  78.000	  43.141	Fill2	R	5	51	1	1391
1364	6	72	47.368	  76.000	  60.000	  60.000	  43.368	  83.010	SimA1	R	4	51	2	3233
1364	6	73	40.205	  88.000	  38.205	  78.839	  42.205	  71.082	Fill5	R	2	49	1	1298
1364	6	74	92.000	  38.457	  90.000	  33.822	  95.000	  33.000	Fill1	R	5	51	1	1091
1364	6	75	47.838	  74.000	  59.000	  60.000	  63.214	  56.000	SimA2	R	2	49	1	1354
1364	6	76	97.000	  39.536	  82.000	  46.768	  59.000	  65.000	ComD1	R	3	50	1	543
1364	6	77	97.000	  39.536	  80.000	  47.938	  59.000	  65.000	ComD1	R	2	50	3	628
1364	6	78	50.000	  82.000	  82.000	  50.000	  82.000	  42.000	AttR2	R	2	49	1	623
1364	6	79	47.838	  74.000	  59.000	  60.000	  44.838	  78.951	SimA1	R	3	50	1	1538
1364	6	80	76.000	  47.368	  73.000	  42.616	  79.000	  40.405	Fill2	R	4	50	1	1104
1364	6	81	80.000	  47.938	  59.000	  65.000	  44.593	  86.000	ComD2	R	3	50	1	1524
1364	6	82	60.000	  60.000	  58.000	  55.052	  61.000	  51.951	Fill3	R	4	50	1	898
1364	6	83	48.000	  75.000	  60.000	  60.000	  43.000	  83.721	SimA1	R	4	51	2	2482
1364	6	84	50.000	  82.000	  82.000	  50.000	  43.000	  82.000	AttR1	R	4	50	1	1522
1364	6	85	51.000	  79.000	  79.000	  51.000	  79.000	  42.000	AttR2	R	2	49	1	719
1364	6	86	82.000	  45.183	  57.000	  65.000	  43.081	  86.000	ComD2	R	2	51	2	1180
1364	6	87	47.368	  76.000	  60.000	  60.000	  42.368	  84.969	SimA1	R	5	49	2	1806
1364	6	88	99.000	  39.253	  83.000	  46.819	  58.000	  67.000	ComD1	R	5	50	3	666
1364	6	89	48.158	  76.000	  61.000	  60.000	  65.357	  56.000	SimA2	R	3	50	1	1210
1364	6	90	62.000	  61.000	  60.000	  56.067	  64.000	  52.609	Fill3	R	1	51	3	2052
1364	7	1	94.000	  41.532	  93.000	  36.903	  95.000	  36.305	Fill1	R	1	49	1	4653
1364	7	2	51.108	  74.000	  48.108	  68.263	  52.108	  64.424	Fill4	R	3	50	1	959
1364	7	3	76.000	  51.368	  74.000	  46.919	  77.000	  44.403	Fill2	R	1	49	1	979
1364	7	4	47.838	  74.000	  60.000	  59.000	  42.838	  82.637	SimA1	R	5	49	2	527
1364	7	5	81.000	  45.827	  58.000	  64.000	  42.667	  87.000	ComD2	R	4	51	2	620
1364	7	6	51.000	  82.000	  83.000	  50.386	  83.000	  41.386	AttR2	R	5	51	1	663
1364	7	7	95.000	  39.684	  82.000	  45.976	  58.000	  65.000	ComD1	R	6	49	3	759
1364	7	8	50.000	  81.000	  83.000	  48.795	  83.000	  41.795	AttR2	R	5	51	1	748
1364	7	9	48.800	  75.000	  60.000	  61.000	  65.357	  56.000	SimA2	R	3	49	2	978
1364	7	10	51.304	  69.000	  49.304	  63.179	  52.304	  58.714	Fill4	R	5	51	1	549
1364	7	11	45.789	  76.000	  58.000	  60.000	  40.789	  85.316	SimA1	R	3	49	2	673
1364	7	12	82.000	  47.488	  59.000	  66.000	  44.250	  88.000	ComD2	R	3	51	3	609
1364	7	13	60.000	  61.000	  58.000	  55.793	  63.000	  51.238	Fill3	R	2	49	1	948
1364	7	14	51.932	  74.000	  49.932	  68.853	  53.932	  63.802	Fill4	R	1	49	1	569
1364	7	15	49.613	  75.000	  61.000	  61.000	  45.613	  81.577	SimA1	R	6	51	1	764
1364	7	16	93.000	  41.323	  90.000	  38.033	  95.000	  35.558	Fill1	R	3	49	2	674
1364	7	17	48.800	  75.000	  61.000	  60.000	  45.800	  79.913	SimA1	R	6	50	2	626
1364	7	18	47.200	  75.000	  60.000	  59.000	  43.200	  81.944	SimA1	R	2	51	2	1228
1364	7	19	92.000	  39.130	  91.000	  34.253	  95.000	  32.811	Fill1	R	4	50	1	679
1364	7	20	81.000	  47.259	  58.000	  66.000	  44.512	  86.000	ComD2	R	3	49	2	951
1364	7	21	60.000	  60.000	  59.000	  52.814	  61.000	  52.115	Fill3	R	6	51	1	763
1364	7	22	74.000	  49.459	  72.000	  45.139	  75.000	  43.373	Fill2	R	2	50	3	694
1364	7	23	41.109	  92.000	  40.109	  80.955	  42.109	  77.442	Fill5	R	5	51	1	823
1364	7	24	60.000	  59.000	  57.000	  54.491	  61.000	  50.967	Fill3	R	4	49	3	577
1364	7	25	40.000	  90.000	  38.000	  80.658	  42.000	  73.357	Fill5	R	6	49	3	852
1364	7	26	61.000	  62.000	  60.000	  55.317	  64.000	  52.484	Fill3	R	6	51	1	732
1364	7	27	49.000	  80.000	  82.000	  47.805	  40.000	  80.000	AttR1	R	2	49	1	609
1364	7	28	51.000	  80.000	  80.000	  51.000	  42.000	  80.000	AttR1	R	6	51	1	836
1364	7	29	47.000	  82.000	  82.000	  47.000	  82.000	  40.000	AttR2	R	1	50	2	2132
1364	7	30	48.800	  75.000	  60.000	  61.000	  44.800	  81.696	SimA1	R	3	49	2	1778
1364	7	31	49.000	  80.000	  82.000	  47.805	  82.000	  39.805	AttR2	R	1	50	2	732
1364	7	32	39.333	  90.000	  37.333	  80.464	  40.333	  74.802	Fill5	R	3	51	3	458
1364	7	33	80.000	  45.600	  57.000	  64.000	  43.429	  84.000	ComD2	R	4	51	2	1170
1364	7	34	81.000	  46.543	  58.000	  65.000	  44.353	  85.000	ComD2	R	4	51	2	564
1364	7	35	49.613	  75.000	  61.000	  61.000	  65.281	  57.000	SimA2	R	4	51	2	1282
1364	7	36	45.789	  76.000	  58.000	  60.000	  62.143	  56.000	SimA2	R	5	49	2	1066
1364	7	37	97.000	  40.144	  82.000	  47.488	  59.000	  66.000	ComD1	R	5	50	3	706
1364	7	38	47.200	  75.000	  60.000	  59.000	  65.556	  54.000	SimA2	R	1	49	1	1127
1364	7	39	48.000	  75.000	  60.000	  60.000	  43.000	  83.721	SimA1	R	6	50	2	1564
1364	7	40	92.000	  41.109	  90.000	  37.200	  94.000	  35.840	Fill1	R	2	49	1	754
1364	7	41	52.000	  80.000	  78.000	  53.333	  45.000	  80.000	AttR1	R	4	51	2	991
1364	7	42	41.772	  92.000	  38.772	  85.836	  43.772	  75.757	Fill5	R	5	51	1	945
1364	7	43	61.000	  64.000	  59.000	  57.831	  64.000	  53.922	Fill3	R	2	49	1	1903
1364	7	44	82.000	  45.976	  58.000	  65.000	  43.333	  87.000	ComD2	R	1	50	2	916
1364	7	45	98.000	  38.469	  81.000	  46.543	  58.000	  65.000	ComD1	R	4	49	3	1354
1364	7	46	46.068	  73.000	  59.000	  57.000	  62.278	  54.000	SimA2	R	4	51	2	2135
1364	7	47	48.000	  75.000	  60.000	  60.000	  65.455	  55.000	SimA2	R	5	51	1	1268
1364	7	48	76.000	  49.763	  75.000	  44.573	  77.000	  42.675	Fill2	R	3	50	1	420
1364	7	49	51.000	  80.000	  80.000	  51.000	  80.000	  44.000	AttR2	R	5	49	2	383
1364	7	50	51.000	  82.000	  80.000	  52.275	  80.000	  45.275	AttR2	R	4	50	1	538
1364	7	51	48.000	  75.000	  60.000	  60.000	  64.286	  56.000	SimA2	R	5	49	2	2103
1364	7	52	52.000	  83.000	  83.000	  52.000	  45.000	  83.000	AttR1	R	3	50	1	1636
1364	7	53	52.000	  80.000	  78.000	  53.333	  78.000	  45.333	AttR2	R	4	50	1	836
1364	7	54	74.000	  48.649	  73.000	  43.630	  75.000	  41.947	Fill2	R	4	50	1	1563
1364	7	55	95.000	  41.737	  82.000	  48.354	  61.000	  65.000	ComD1	R	6	50	2	1178
1364	7	56	95.000	  39.074	  81.000	  45.827	  58.000	  64.000	ComD1	R	2	50	3	596
1364	7	57	46.068	  73.000	  59.000	  57.000	  43.068	  78.085	SimA1	R	2	51	2	767
1364	7	58	39.783	  92.000	  38.783	  80.964	  41.783	  75.582	Fill5	R	3	51	3	834
1364	7	59	47.200	  75.000	  59.000	  60.000	  42.200	  83.886	SimA1	R	5	49	2	1898
1364	7	60	77.000	  49.909	  74.000	  46.054	  78.000	  43.449	Fill2	R	3	50	1	915
1364	7	61	82.000	  48.354	  61.000	  65.000	  44.551	  89.000	ComD2	R	5	49	2	696
1364	7	62	52.757	  74.000	  50.757	  68.720	  54.757	  63.335	Fill4	R	2	49	1	1543
1364	7	63	41.532	  94.000	  39.532	  85.501	  42.532	  78.999	Fill5	R	6	49	3	1364
1364	7	64	52.000	  83.000	  83.000	  52.000	  83.000	  44.000	AttR2	R	5	51	1	1083
1364	7	65	96.000	  38.667	  80.000	  46.400	  58.000	  64.000	ComD1	R	5	50	3	1266
1364	7	66	51.000	  80.000	  81.000	  50.370	  81.000	  42.370	AttR2	R	4	50	1	834
1364	7	67	80.000	  46.400	  58.000	  64.000	  43.163	  86.000	ComD2	R	5	49	2	874
1364	7	68	48.800	  75.000	  61.000	  60.000	  65.357	  56.000	SimA2	R	4	51	2	1442
1364	7	69	50.000	  72.000	  49.000	  65.020	  51.000	  61.725	Fill4	R	6	51	1	1098
1364	7	70	97.000	  37.526	  81.000	  44.938	  56.000	  65.000	ComD1	R	3	51	3	842
1364	7	71	94.000	  38.809	  80.000	  45.600	  57.000	  64.000	ComD1	R	3	51	3	626
1364	7	72	49.000	  83.000	  85.000	  47.847	  41.000	  83.000	AttR1	R	3	49	2	852
1364	7	73	74.000	  47.838	  71.000	  44.211	  76.000	  40.789	Fill2	R	2	49	1	1037
1364	7	74	51.000	  82.000	  80.000	  52.275	  43.000	  82.000	AttR1	R	1	50	2	836
1364	7	75	47.000	  82.000	  82.000	  47.000	  40.000	  82.000	AttR1	R	3	50	1	1140
1364	7	76	47.838	  74.000	  60.000	  59.000	  64.364	  55.000	SimA2	R	5	50	3	858
1364	7	77	97.000	  38.268	  80.000	  46.400	  58.000	  64.000	ComD1	R	3	51	3	1730
1364	7	78	47.200	  75.000	  59.000	  60.000	  63.214	  56.000	SimA2	R	4	49	3	1639
1364	7	79	81.000	  44.938	  56.000	  65.000	  43.333	  84.000	ComD2	R	2	51	2	1343
1364	7	80	80.000	  46.400	  58.000	  64.000	  42.667	  87.000	ComD2	R	2	51	2	804
1364	7	81	51.000	  80.000	  81.000	  50.370	  42.000	  80.000	AttR1	R	1	49	1	2200
1364	7	82	91.000	  38.901	  89.000	  34.944	  93.000	  33.699	Fill1	R	3	50	1	1162
1364	7	83	49.000	  83.000	  85.000	  47.847	  85.000	  40.847	AttR2	R	5	51	1	1183
1364	7	84	51.000	  82.000	  83.000	  50.386	  43.000	  82.000	AttR1	R	3	49	2	602
1364	7	85	92.000	  39.783	  90.000	  35.178	  95.000	  33.326	Fill1	R	4	51	2	1084
1364	7	86	61.000	  63.000	  59.000	  58.051	  63.000	  54.286	Fill3	R	4	50	1	1364
1364	7	87	48.000	  75.000	  60.000	  60.000	  44.000	  81.818	SimA1	R	6	50	2	2178
1364	7	88	50.000	  81.000	  83.000	  48.795	  43.000	  81.000	AttR1	R	3	50	1	1932
1364	7	89	99.000	  38.667	  81.000	  47.259	  58.000	  66.000	ComD1	R	6	50	2	1146
1364	7	90	50.137	  73.000	  49.137	  64.982	  51.137	  63.398	Fill4	R	4	51	2	1007
1364	8	1	52.000	  81.000	  80.000	  52.650	  45.000	  81.000	AttR1	R	1	50	2	5470
1364	8	2	50.000	  80.000	  81.000	  49.383	  42.000	  80.000	AttR1	R	3	49	2	861
1364	8	3	52.116	  69.000	  51.116	  60.901	  53.116	  59.624	Fill4	R	6	51	1	837
1364	8	4	93.000	  38.667	  90.000	  34.778	  94.000	  33.670	Fill1	R	6	51	1	979
1364	8	5	39.333	  90.000	  38.333	  78.861	  41.333	  73.210	Fill5	R	5	51	1	1839
1364	8	6	80.000	  46.312	  57.000	  65.000	  43.588	  85.000	ComD2	R	6	50	2	591
1364	8	7	75.000	  48.800	  73.000	  43.342	  76.000	  42.566	Fill2	R	5	49	2	1123
1364	8	8	48.773	  75.000	  62.000	  59.000	  45.773	  79.916	SimA1	R	5	49	2	1174
1364	8	9	81.000	  44.938	  56.000	  65.000	  43.333	  84.000	ComD2	R	2	49	1	601
1364	8	10	92.000	  38.478	  89.000	  34.528	  95.000	  32.432	Fill1	R	6	51	1	556
1364	8	11	62.000	  58.000	  60.000	  52.017	  63.000	  49.349	Fill3	R	4	49	3	514
1364	8	12	94.000	  40.170	  80.000	  47.200	  59.000	  64.000	ComD1	R	6	51	1	487
1364	8	13	40.864	  88.000	  39.864	  76.436	  41.864	  73.620	Fill5	R	5	50	3	775
1364	8	14	48.000	  82.000	  81.000	  48.593	  39.000	  82.000	AttR1	R	5	49	2	530
1364	8	15	40.227	  88.000	  38.227	  78.949	  41.227	  73.665	Fill5	R	4	50	1	791
1364	8	16	52.000	  81.000	  80.000	  52.650	  80.000	  43.650	AttR2	R	5	51	1	729
1364	8	17	96.000	  39.188	  81.000	  46.444	  57.000	  66.000	ComD1	R	2	50	3	711
1364	8	18	46.553	  76.000	  58.000	  61.000	  62.070	  57.000	SimA2	R	3	49	2	748
1364	8	19	47.041	  74.000	  59.000	  59.000	  44.041	  79.041	SimA1	R	6	49	3	729
1364	8	20	81.000	  46.543	  58.000	  65.000	  43.333	  87.000	ComD2	R	5	49	2	719
1364	8	21	95.000	  39.684	  81.000	  46.543	  58.000	  65.000	ComD1	R	3	51	3	1236
1364	8	22	50.000	  80.000	  81.000	  49.383	  81.000	  41.383	AttR2	R	6	51	1	628
1364	8	23	60.000	  59.000	  57.000	  54.439	  62.000	  49.903	Fill3	R	4	50	1	2407
1364	8	24	47.532	  77.000	  60.000	  61.000	  43.532	  84.075	SimA1	R	6	50	2	889
1364	8	25	53.000	  78.000	  79.000	  52.329	  46.000	  78.000	AttR1	R	6	51	1	1698
1364	8	26	47.041	  74.000	  59.000	  59.000	  64.463	  54.000	SimA2	R	3	49	2	898
1364	8	27	47.000	  79.000	  79.000	  47.000	  79.000	  38.000	AttR2	R	2	51	2	682
1364	8	28	92.000	  38.478	  91.000	  34.451	  95.000	  32.232	Fill1	R	2	49	1	978
1364	8	29	41.560	  91.000	  39.560	  82.962	  42.560	  76.409	Fill5	R	2	49	1	731
1364	8	30	82.000	  46.683	  58.000	  66.000	  45.035	  85.000	ComD2	R	2	50	3	1282
1364	8	31	53.000	  78.000	  79.000	  52.329	  79.000	  45.329	AttR2	R	2	49	1	641
1364	8	32	92.000	  39.783	  91.000	  35.044	  93.000	  35.011	Fill1	R	5	51	1	793
1364	8	33	59.000	  60.000	  56.000	  55.161	  62.000	  49.806	Fill3	R	3	50	1	644
1364	8	34	50.000	  82.000	  80.000	  51.250	  41.000	  82.000	AttR1	R	3	49	2	739
1364	8	35	98.000	  38.469	  82.000	  45.976	  58.000	  65.000	ComD1	R	1	51	3	1115
1364	8	36	47.685	  73.000	  59.000	  59.000	  64.463	  54.000	SimA2	R	6	51	1	1406
1364	8	37	50.000	  79.000	  79.000	  50.000	  79.000	  42.000	AttR2	R	3	50	1	649
1364	8	38	47.027	  74.000	  60.000	  58.000	  43.027	  80.879	SimA1	R	6	50	2	1681
1364	8	39	49.000	  83.000	  81.000	  50.210	  81.000	  41.210	AttR2	R	2	49	1	2833
1364	8	40	47.000	  80.000	  78.000	  48.205	  78.000	  40.205	AttR2	R	2	51	2	2026
1364	8	41	47.685	  73.000	  59.000	  59.000	  44.685	  77.901	SimA1	R	5	49	2	2052
1364	8	42	62.000	  61.000	  59.000	  57.017	  63.000	  53.000	Fill3	R	1	51	3	1492
1364	8	43	47.027	  74.000	  60.000	  58.000	  63.273	  55.000	SimA2	R	2	49	1	6652
1364	8	44	48.773	  75.000	  62.000	  59.000	  66.509	  55.000	SimA2	R	2	49	1	691
1364	8	45	49.944	  72.000	  62.000	  58.000	  65.382	  55.000	SimA2	R	1	49	1	571
1364	8	46	49.763	  76.000	  62.000	  61.000	  46.763	  80.876	SimA1	R	5	50	3	815
1364	8	47	49.859	  71.000	  48.859	  63.857	  50.859	  60.461	Fill4	R	1	49	1	969
1364	8	48	47.692	  78.000	  60.000	  62.000	  65.263	  57.000	SimA2	R	3	51	3	1123
1364	8	49	49.859	  71.000	  47.859	  64.941	  50.859	  60.422	Fill4	R	4	51	2	1034
1364	8	50	82.000	  45.976	  58.000	  65.000	  43.333	  87.000	ComD2	R	4	51	2	865
1364	8	51	47.000	  79.000	  79.000	  47.000	  39.000	  79.000	AttR1	R	2	49	1	633
1364	8	52	50.000	  80.000	  82.000	  48.780	  82.000	  40.780	AttR2	R	6	51	1	673
1364	8	53	49.763	  76.000	  62.000	  61.000	  66.351	  57.000	SimA2	R	3	50	1	650
1364	8	54	78.000	  46.103	  76.000	  41.408	  79.000	  40.291	Fill2	R	3	50	1	953
1364	8	55	46.579	  76.000	  59.000	  60.000	  64.364	  55.000	SimA2	R	5	50	3	678
1364	8	56	57.000	  60.000	  56.000	  52.607	  59.000	  50.576	Fill3	R	5	50	3	606
1364	8	57	49.000	  83.000	  81.000	  50.210	  42.000	  83.000	AttR1	R	5	51	1	6145
1364	8	58	53.268	  71.000	  52.268	  63.060	  54.268	  61.510	Fill4	R	3	51	3	695
1364	8	59	46.579	  76.000	  59.000	  60.000	  42.579	  83.140	SimA1	R	4	50	1	323
1364	8	60	60.000	  61.000	  59.000	  54.034	  61.000	  53.016	Fill3	R	5	51	1	604
1364	8	61	76.000	  49.763	  74.000	  45.419	  77.000	  43.000	Fill2	R	2	49	1	630
1364	8	62	40.220	  91.000	  37.220	  84.203	  42.220	  74.183	Fill5	R	1	49	1	657
1364	8	63	48.000	  82.000	  81.000	  48.593	  81.000	  39.593	AttR2	R	4	50	1	426
1364	8	64	51.549	  71.000	  49.549	  64.703	  53.549	  59.571	Fill4	R	2	50	3	563
1364	8	65	50.000	  79.000	  79.000	  50.000	  43.000	  79.000	AttR1	R	3	51	3	441
1364	8	66	94.000	  39.489	  81.000	  45.827	  58.000	  64.000	ComD1	R	5	50	3	457
1364	8	67	95.000	  39.811	  94.000	  35.585	  96.000	  34.656	Fill1	R	5	51	1	946
1364	8	68	47.692	  78.000	  60.000	  62.000	  44.692	  83.236	SimA1	R	2	51	2	710
1364	8	69	83.000	  47.627	  59.000	  67.000	  44.920	  88.000	ComD2	R	2	50	3	516
1364	8	70	50.000	  80.000	  82.000	  48.780	  42.000	  80.000	AttR1	R	4	51	2	506
1364	8	71	95.000	  39.000	  80.000	  46.312	  57.000	  65.000	ComD1	R	2	50	3	342
1364	8	72	46.553	  76.000	  58.000	  61.000	  43.553	  81.235	SimA1	R	3	51	3	412
1364	8	73	50.000	  82.000	  80.000	  51.250	  80.000	  43.250	AttR2	R	5	50	3	422
1364	8	74	47.532	  77.000	  60.000	  61.000	  65.357	  56.000	SimA2	R	2	51	2	489
1364	8	75	98.000	  37.143	  81.000	  44.938	  56.000	  65.000	ComD1	R	5	50	3	425
1364	8	76	81.000	  46.543	  58.000	  65.000	  44.353	  85.000	ComD2	R	5	50	3	996
1364	8	77	49.944	  72.000	  62.000	  58.000	  45.944	  78.268	SimA1	R	2	51	2	950
1364	8	78	38.427	  89.000	  36.427	  79.721	  39.427	  73.858	Fill5	R	2	49	1	1083
1364	8	79	73.000	  48.493	  71.000	  43.817	  74.000	  41.568	Fill2	R	5	51	1	723
1364	8	80	80.000	  47.200	  59.000	  64.000	  43.402	  87.000	ComD2	R	4	50	1	634
1364	8	81	90.000	  38.000	  87.000	  34.172	  93.000	  31.462	Fill1	R	2	51	2	393
1364	8	82	97.000	  38.866	  81.000	  46.543	  58.000	  65.000	ComD1	R	4	50	1	355
1364	8	83	97.000	  39.464	  82.000	  46.683	  58.000	  66.000	ComD1	R	2	49	1	201
1364	8	84	47.000	  80.000	  78.000	  48.205	  38.000	  80.000	AttR1	R	3	50	1	259
1364	8	85	100.000	  39.530	  83.000	  47.627	  59.000	  67.000	ComD1	R	3	51	3	660
1364	8	86	81.000	  46.444	  57.000	  66.000	  43.744	  86.000	ComD2	R	4	51	2	868
1364	8	87	48.857	  70.000	  47.857	  62.373	  50.857	  58.084	Fill4	R	5	51	1	956
1364	8	88	76.000	  46.579	  73.000	  42.767	  77.000	  39.844	Fill2	R	3	49	2	1138
1364	8	89	81.000	  45.827	  58.000	  64.000	  42.667	  87.000	ComD2	R	3	49	2	694
1364	8	90	73.000	  46.849	  71.000	  41.775	  74.000	  39.986	Fill2	R	3	50	1	766
