username: S43, Experiment time (minutes): 88
Operating system: Mac OS 10.8.5
Manufacturer: Google Pepper
Player type: PlugIn
Version: MAC 13,0,0,182

username	blkNum	trlNum	Rect1Height	Rect1Width	Rect2Height	Rect2Width	Rect3Height	Rect3Width	Effect	StimType	StimPosition	rawResp	response	RT
1643	0	1	90.000	  38.633	  88.000	  34.398	  91.000	  33.473	Fill1	R	4	50	1	2430
1643	0	2	77.000	  49.117	  74.000	  44.432	  79.000	  41.734	Fill2	R	6	51	1	4370
1643	0	3	59.000	  59.000	  58.000	  52.224	  60.000	  49.917	Fill3	R	3	50	1	4647
1643	1	1	62.000	  59.000	  60.000	  52.850	  63.000	  50.381	Fill3	R	5	51	1	3500
1643	1	2	97.000	  38.268	  80.000	  46.400	  58.000	  64.000	ComD1	R	2	51	2	6156
1643	1	3	53.000	  80.000	  81.000	  52.346	  45.000	  80.000	AttR1	R	3	50	1	3041
1643	1	4	53.000	  80.000	  81.000	  52.346	  81.000	  43.346	AttR2	R	5	51	1	2273
1643	1	5	48.886	  70.000	  47.886	  62.628	  49.886	  60.037	Fill4	R	6	51	1	1649
1643	1	6	96.000	  39.271	  82.000	  45.976	  58.000	  65.000	ComD1	R	4	51	2	1954
1643	1	7	48.325	  77.000	  61.000	  61.000	  45.325	  82.097	SimA1	R	3	50	1	4199
1643	1	8	48.635	  74.000	  61.000	  59.000	  66.648	  54.000	SimA2	R	4	50	1	1209
1643	1	9	92.000	  37.826	  91.000	  33.055	  93.000	  32.376	Fill1	R	3	50	1	965
1643	1	10	46.000	  80.000	  81.000	  45.432	  81.000	  38.432	AttR2	R	6	51	1	4792
1643	1	11	50.000	  80.000	  78.000	  51.282	  78.000	  44.282	AttR2	R	4	50	1	2340
1643	1	12	52.000	  76.000	  74.000	  53.405	  44.000	  76.000	AttR1	R	3	50	1	1144
1643	1	13	47.355	  76.000	  59.000	  61.000	  42.355	  84.972	SimA1	R	4	50	1	2975
1643	1	14	97.000	  39.464	  83.000	  46.120	  58.000	  66.000	ComD1	R	6	49	3	4009
1643	1	15	97.000	  38.866	  81.000	  46.543	  58.000	  65.000	ComD1	R	5	50	3	1732
1643	1	16	50.000	  80.000	  80.000	  50.000	  80.000	  42.000	AttR2	R	3	50	1	1817
1643	1	17	49.000	  82.000	  84.000	  47.833	  40.000	  82.000	AttR1	R	6	51	1	965
1643	1	18	82.000	  45.183	  57.000	  65.000	  43.081	  86.000	ComD2	R	1	50	2	1305
1643	1	19	50.000	  81.000	  82.000	  49.390	  82.000	  41.390	AttR2	R	4	50	1	2887
1643	1	20	50.000	  80.000	  80.000	  50.000	  42.000	  80.000	AttR1	R	3	50	1	1479
1643	1	21	98.000	  37.806	  82.000	  45.183	  57.000	  65.000	ComD1	R	3	51	3	1807
1643	1	22	95.000	  38.400	  79.000	  46.177	  57.000	  64.000	ComD1	R	3	50	1	2520
1643	1	23	53.014	  69.000	  50.014	  65.041	  54.014	  58.632	Fill4	R	5	51	1	847
1643	1	24	41.101	  89.000	  39.101	  80.126	  42.101	  73.917	Fill5	R	3	50	1	1678
1643	1	25	101.000	  39.050	  85.000	  46.400	  58.000	  68.000	ComD1	R	3	50	1	3791
1643	1	26	49.000	  79.000	  81.000	  47.790	  81.000	  39.790	AttR2	R	1	50	2	761
1643	1	27	75.000	  45.627	  73.000	  41.288	  77.000	  38.325	Fill2	R	3	50	1	2367
1643	1	28	40.667	  90.000	  37.667	  83.841	  42.667	  73.852	Fill5	R	4	50	1	1969
1643	1	29	51.240	  75.000	  63.000	  61.000	  66.259	  58.000	SimA2	R	5	50	3	3644
1643	1	30	47.838	  74.000	  59.000	  60.000	  43.838	  80.752	SimA1	R	3	50	1	4492
1643	1	31	52.000	  79.000	  77.000	  53.351	  77.000	  45.351	AttR2	R	4	51	2	1516
1643	1	32	59.000	  58.000	  56.000	  52.964	  60.000	  50.367	Fill3	R	3	50	1	2272
1643	1	33	47.685	  73.000	  59.000	  59.000	  43.685	  79.684	SimA1	R	2	49	1	1528
1643	1	34	51.240	  75.000	  63.000	  61.000	  47.240	  81.351	SimA1	R	5	49	2	1454
1643	1	35	52.000	  76.000	  74.000	  53.405	  74.000	  44.405	AttR2	R	3	50	1	710
1643	1	36	80.000	  47.125	  58.000	  65.000	  44.353	  85.000	ComD2	R	6	50	2	2924
1643	1	37	49.714	  70.000	  47.714	  63.419	  50.714	  60.042	Fill4	R	2	49	1	3297
1643	1	38	50.833	  72.000	  48.833	  64.853	  51.833	  62.045	Fill4	R	2	49	1	1873
1643	1	39	80.000	  46.400	  58.000	  64.000	  43.671	  85.000	ComD2	R	5	49	2	1769
1643	1	40	47.671	  73.000	  60.000	  58.000	  64.444	  54.000	SimA2	R	6	51	1	2637
1643	1	41	49.000	  80.000	  81.000	  48.395	  81.000	  41.395	AttR2	R	4	50	1	1652
1643	1	42	85.000	  46.400	  58.000	  68.000	  46.400	  85.000	ComD2	R	3	50	1	3156
1643	1	43	59.000	  61.000	  56.000	  57.018	  61.000	  51.197	Fill3	R	3	50	1	1226
1643	1	44	52.000	  79.000	  77.000	  53.351	  43.000	  79.000	AttR1	R	6	51	1	957
1643	1	45	48.800	  75.000	  61.000	  60.000	  66.545	  55.000	SimA2	R	3	50	1	890
1643	1	46	48.635	  74.000	  61.000	  59.000	  44.635	  80.632	SimA1	R	3	49	2	2178
1643	1	47	82.000	  47.561	  60.000	  65.000	  44.318	  88.000	ComD2	R	4	49	3	1972
1643	1	48	45.627	  75.000	  58.000	  59.000	  42.627	  80.278	SimA1	R	4	51	2	1799
1643	1	49	92.000	  39.120	  91.000	  34.132	  95.000	  32.916	Fill1	R	3	50	1	801
1643	1	50	39.120	  92.000	  38.120	  80.169	  41.120	  74.539	Fill5	R	3	50	1	1547
1643	1	51	50.000	  80.000	  78.000	  51.282	  43.000	  80.000	AttR1	R	5	51	1	1001
1643	1	52	61.000	  60.000	  59.000	  54.915	  62.000	  52.242	Fill3	R	3	50	1	740
1643	1	53	39.545	  88.000	  37.545	  79.077	  40.545	  72.388	Fill5	R	3	50	1	1049
1643	1	54	59.000	  61.000	  57.000	  55.509	  60.000	  52.300	Fill3	R	5	51	1	849
1643	1	55	39.989	  90.000	  38.989	  78.304	  41.989	  73.734	Fill5	R	5	51	1	1441
1643	1	56	49.000	  82.000	  84.000	  47.833	  84.000	  40.833	AttR2	R	5	51	1	1201
1643	1	57	79.000	  46.177	  57.000	  64.000	  43.429	  84.000	ComD2	R	3	49	2	2940
1643	1	58	46.579	  76.000	  59.000	  60.000	  62.105	  57.000	SimA2	R	5	51	1	1857
1643	1	59	98.000	  39.796	  82.000	  47.561	  60.000	  65.000	ComD1	R	2	51	2	5545
1643	1	60	92.000	  39.120	  91.000	  34.429	  94.000	  33.362	Fill1	R	4	50	1	662
1643	1	61	92.000	  39.783	  89.000	  36.315	  93.000	  34.753	Fill1	R	1	49	1	6286
1643	1	62	73.000	  49.301	  70.000	  45.086	  76.000	  41.697	Fill2	R	5	51	1	975
1643	1	63	49.000	  80.000	  81.000	  48.395	  42.000	  80.000	AttR1	R	6	50	2	1153
1643	1	64	46.000	  80.000	  81.000	  45.432	  39.000	  80.000	AttR1	R	4	50	1	815
1643	1	65	75.000	  46.400	  74.000	  40.986	  76.000	  40.487	Fill2	R	5	51	1	2297
1643	1	66	76.000	  48.158	  75.000	  42.493	  77.000	  41.351	Fill2	R	6	51	1	801
1643	1	67	95.000	  38.505	  92.000	  35.033	  97.000	  32.948	Fill1	R	4	50	1	1092
1643	1	68	75.000	  47.987	  72.000	  44.319	  77.000	  41.208	Fill2	R	4	50	1	3284
1643	1	69	50.690	  71.000	  49.690	  62.970	  52.690	  58.835	Fill4	R	4	50	1	724
1643	1	70	48.325	  77.000	  61.000	  61.000	  65.281	  57.000	SimA2	R	6	50	2	917
1643	1	71	96.000	  39.875	  81.000	  47.259	  58.000	  66.000	ComD1	R	5	50	3	1256
1643	1	72	50.000	  81.000	  82.000	  49.390	  42.000	  81.000	AttR1	R	3	50	1	2192
1643	1	73	81.000	  46.543	  58.000	  65.000	  43.837	  86.000	ComD2	R	5	49	2	1090
1643	1	74	60.000	  58.000	  58.000	  52.103	  63.000	  47.810	Fill3	R	2	49	1	1840
1643	1	75	47.671	  73.000	  60.000	  58.000	  43.671	  79.686	SimA1	R	2	49	1	1681
1643	1	76	45.627	  75.000	  58.000	  59.000	  61.107	  56.000	SimA2	R	2	51	2	3745
1643	1	77	82.000	  45.976	  58.000	  65.000	  43.837	  86.000	ComD2	R	5	49	2	3007
1643	1	78	78.000	  46.897	  76.000	  42.000	  80.000	  39.587	Fill2	R	2	49	1	1601
1643	1	79	81.000	  47.259	  58.000	  66.000	  44.512	  86.000	ComD2	R	2	51	2	1116
1643	1	80	47.685	  73.000	  59.000	  59.000	  62.161	  56.000	SimA2	R	4	50	1	873
1643	1	81	47.838	  74.000	  59.000	  60.000	  64.364	  55.000	SimA2	R	4	50	1	1585
1643	1	82	95.000	  39.684	  80.000	  47.125	  58.000	  65.000	ComD1	R	2	49	1	3668
1643	1	83	46.579	  76.000	  59.000	  60.000	  43.579	  81.232	SimA1	R	4	51	2	1556
1643	1	84	47.355	  76.000	  59.000	  61.000	  62.052	  58.000	SimA2	R	3	50	1	3818
1643	1	85	49.986	  72.000	  48.986	  65.141	  51.986	  61.497	Fill4	R	5	51	1	3012
1643	1	86	49.000	  79.000	  81.000	  47.790	  42.000	  79.000	AttR1	R	6	51	1	975
1643	1	87	92.000	  37.196	  89.000	  33.607	  93.000	  31.742	Fill1	R	5	51	1	1009
1643	1	88	48.800	  75.000	  61.000	  60.000	  45.800	  79.913	SimA1	R	3	50	1	2052
1643	1	89	38.886	  88.000	  35.886	  81.312	  40.886	  70.610	Fill5	R	5	51	1	2036
1643	1	90	83.000	  46.120	  58.000	  66.000	  45.035	  85.000	ComD2	R	2	50	3	2364
1643	2	1	62.000	  61.000	  61.000	  54.705	  65.000	  51.523	Fill3	R	5	51	1	3893
1643	2	2	90.000	  38.678	  87.000	  34.460	  91.000	  33.615	Fill1	R	4	50	1	693
1643	2	3	39.775	  89.000	  38.775	  77.188	  40.775	  74.310	Fill5	R	4	50	1	836
1643	2	4	71.000	  47.324	  68.000	  43.132	  73.000	  40.164	Fill2	R	2	49	1	1836
1643	2	5	51.000	  80.000	  79.000	  51.646	  44.000	  80.000	AttR1	R	6	51	1	2044
1643	2	6	47.838	  74.000	  60.000	  59.000	  43.838	  80.752	SimA1	R	2	49	1	1805
1643	2	7	49.000	  78.000	  77.000	  49.636	  77.000	  41.636	AttR2	R	2	51	2	2177
1643	2	8	49.459	  74.000	  61.000	  60.000	  46.459	  78.778	SimA1	R	5	51	1	3489
1643	2	9	48.000	  78.000	  77.000	  48.623	  40.000	  78.000	AttR1	R	5	51	1	1266
1643	2	10	53.000	  81.000	  82.000	  52.354	  46.000	  81.000	AttR1	R	2	49	1	1280
1643	2	11	81.000	  46.543	  58.000	  65.000	  43.333	  87.000	ComD2	R	6	50	2	793
1643	2	12	98.000	  39.735	  81.000	  48.074	  59.000	  66.000	ComD1	R	5	50	3	844
1643	2	13	49.000	  79.000	  77.000	  50.273	  77.000	  42.273	AttR2	R	4	50	1	1492
1643	2	14	79.000	  46.177	  57.000	  64.000	  42.419	  86.000	ComD2	R	4	50	1	4460
1643	2	15	39.112	  89.000	  37.112	  79.623	  40.112	  73.693	Fill5	R	5	51	1	700
1643	2	16	52.000	  78.000	  80.000	  50.700	  45.000	  78.000	AttR1	R	2	49	1	1681
1643	2	17	84.000	  46.262	  58.000	  67.000	  45.718	  85.000	ComD2	R	3	51	3	4377
1643	2	18	73.000	  48.493	  70.000	  44.571	  76.000	  40.066	Fill2	R	2	49	1	1028
1643	2	19	94.000	  40.234	  91.000	  37.154	  95.000	  35.232	Fill1	R	5	51	1	792
1643	2	20	48.132	  76.000	  59.000	  62.000	  63.069	  58.000	SimA2	R	1	51	3	1282
1643	2	21	50.000	  79.000	  81.000	  48.765	  41.000	  79.000	AttR1	R	1	49	1	1529
1643	2	22	49.459	  74.000	  61.000	  60.000	  64.211	  57.000	SimA2	R	3	50	1	790
1643	2	23	52.000	  78.000	  80.000	  50.700	  80.000	  42.700	AttR2	R	1	49	1	1481
1643	2	24	92.000	  40.446	  89.000	  37.169	  95.000	  34.842	Fill1	R	4	50	1	1385
1643	2	25	49.000	  78.000	  77.000	  49.636	  41.000	  78.000	AttR1	R	5	51	1	2124
1643	2	26	47.000	  81.000	  81.000	  47.000	  38.000	  81.000	AttR1	R	2	51	2	2680
1643	2	27	95.000	  39.684	  81.000	  46.543	  58.000	  65.000	ComD1	R	4	49	3	4178
1643	2	28	49.000	  79.000	  77.000	  50.273	  40.000	  79.000	AttR1	R	5	51	1	836
1643	2	29	71.000	  47.366	  70.000	  41.714	  72.000	  40.444	Fill2	R	3	50	1	1388
1643	2	30	82.000	  45.878	  57.000	  66.000	  44.786	  84.000	ComD2	R	3	49	2	1560
1643	2	31	48.739	  69.000	  46.739	  62.432	  50.739	  57.037	Fill4	R	6	51	1	948
1643	2	32	81.000	  48.074	  59.000	  66.000	  44.759	  87.000	ComD2	R	5	51	1	1881
1643	2	33	48.325	  77.000	  61.000	  61.000	  64.155	  58.000	SimA2	R	5	51	1	2298
1643	2	34	75.000	  46.413	  73.000	  42.192	  76.000	  40.118	Fill2	R	5	51	1	936
1643	2	35	49.859	  71.000	  48.859	  64.000	  50.859	  61.739	Fill4	R	5	51	1	1047
1643	2	36	81.000	  47.346	  59.000	  65.000	  43.580	  88.000	ComD2	R	4	51	2	1111
1643	2	37	96.000	  39.271	  81.000	  46.543	  58.000	  65.000	ComD1	R	3	49	2	1908
1643	2	38	77.000	  48.325	  75.000	  44.267	  79.000	  41.278	Fill2	R	6	51	1	784
1643	2	39	38.216	  88.000	  36.216	  77.728	  40.216	  70.569	Fill5	R	2	49	1	2356
1643	2	40	47.532	  77.000	  60.000	  61.000	  63.103	  58.000	SimA2	R	5	50	3	833
1643	2	41	47.838	  74.000	  60.000	  59.000	  63.214	  56.000	SimA2	R	5	51	1	1817
1643	2	42	95.000	  40.421	  81.000	  47.407	  60.000	  64.000	ComD1	R	3	50	1	836
1643	2	43	37.753	  89.000	  36.753	  77.028	  39.753	  71.919	Fill5	R	5	51	1	996
1643	2	44	53.000	  81.000	  82.000	  52.354	  82.000	  44.354	AttR2	R	4	50	1	1375
1643	2	45	52.000	  79.000	  79.000	  52.000	  79.000	  44.000	AttR2	R	1	49	1	1953
1643	2	46	47.368	  76.000	  60.000	  60.000	  42.368	  84.969	SimA1	R	3	49	2	1048
1643	2	47	81.000	  46.543	  58.000	  65.000	  43.837	  86.000	ComD2	R	6	51	1	2591
1643	2	48	47.368	  76.000	  60.000	  60.000	  63.158	  57.000	SimA2	R	6	50	2	1121
1643	2	49	49.282	  78.000	  62.000	  62.000	  45.282	  84.890	SimA1	R	3	49	2	3296
1643	2	50	47.532	  77.000	  60.000	  61.000	  42.532	  86.052	SimA1	R	4	49	3	983
1643	2	51	48.132	  76.000	  59.000	  62.000	  45.132	  81.052	SimA1	R	6	49	3	3601
1643	2	52	49.000	  78.000	  77.000	  49.636	  77.000	  40.636	AttR2	R	5	51	1	1859
1643	2	53	96.000	  39.948	  81.000	  47.346	  59.000	  65.000	ComD1	R	5	51	1	3052
1643	2	54	47.000	  81.000	  81.000	  47.000	  81.000	  40.000	AttR2	R	2	51	2	1268
1643	2	55	47.811	  74.000	  61.000	  58.000	  42.811	  82.643	SimA1	R	3	49	2	2164
1643	2	56	59.000	  59.000	  58.000	  52.103	  61.000	  50.098	Fill3	R	2	49	1	930
1643	2	57	94.000	  38.809	  79.000	  46.177	  57.000	  64.000	ComD1	R	4	50	1	2640
1643	2	58	57.000	  59.000	  54.000	  54.037	  59.000	  48.593	Fill3	R	4	50	1	1519
1643	2	59	80.000	  47.125	  58.000	  65.000	  43.837	  86.000	ComD2	R	4	49	3	2140
1643	2	60	48.325	  77.000	  61.000	  61.000	  43.325	  85.886	SimA1	R	4	50	1	1506
1643	2	61	52.000	  79.000	  79.000	  52.000	  45.000	  79.000	AttR1	R	6	51	1	1407
1643	2	62	81.000	  47.407	  60.000	  64.000	  43.146	  89.000	ComD2	R	5	51	1	5330
1643	2	63	47.368	  76.000	  60.000	  60.000	  42.368	  84.969	SimA1	R	4	50	1	1214
1643	2	64	80.000	  47.200	  59.000	  64.000	  43.402	  87.000	ComD2	R	1	51	3	1833
1643	2	65	49.028	  71.000	  48.028	  62.172	  50.028	  59.606	Fill4	R	1	49	1	1352
1643	2	66	61.000	  61.000	  59.000	  55.237	  63.000	  52.476	Fill3	R	5	51	1	2351
1643	2	67	47.811	  74.000	  61.000	  58.000	  64.327	  55.000	SimA2	R	4	49	3	4628
1643	2	68	49.000	  78.000	  77.000	  49.636	  42.000	  78.000	AttR1	R	5	49	2	2696
1643	2	69	100.000	  38.860	  84.000	  46.262	  58.000	  67.000	ComD1	R	4	51	2	5359
1643	2	70	56.000	  60.000	  53.000	  54.340	  59.000	  49.763	Fill3	R	1	49	1	1636
1643	2	71	49.282	  78.000	  62.000	  62.000	  65.153	  59.000	SimA2	R	4	49	3	1701
1643	2	72	91.000	  38.901	  89.000	  34.742	  92.000	  33.957	Fill1	R	4	50	1	938
1643	2	73	59.000	  60.000	  57.000	  53.509	  60.000	  51.667	Fill3	R	3	50	1	1183
1643	2	74	96.000	  39.188	  82.000	  45.878	  57.000	  66.000	ComD1	R	3	49	2	2224
1643	2	75	89.000	  37.753	  87.000	  33.448	  92.000	  31.891	Fill1	R	4	50	1	2139
1643	2	76	51.000	  80.000	  79.000	  51.646	  79.000	  42.646	AttR2	R	5	49	2	920
1643	2	77	95.000	  39.684	  80.000	  47.125	  58.000	  65.000	ComD1	R	2	51	2	1975
1643	2	78	50.000	  79.000	  81.000	  48.765	  81.000	  41.765	AttR2	R	5	49	2	1065
1643	2	79	76.000	  49.763	  73.000	  45.479	  77.000	  43.532	Fill2	R	4	50	1	745
1643	2	80	90.000	  37.367	  88.000	  33.170	  92.000	  31.293	Fill1	R	6	51	1	1079
1643	2	81	50.973	  73.000	  47.973	  67.351	  51.973	  62.822	Fill4	R	2	49	1	1751
1643	2	82	47.200	  75.000	  59.000	  60.000	  64.364	  55.000	SimA2	R	5	50	3	1236
1643	2	83	40.890	  91.000	  39.890	  80.747	  42.890	  74.563	Fill5	R	4	50	1	1684
1643	2	84	46.667	  72.000	  43.667	  67.328	  48.667	  59.630	Fill4	R	3	50	1	828
1643	2	85	41.109	  92.000	  40.109	  80.606	  43.109	  75.112	Fill5	R	3	50	1	815
1643	2	86	47.200	  75.000	  59.000	  60.000	  42.200	  83.886	SimA1	R	6	51	1	1769
1643	2	87	52.528	  72.000	  51.528	  64.354	  54.528	  61.272	Fill4	R	4	50	1	725
1643	2	88	96.000	  39.333	  80.000	  47.200	  59.000	  64.000	ComD1	R	3	49	2	1698
1643	2	89	47.368	  76.000	  60.000	  60.000	  64.286	  56.000	SimA2	R	4	50	1	1585
1643	2	90	48.000	  78.000	  77.000	  48.623	  77.000	  39.623	AttR2	R	6	50	2	1579
1643	3	1	51.000	  79.000	  81.000	  49.741	  44.000	  79.000	AttR1	R	5	51	1	2989
1643	3	2	59.000	  62.000	  56.000	  57.482	  61.000	  52.164	Fill3	R	1	49	1	1569
1643	3	3	47.838	  74.000	  60.000	  59.000	  43.838	  80.752	SimA1	R	4	51	2	1332
1643	3	4	95.000	  40.368	  81.000	  47.346	  59.000	  65.000	ComD1	R	3	50	1	1737
1643	3	5	47.838	  74.000	  59.000	  60.000	  42.838	  82.637	SimA1	R	4	50	1	1615
1643	3	6	51.000	  79.000	  81.000	  49.741	  43.000	  79.000	AttR1	R	6	50	2	1153
1643	3	7	83.000	  46.120	  58.000	  66.000	  44.512	  86.000	ComD2	R	3	49	2	1695
1643	3	8	48.800	  75.000	  61.000	  60.000	  44.800	  81.696	SimA1	R	2	50	3	1127
1643	3	9	94.000	  38.809	  79.000	  46.177	  57.000	  64.000	ComD1	R	1	50	2	1740
1643	3	10	49.000	  78.000	  79.000	  48.380	  42.000	  78.000	AttR1	R	3	50	1	1033
1643	3	11	81.000	  47.346	  59.000	  65.000	  43.580	  88.000	ComD2	R	3	51	3	2978
1643	3	12	47.838	  74.000	  59.000	  60.000	  63.214	  56.000	SimA2	R	2	49	1	1028
1643	3	13	49.000	  80.000	  81.000	  48.395	  40.000	  80.000	AttR1	R	2	49	1	1183
1643	3	14	48.649	  74.000	  60.000	  60.000	  45.649	  78.863	SimA1	R	4	49	3	1264
1643	3	15	48.649	  74.000	  60.000	  60.000	  63.158	  57.000	SimA2	R	3	50	1	1177
1643	3	16	96.000	  38.667	  80.000	  46.400	  58.000	  64.000	ComD1	R	5	49	2	940
1643	3	17	50.000	  78.000	  77.000	  50.649	  41.000	  78.000	AttR1	R	3	49	2	1081
1643	3	18	58.000	  58.000	  55.000	  53.818	  60.000	  48.300	Fill3	R	1	49	1	2385
1643	3	19	75.000	  48.773	  73.000	  44.027	  77.000	  41.805	Fill2	R	5	51	1	1164
1643	3	20	100.000	  39.530	  82.000	  48.207	  59.000	  67.000	ComD1	R	1	50	2	1529
1643	3	21	39.112	  89.000	  38.112	  77.245	  40.112	  74.142	Fill5	R	2	49	1	936
1643	3	22	97.000	  39.464	  83.000	  46.120	  58.000	  66.000	ComD1	R	5	51	1	1012
1643	3	23	49.613	  75.000	  61.000	  61.000	  65.281	  57.000	SimA2	R	3	50	1	831
1643	3	24	50.000	  77.000	  79.000	  48.734	  41.000	  77.000	AttR1	R	5	49	2	1457
1643	3	25	46.579	  76.000	  59.000	  60.000	  62.105	  57.000	SimA2	R	1	49	1	2089
1643	3	26	62.000	  59.000	  59.000	  55.136	  63.000	  51.111	Fill3	R	3	50	1	1481
1643	3	27	50.110	  73.000	  48.110	  65.954	  52.110	  61.908	Fill4	R	6	51	1	770
1643	3	28	49.613	  75.000	  61.000	  61.000	  44.613	  83.406	SimA1	R	3	50	1	3357
1643	3	29	50.000	  82.000	  84.000	  48.810	  43.000	  82.000	AttR1	R	4	51	2	2329
1643	3	30	80.000	  46.400	  58.000	  64.000	  43.671	  85.000	ComD2	R	2	51	2	1608
1643	3	31	92.000	  37.837	  89.000	  34.416	  94.000	  32.415	Fill1	R	1	49	1	856
1643	3	32	91.000	  40.198	  88.000	  36.841	  94.000	  34.532	Fill1	R	6	51	1	1569
1643	3	33	50.000	  82.000	  84.000	  48.810	  84.000	  40.810	AttR2	R	6	51	1	2355
1643	3	34	48.800	  75.000	  61.000	  60.000	  65.357	  56.000	SimA2	R	1	49	1	3784
1643	3	35	49.000	  78.000	  79.000	  48.380	  79.000	  40.380	AttR2	R	5	51	1	1484
1643	3	36	82.000	  48.207	  59.000	  67.000	  45.965	  86.000	ComD2	R	5	50	3	700
1643	3	37	50.000	  80.000	  79.000	  50.633	  79.000	  43.633	AttR2	R	2	51	2	2049
1643	3	38	49.471	  68.000	  46.471	  63.309	  50.471	  57.836	Fill4	R	3	50	1	2002
1643	3	39	80.000	  45.675	  58.000	  63.000	  42.488	  86.000	ComD2	R	6	51	1	1772
1643	3	40	48.635	  74.000	  61.000	  59.000	  65.436	  55.000	SimA2	R	2	51	2	1079
1643	3	41	77.000	  46.701	  75.000	  41.693	  80.000	  38.987	Fill2	R	4	50	1	655
1643	3	42	51.000	  79.000	  81.000	  49.741	  81.000	  41.741	AttR2	R	5	49	2	1472
1643	3	43	95.000	  40.368	  81.000	  47.346	  59.000	  65.000	ComD1	R	4	49	3	1400
1643	3	44	41.568	  88.000	  39.568	  79.660	  43.568	  72.438	Fill5	R	4	50	1	817
1643	3	45	50.449	  69.000	  48.449	  61.652	  51.449	  57.979	Fill4	R	2	49	1	845
1643	3	46	73.000	  46.082	  70.000	  41.586	  76.000	  38.303	Fill2	R	3	50	1	619
1643	3	47	52.257	  70.000	  49.257	  64.965	  54.257	  59.826	Fill4	R	5	51	1	663
1643	3	48	75.000	  46.413	  74.000	  40.311	  78.000	  38.641	Fill2	R	2	49	1	1327
1643	3	49	40.198	  91.000	  37.198	  84.199	  41.198	  76.096	Fill5	R	5	51	1	1172
1643	3	50	39.557	  88.000	  38.557	  76.044	  41.557	  70.674	Fill5	R	6	51	1	631
1643	3	51	49.613	  75.000	  61.000	  61.000	  45.613	  81.577	SimA1	R	1	51	3	545
1643	3	52	91.000	  36.967	  90.000	  32.867	  93.000	  31.022	Fill1	R	6	51	1	511
1643	3	53	48.635	  74.000	  61.000	  59.000	  43.635	  82.479	SimA1	R	5	51	1	1124
1643	3	54	46.579	  76.000	  59.000	  60.000	  43.579	  81.232	SimA1	R	1	49	1	1857
1643	3	55	51.000	  82.000	  84.000	  49.786	  84.000	  40.786	AttR2	R	3	50	1	745
1643	3	56	49.000	  80.000	  82.000	  47.805	  82.000	  38.805	AttR2	R	1	49	1	2399
1643	3	57	48.000	  75.000	  60.000	  60.000	  43.000	  83.721	SimA1	R	5	51	1	841
1643	3	58	50.000	  77.000	  79.000	  48.734	  79.000	  40.734	AttR2	R	3	50	1	697
1643	3	59	48.000	  75.000	  60.000	  60.000	  63.158	  57.000	SimA2	R	2	50	3	1057
1643	3	60	62.000	  58.000	  61.000	  52.066	  64.000	  48.766	Fill3	R	3	50	1	2154
1643	3	61	77.000	  47.506	  74.000	  43.176	  78.000	  41.551	Fill2	R	5	51	1	728
1643	3	62	40.404	  89.000	  38.404	  80.459	  41.404	  74.412	Fill5	R	6	51	1	677
1643	3	63	96.000	  38.000	  80.000	  45.600	  57.000	  64.000	ComD1	R	3	50	1	1509
1643	3	64	94.000	  38.915	  92.000	  35.293	  96.000	  33.385	Fill1	R	1	49	1	1041
1643	3	65	49.613	  75.000	  61.000	  61.000	  65.281	  57.000	SimA2	R	2	50	3	913
1643	3	66	95.000	  37.853	  93.000	  33.925	  97.000	  32.619	Fill1	R	4	50	1	560
1643	3	67	59.000	  59.000	  56.000	  53.464	  61.000	  49.803	Fill3	R	4	50	1	932
1643	3	68	82.000	  45.976	  58.000	  65.000	  43.333	  87.000	ComD2	R	6	50	2	1824
1643	3	69	49.000	  80.000	  82.000	  47.805	  42.000	  80.000	AttR1	R	3	50	1	1564
1643	3	70	50.000	  80.000	  79.000	  50.633	  43.000	  80.000	AttR1	R	4	51	2	825
1643	3	71	81.000	  47.346	  59.000	  65.000	  44.593	  86.000	ComD2	R	1	49	1	1819
1643	3	72	80.000	  45.600	  57.000	  64.000	  42.419	  86.000	ComD2	R	4	49	3	2263
1643	3	73	48.000	  75.000	  60.000	  60.000	  43.000	  83.721	SimA1	R	4	50	1	487
1643	3	74	75.000	  46.413	  73.000	  41.795	  76.000	  40.408	Fill2	R	4	50	1	567
1643	3	75	47.838	  74.000	  60.000	  59.000	  64.364	  55.000	SimA2	R	2	50	3	505
1643	3	76	81.000	  47.259	  58.000	  66.000	  45.035	  85.000	ComD2	R	6	50	2	519
1643	3	77	38.227	  88.000	  36.227	  77.870	  40.227	  70.947	Fill5	R	2	49	1	692
1643	3	78	59.000	  59.000	  57.000	  52.632	  62.000	  48.435	Fill3	R	4	50	1	572
1643	3	79	49.000	  80.000	  81.000	  48.395	  81.000	  40.395	AttR2	R	4	50	1	631
1643	3	80	50.449	  69.000	  48.449	  61.570	  51.449	  59.748	Fill4	R	4	50	1	1370
1643	3	81	79.000	  46.177	  57.000	  64.000	  43.429	  84.000	ComD2	R	1	51	3	716
1643	3	82	96.000	  39.875	  81.000	  47.259	  58.000	  66.000	ComD1	R	3	49	2	1281
1643	3	83	51.000	  79.000	  81.000	  49.741	  81.000	  42.741	AttR2	R	5	49	2	1041
1643	3	84	98.000	  38.469	  82.000	  45.976	  58.000	  65.000	ComD1	R	3	49	2	1114
1643	3	85	92.000	  37.837	  89.000	  34.225	  95.000	  31.589	Fill1	R	2	49	1	935
1643	3	86	95.000	  38.463	  80.000	  45.675	  58.000	  63.000	ComD1	R	1	49	1	957
1643	3	87	51.000	  82.000	  84.000	  49.786	  42.000	  82.000	AttR1	R	3	50	1	1946
1643	3	88	50.000	  78.000	  77.000	  50.649	  77.000	  41.649	AttR2	R	6	51	1	1056
1643	3	89	48.000	  75.000	  60.000	  60.000	  64.286	  56.000	SimA2	R	2	49	1	1943
1643	3	90	52.116	  69.000	  50.116	  62.834	  54.116	  58.874	Fill4	R	4	50	1	579
1643	4	1	39.333	  90.000	  37.333	  80.116	  40.333	  74.826	Fill5	R	4	50	1	1717
1643	4	2	48.158	  76.000	  60.000	  61.000	  63.103	  58.000	SimA2	R	4	50	1	753
1643	4	3	97.000	  38.196	  80.000	  46.312	  57.000	  65.000	ComD1	R	2	50	3	1519
1643	4	4	49.000	  80.000	  81.000	  48.395	  41.000	  80.000	AttR1	R	4	50	1	1765
1643	4	5	80.000	  46.400	  58.000	  64.000	  43.163	  86.000	ComD2	R	5	51	1	2210
1643	4	6	40.667	  93.000	  37.667	  86.310	  42.667	  76.430	Fill5	R	3	50	1	869
1643	4	7	50.833	  72.000	  47.833	  66.711	  51.833	  61.968	Fill4	R	6	51	1	837
1643	4	8	39.783	  92.000	  36.783	  85.611	  40.783	  76.528	Fill5	R	5	51	1	1700
1643	4	9	49.729	  70.000	  47.729	  64.259	  51.729	  58.807	Fill4	R	3	50	1	896
1643	4	10	96.000	  38.594	  82.000	  45.183	  57.000	  65.000	ComD1	R	3	49	2	1657
1643	4	11	73.000	  47.685	  72.000	  42.264	  74.000	  40.581	Fill2	R	3	50	1	538
1643	4	12	51.000	  80.000	  78.000	  52.308	  78.000	  43.308	AttR2	R	2	51	2	871
1643	4	13	47.987	  75.000	  61.000	  59.000	  64.268	  56.000	SimA2	R	2	51	2	879
1643	4	14	48.000	  82.000	  84.000	  46.857	  84.000	  38.857	AttR2	R	4	50	1	822
1643	4	15	46.740	  77.000	  59.000	  61.000	  64.268	  56.000	SimA2	R	1	51	3	1065
1643	4	16	92.000	  39.783	  91.000	  35.736	  95.000	  33.453	Fill1	R	2	49	1	641
1643	4	17	47.200	  75.000	  59.000	  60.000	  43.200	  81.944	SimA1	R	2	50	3	641
1643	4	18	96.000	  38.594	  80.000	  46.312	  57.000	  65.000	ComD1	R	4	50	1	1009
1643	4	19	96.000	  39.875	  82.000	  46.683	  58.000	  66.000	ComD1	R	1	49	1	1028
1643	4	20	50.833	  72.000	  48.833	  65.283	  52.833	  61.174	Fill4	R	2	49	1	1159
1643	4	21	52.000	  81.000	  81.000	  52.000	  81.000	  43.000	AttR2	R	4	50	1	876
1643	4	22	80.000	  46.312	  57.000	  65.000	  43.588	  85.000	ComD2	R	2	50	3	796
1643	4	23	40.220	  91.000	  37.220	  84.632	  41.220	  76.517	Fill5	R	6	51	1	959
1643	4	24	81.000	  48.148	  60.000	  65.000	  43.820	  89.000	ComD2	R	5	49	2	900
1643	4	25	46.740	  77.000	  59.000	  61.000	  41.740	  86.224	SimA1	R	3	49	2	1145
1643	4	26	50.000	  79.000	  80.000	  49.375	  80.000	  41.375	AttR2	R	2	49	1	1063
1643	4	27	92.000	  39.783	  90.000	  35.644	  93.000	  34.817	Fill1	R	5	50	3	848
1643	4	28	50.000	  81.000	  80.000	  50.625	  42.000	  81.000	AttR1	R	1	50	2	3080
1643	4	29	93.000	  38.065	  91.000	  34.242	  96.000	  31.958	Fill1	R	1	49	1	1876
1643	4	30	59.000	  59.000	  56.000	  54.089	  60.000	  50.433	Fill3	R	4	50	1	1168
1643	4	31	51.000	  83.000	  82.000	  51.622	  82.000	  42.622	AttR2	R	5	51	1	793
1643	4	32	93.000	  40.667	  91.000	  36.725	  96.000	  34.562	Fill1	R	1	51	3	700
1643	4	33	48.961	  76.000	  61.000	  61.000	  45.961	  80.961	SimA1	R	6	51	1	721
1643	4	34	80.000	  46.312	  57.000	  65.000	  44.107	  84.000	ComD2	R	1	51	3	1975
1643	4	35	48.595	  74.000	  62.000	  58.000	  45.595	  78.869	SimA1	R	2	50	3	1697
1643	4	36	96.000	  40.625	  81.000	  48.148	  60.000	  65.000	ComD1	R	2	50	3	1025
1643	4	37	50.000	  79.000	  80.000	  49.375	  43.000	  79.000	AttR1	R	6	50	2	1748
1643	4	38	48.000	  81.000	  81.000	  48.000	  81.000	  39.000	AttR2	R	3	50	1	729
1643	4	39	47.685	  73.000	  59.000	  59.000	  44.685	  77.901	SimA1	R	4	49	3	1175
1643	4	40	76.000	  49.763	  74.000	  45.257	  77.000	  43.208	Fill2	R	1	49	1	1609
1643	4	41	90.000	  38.678	  87.000	  35.092	  91.000	  33.626	Fill1	R	2	49	1	1101
1643	4	42	47.838	  74.000	  60.000	  59.000	  65.556	  54.000	SimA2	R	4	49	3	1313
1643	4	43	49.613	  75.000	  61.000	  61.000	  64.155	  58.000	SimA2	R	3	50	1	887
1643	4	44	80.000	  45.600	  57.000	  64.000	  42.918	  85.000	ComD2	R	3	49	2	855
1643	4	45	61.000	  60.000	  60.000	  53.317	  64.000	  49.797	Fill3	R	5	51	1	999
1643	4	46	82.000	  46.683	  58.000	  66.000	  44.000	  87.000	ComD2	R	2	51	2	1153
1643	4	47	49.000	  80.000	  80.000	  49.000	  80.000	  42.000	AttR2	R	5	49	2	1039
1643	4	48	46.413	  75.000	  59.000	  59.000	  41.413	  84.055	SimA1	R	3	49	2	751
1643	4	49	97.000	  40.144	  82.000	  47.488	  59.000	  66.000	ComD1	R	4	51	2	877
1643	4	50	47.987	  75.000	  61.000	  59.000	  44.987	  80.001	SimA1	R	5	51	1	581
1643	4	51	49.613	  75.000	  61.000	  61.000	  46.613	  79.827	SimA1	R	2	51	2	1126
1643	4	52	48.961	  76.000	  61.000	  61.000	  66.446	  56.000	SimA2	R	1	51	3	716
1643	4	53	76.000	  48.158	  74.000	  42.797	  79.000	  40.658	Fill2	R	5	51	1	568
1643	4	54	49.000	  80.000	  81.000	  48.395	  81.000	  40.395	AttR2	R	2	51	2	627
1643	4	55	76.000	  46.579	  75.000	  41.733	  78.000	  40.192	Fill2	R	5	51	1	615
1643	4	56	48.595	  74.000	  62.000	  58.000	  66.593	  54.000	SimA2	R	4	51	2	577
1643	4	57	51.000	  80.000	  78.000	  52.308	  42.000	  80.000	AttR1	R	3	49	2	724
1643	4	58	40.667	  90.000	  39.667	  78.782	  42.667	  73.711	Fill5	R	5	51	1	768
1643	4	59	49.000	  80.000	  80.000	  49.000	  41.000	  80.000	AttR1	R	6	51	1	700
1643	4	60	91.000	  40.220	  88.000	  35.920	  92.000	  35.315	Fill1	R	1	49	1	1177
1643	4	61	61.000	  62.000	  60.000	  55.233	  64.000	  52.469	Fill3	R	2	49	1	787
1643	4	62	97.000	  38.866	  82.000	  45.976	  58.000	  65.000	ComD1	R	1	51	3	831
1643	4	63	94.000	  38.809	  80.000	  45.600	  57.000	  64.000	ComD1	R	3	50	1	1473
1643	4	64	47.838	  74.000	  60.000	  59.000	  42.838	  82.637	SimA1	R	4	51	2	897
1643	4	65	76.000	  48.158	  73.000	  44.205	  77.000	  41.714	Fill2	R	4	50	1	537
1643	4	66	51.304	  69.000	  48.304	  65.005	  53.304	  57.631	Fill4	R	3	50	1	1135
1643	4	67	52.286	  70.000	  51.286	  61.869	  54.286	  59.887	Fill4	R	3	50	1	957
1643	4	68	60.000	  61.000	  59.000	  54.661	  61.000	  52.639	Fill3	R	2	50	3	826
1643	4	69	82.000	  45.183	  57.000	  65.000	  43.588	  85.000	ComD2	R	2	51	2	813
1643	4	70	49.000	  80.000	  81.000	  48.395	  42.000	  80.000	AttR1	R	4	51	2	527
1643	4	71	97.000	  38.268	  80.000	  46.400	  58.000	  64.000	ComD1	R	5	49	2	732
1643	4	72	51.108	  74.000	  49.108	  68.848	  52.108	  64.232	Fill4	R	5	50	3	834
1643	4	73	80.000	  47.125	  58.000	  65.000	  43.837	  86.000	ComD2	R	3	49	2	1400
1643	4	74	60.000	  59.000	  58.000	  53.362	  63.000	  49.429	Fill3	R	6	51	1	1236
1643	4	75	82.000	  47.488	  59.000	  66.000	  44.759	  87.000	ComD2	R	2	51	2	517
1643	4	76	75.000	  48.800	  73.000	  43.740	  76.000	  41.632	Fill2	R	5	50	3	568
1643	4	77	50.000	  81.000	  80.000	  50.625	  80.000	  42.625	AttR2	R	5	51	1	627
1643	4	78	48.000	  81.000	  81.000	  48.000	  41.000	  81.000	AttR1	R	5	51	1	1287
1643	4	79	47.685	  73.000	  59.000	  59.000	  62.161	  56.000	SimA2	R	1	51	3	1022
1643	4	80	49.000	  80.000	  81.000	  48.395	  81.000	  39.395	AttR2	R	3	50	1	1168
1643	4	81	95.000	  39.684	  80.000	  47.125	  58.000	  65.000	ComD1	R	3	50	1	764
1643	4	82	82.000	  45.976	  58.000	  65.000	  43.333	  87.000	ComD2	R	3	51	3	2400
1643	4	83	48.000	  82.000	  84.000	  46.857	  41.000	  82.000	AttR1	R	2	49	1	1764
1643	4	84	46.413	  75.000	  59.000	  59.000	  64.463	  54.000	SimA2	R	3	51	3	1161
1643	4	85	60.000	  61.000	  58.000	  55.155	  61.000	  52.393	Fill3	R	4	50	1	1071
1643	4	86	52.000	  81.000	  81.000	  52.000	  44.000	  81.000	AttR1	R	4	50	1	3111
1643	4	87	48.158	  76.000	  60.000	  61.000	  44.158	  82.884	SimA1	R	5	51	1	1669
1643	4	88	51.000	  83.000	  82.000	  51.622	  43.000	  83.000	AttR1	R	4	50	1	3412
1643	4	89	47.200	  75.000	  59.000	  60.000	  63.214	  56.000	SimA2	R	2	49	1	1463
1643	4	90	39.557	  88.000	  38.557	  76.044	  41.557	  71.589	Fill5	R	5	51	1	1191
1643	5	1	92.000	  39.120	  89.000	  35.787	  95.000	  32.758	Fill1	R	1	49	1	2509
1643	5	2	54.000	  82.000	  80.000	  55.350	  47.000	  82.000	AttR1	R	4	51	2	1617
1643	5	3	39.112	  89.000	  38.112	  77.088	  41.112	  72.338	Fill5	R	2	50	3	1299
1643	5	4	40.449	  89.000	  37.449	  82.511	  42.449	  72.557	Fill5	R	2	49	1	665
1643	5	5	88.000	  38.864	  86.000	  34.512	  90.000	  33.178	Fill1	R	2	49	1	665
1643	5	6	47.532	  77.000	  60.000	  61.000	  44.532	  82.187	SimA1	R	2	49	1	1120
1643	5	7	50.000	  82.000	  84.000	  48.810	  41.000	  82.000	AttR1	R	6	50	2	663
1643	5	8	50.000	  82.000	  84.000	  48.810	  84.000	  39.810	AttR2	R	3	50	1	998
1643	5	9	50.000	  72.000	  48.000	  65.875	  51.000	  60.863	Fill4	R	3	50	1	610
1643	5	10	94.000	  38.936	  91.000	  35.670	  97.000	  32.701	Fill1	R	3	50	1	732
1643	5	11	47.200	  75.000	  60.000	  59.000	  44.200	  80.090	SimA1	R	2	51	2	737
1643	5	12	97.000	  40.144	  82.000	  47.488	  59.000	  66.000	ComD1	R	3	49	2	1127
1643	5	13	96.000	  38.667	  80.000	  46.400	  58.000	  64.000	ComD1	R	2	51	2	1317
1643	5	14	50.000	  78.000	  79.000	  49.367	  43.000	  78.000	AttR1	R	2	51	2	1130
1643	5	15	75.000	  48.000	  74.000	  43.189	  76.000	  41.303	Fill2	R	2	49	1	1199
1643	5	16	82.000	  47.488	  59.000	  66.000	  45.279	  86.000	ComD2	R	6	51	1	1114
1643	5	17	81.000	  48.074	  59.000	  66.000	  45.279	  86.000	ComD2	R	4	51	2	959
1643	5	18	97.000	  38.196	  82.000	  45.183	  57.000	  65.000	ComD1	R	2	51	2	931
1643	5	19	48.800	  75.000	  61.000	  60.000	  45.800	  79.913	SimA1	R	4	51	2	1057
1643	5	20	91.000	  39.560	  88.000	  35.784	  94.000	  33.457	Fill1	R	5	51	1	585
1643	5	21	57.000	  60.000	  55.000	  54.145	  60.000	  50.067	Fill3	R	6	51	1	660
1643	5	22	48.158	  76.000	  61.000	  60.000	  64.211	  57.000	SimA2	R	3	50	1	2363
1643	5	23	80.000	  45.600	  57.000	  64.000	  42.419	  86.000	ComD2	R	5	49	2	1505
1643	5	24	47.200	  75.000	  60.000	  59.000	  65.556	  54.000	SimA2	R	1	49	1	863
1643	5	25	50.077	  78.000	  62.000	  63.000	  47.077	  82.971	SimA1	R	3	51	3	1087
1643	5	26	53.014	  69.000	  52.014	  61.906	  55.014	  58.366	Fill4	R	4	50	1	791
1643	5	27	50.000	  79.000	  80.000	  49.375	  41.000	  79.000	AttR1	R	5	51	1	721
1643	5	28	46.413	  75.000	  59.000	  59.000	  62.161	  56.000	SimA2	R	5	51	1	639
1643	5	29	60.000	  60.000	  59.000	  53.220	  61.000	  51.934	Fill3	R	3	51	3	1167
1643	5	30	49.000	  80.000	  79.000	  49.620	  42.000	  80.000	AttR1	R	4	51	2	913
1643	5	31	99.000	  38.667	  83.000	  46.120	  58.000	  66.000	ComD1	R	5	51	1	1815
1643	5	32	82.000	  45.878	  57.000	  66.000	  44.786	  84.000	ComD2	R	1	50	2	1698
1643	5	33	82.000	  45.183	  57.000	  65.000	  44.107	  84.000	ComD2	R	4	51	2	793
1643	5	34	97.000	  40.144	  81.000	  48.074	  59.000	  66.000	ComD1	R	5	50	3	1164
1643	5	35	48.800	  75.000	  60.000	  61.000	  43.800	  83.562	SimA1	R	2	49	1	1290
1643	5	36	51.000	  79.000	  80.000	  50.362	  80.000	  41.362	AttR2	R	5	49	2	1000
1643	5	37	47.838	  74.000	  60.000	  59.000	  64.364	  55.000	SimA2	R	3	51	3	1404
1643	5	38	61.000	  60.000	  58.000	  55.483	  64.000	  49.875	Fill3	R	6	51	1	598
1643	5	39	98.000	  38.469	  80.000	  47.125	  58.000	  65.000	ComD1	R	2	51	2	633
1643	5	40	50.000	  78.000	  79.000	  49.367	  79.000	  41.367	AttR2	R	4	51	2	913
1643	5	41	48.800	  75.000	  61.000	  60.000	  66.545	  55.000	SimA2	R	2	50	3	1245
1643	5	42	71.000	  48.169	  70.000	  42.700	  74.000	  39.554	Fill2	R	2	49	1	855
1643	5	43	46.877	  73.000	  58.000	  59.000	  61.107	  56.000	SimA2	R	4	50	1	2150
1643	5	44	81.000	  46.543	  58.000	  65.000	  44.353	  85.000	ComD2	R	4	49	3	1019
1643	5	45	46.877	  73.000	  58.000	  59.000	  41.877	  81.716	SimA1	R	2	51	2	910
1643	5	46	51.000	  82.000	  82.000	  51.000	  42.000	  82.000	AttR1	R	6	51	1	612
1643	5	47	51.000	  81.000	  80.000	  51.638	  80.000	  44.638	AttR2	R	4	50	1	1527
1643	5	48	76.000	  48.158	  73.000	  44.178	  79.000	  41.076	Fill2	R	5	51	1	1077
1643	5	49	96.000	  39.188	  82.000	  45.878	  57.000	  66.000	ComD1	R	2	50	3	1180
1643	5	50	49.000	  80.000	  79.000	  49.620	  79.000	  42.620	AttR2	R	2	51	2	648
1643	5	51	77.000	  47.506	  75.000	  42.907	  80.000	  40.487	Fill2	R	5	51	1	879
1643	5	52	76.000	  47.355	  74.000	  43.189	  78.000	  40.795	Fill2	R	2	49	1	783
1643	5	53	83.000	  46.120	  58.000	  66.000	  44.512	  86.000	ComD2	R	4	51	2	578
1643	5	54	48.158	  76.000	  61.000	  60.000	  45.158	  81.049	SimA1	R	3	49	2	861
1643	5	55	51.000	  79.000	  80.000	  50.362	  42.000	  79.000	AttR1	R	6	50	2	780
1643	5	56	91.000	  38.253	  88.000	  34.432	  92.000	  32.804	Fill1	R	5	51	1	495
1643	5	57	50.000	  80.000	  80.000	  50.000	  42.000	  80.000	AttR1	R	1	49	1	967
1643	5	58	97.000	  37.608	  80.000	  45.600	  57.000	  64.000	ComD1	R	2	51	2	794
1643	5	59	50.000	  80.000	  80.000	  50.000	  80.000	  41.000	AttR2	R	2	49	1	884
1643	5	60	96.000	  39.271	  81.000	  46.543	  58.000	  65.000	ComD1	R	3	50	1	620
1643	5	61	50.000	  81.000	  83.000	  48.795	  83.000	  40.795	AttR2	R	5	49	2	863
1643	5	62	93.000	  39.333	  91.000	  34.879	  95.000	  34.168	Fill1	R	5	51	1	599
1643	5	63	49.028	  71.000	  46.028	  65.373	  50.028	  61.325	Fill4	R	5	51	1	625
1643	5	64	59.000	  59.000	  57.000	  53.754	  61.000	  49.180	Fill3	R	1	49	1	1587
1643	5	65	47.532	  77.000	  60.000	  61.000	  63.103	  58.000	SimA2	R	5	50	3	2254
1643	5	66	48.800	  75.000	  60.000	  61.000	  63.103	  58.000	SimA2	R	4	50	1	3223
1643	5	67	51.000	  82.000	  82.000	  51.000	  82.000	  42.000	AttR2	R	3	50	1	1745
1643	5	68	83.000	  45.325	  57.000	  66.000	  44.786	  84.000	ComD2	R	5	50	3	2080
1643	5	69	74.000	  47.041	  73.000	  42.205	  76.000	  40.224	Fill2	R	3	50	1	799
1643	5	70	46.413	  75.000	  59.000	  59.000	  42.413	  82.073	SimA1	R	3	50	1	3354
1643	5	71	50.110	  73.000	  62.000	  59.000	  46.110	  79.333	SimA1	R	6	51	1	1160
1643	5	72	52.159	  69.000	  50.159	  63.637	  54.159	  58.863	Fill4	R	3	51	3	661
1643	5	73	50.110	  73.000	  62.000	  59.000	  65.321	  56.000	SimA2	R	4	50	1	828
1643	5	74	80.000	  47.125	  58.000	  65.000	  43.333	  87.000	ComD2	R	5	50	3	639
1643	5	75	54.000	  82.000	  80.000	  55.350	  80.000	  46.350	AttR2	R	3	50	1	2367
1643	5	76	50.000	  81.000	  83.000	  48.795	  43.000	  81.000	AttR1	R	6	50	2	2552
1643	5	77	40.438	  89.000	  38.438	  80.155	  42.438	  72.105	Fill5	R	6	51	1	1334
1643	5	78	80.000	  46.400	  58.000	  64.000	  43.163	  86.000	ComD2	R	4	49	3	1044
1643	5	79	50.000	  79.000	  80.000	  49.375	  80.000	  40.375	AttR2	R	2	49	1	859
1643	5	80	41.568	  88.000	  40.568	  77.401	  43.568	  71.750	Fill5	R	4	50	1	1668
1643	5	81	50.833	  72.000	  47.833	  67.296	  51.833	  61.621	Fill4	R	1	49	1	708
1643	5	82	99.000	  38.000	  83.000	  45.325	  57.000	  66.000	ComD1	R	4	49	3	2849
1643	5	83	61.000	  59.000	  59.000	  52.644	  64.000	  48.797	Fill3	R	6	51	1	713
1643	5	84	51.000	  81.000	  80.000	  51.638	  42.000	  81.000	AttR1	R	2	51	2	728
1643	5	85	50.077	  78.000	  62.000	  63.000	  67.345	  58.000	SimA2	R	3	50	1	924
1643	5	86	47.838	  74.000	  60.000	  59.000	  43.838	  80.752	SimA1	R	2	51	2	721
1643	5	87	48.169	  71.000	  47.169	  62.520	  49.169	  59.651	Fill4	R	3	51	3	679
1643	5	88	62.000	  59.000	  61.000	  51.885	  64.000	  50.500	Fill3	R	5	50	3	863
1643	5	89	40.667	  90.000	  38.667	  80.534	  41.667	  75.816	Fill5	R	2	49	1	808
1643	5	90	38.000	  90.000	  35.000	  82.571	  39.000	  74.718	Fill5	R	4	50	1	594
1643	6	1	46.740	  77.000	  59.000	  61.000	  64.268	  56.000	SimA2	R	5	51	1	2085
1643	6	2	50.833	  72.000	  48.833	  66.307	  51.833	  62.605	Fill4	R	1	49	1	785
1643	6	3	52.528	  72.000	  51.528	  63.771	  54.528	  60.868	Fill4	R	1	51	3	676
1643	6	4	61.000	  58.000	  58.000	  52.569	  64.000	  48.266	Fill3	R	2	49	1	1924
1643	6	5	47.368	  76.000	  60.000	  60.000	  43.368	  83.010	SimA1	R	6	50	2	472
1643	6	6	81.000	  45.741	  57.000	  65.000	  43.081	  86.000	ComD2	R	4	50	1	624
1643	6	7	95.000	  39.000	  81.000	  45.741	  57.000	  65.000	ComD1	R	3	51	3	476
1643	6	8	81.000	  46.444	  57.000	  66.000	  43.744	  86.000	ComD2	R	4	51	2	515
1643	6	9	91.000	  39.560	  89.000	  34.865	  93.000	  33.409	Fill1	R	4	49	3	744
1643	6	10	97.000	  39.536	  82.000	  46.768	  59.000	  65.000	ComD1	R	3	50	1	1038
1643	6	11	47.838	  74.000	  59.000	  60.000	  44.838	  78.951	SimA1	R	4	51	2	663
1643	6	12	51.000	  79.000	  79.000	  51.000	  79.000	  42.000	AttR2	R	4	50	1	727
1643	6	13	82.000	  45.183	  57.000	  65.000	  43.081	  86.000	ComD2	R	2	50	3	844
1643	6	14	62.000	  61.000	  60.000	  56.067	  64.000	  52.609	Fill3	R	4	50	1	980
1643	6	15	96.000	  39.271	  82.000	  45.976	  58.000	  65.000	ComD1	R	3	51	3	1695
1643	6	16	60.000	  61.000	  59.000	  53.729	  62.000	  51.032	Fill3	R	3	50	1	1016
1643	6	17	73.000	  48.493	  72.000	  42.306	  75.000	  41.707	Fill2	R	2	49	1	769
1643	6	18	76.000	  49.763	  75.000	  43.907	  78.000	  43.141	Fill2	R	1	51	3	949
1643	6	19	75.000	  47.200	  74.000	  41.743	  78.000	  40.231	Fill2	R	4	50	1	618
1643	6	20	47.671	  73.000	  60.000	  58.000	  44.671	  77.902	SimA1	R	5	50	3	781
1643	6	21	47.838	  74.000	  59.000	  60.000	  63.214	  56.000	SimA2	R	4	50	1	783
1643	6	22	99.000	  39.253	  83.000	  46.819	  58.000	  67.000	ComD1	R	2	51	2	769
1643	6	23	75.000	  47.173	  73.000	  42.397	  76.000	  40.513	Fill2	R	3	51	3	683
1643	6	24	95.000	  39.811	  94.000	  35.894	  98.000	  33.837	Fill1	R	2	49	1	668
1643	6	25	59.000	  60.000	  56.000	  54.893	  60.000	  51.300	Fill3	R	3	50	1	523
1643	6	26	52.000	  79.000	  78.000	  52.667	  45.000	  79.000	AttR1	R	2	51	2	641
1643	6	27	76.000	  48.158	  75.000	  43.413	  78.000	  40.654	Fill2	R	3	51	3	553
1643	6	28	40.205	  88.000	  38.205	  78.839	  42.205	  71.082	Fill5	R	2	51	2	431
1643	6	29	49.000	  81.000	  79.000	  50.241	  40.000	  81.000	AttR1	R	2	51	2	1096
1643	6	30	97.000	  38.196	  82.000	  45.183	  57.000	  65.000	ComD1	R	3	49	2	1097
1643	6	31	48.961	  76.000	  61.000	  61.000	  45.961	  80.961	SimA1	R	6	51	1	777
1643	6	32	48.000	  79.000	  79.000	  48.000	  79.000	  41.000	AttR2	R	3	50	1	940
1643	6	33	91.000	  38.901	  89.000	  35.112	  92.000	  33.489	Fill1	R	3	50	1	515
1643	6	34	50.000	  82.000	  82.000	  50.000	  82.000	  42.000	AttR2	R	4	50	1	743
1643	6	35	82.000	  46.768	  59.000	  65.000	  44.593	  86.000	ComD2	R	5	50	3	660
1643	6	36	49.000	  81.000	  79.000	  50.241	  79.000	  41.241	AttR2	R	6	51	1	724
1643	6	37	49.000	  81.000	  79.000	  50.241	  79.000	  43.241	AttR2	R	3	50	1	521
1643	6	38	83.000	  46.819	  58.000	  67.000	  45.186	  86.000	ComD2	R	5	49	2	992
1643	6	39	52.000	  79.000	  78.000	  52.667	  78.000	  43.667	AttR2	R	5	50	3	514
1643	6	40	50.000	  82.000	  84.000	  48.810	  43.000	  82.000	AttR1	R	1	51	3	607
1643	6	41	49.000	  80.000	  81.000	  48.395	  42.000	  80.000	AttR1	R	2	49	1	777
1643	6	42	50.000	  80.000	  82.000	  48.780	  41.000	  80.000	AttR1	R	4	50	1	684
1643	6	43	50.571	  70.000	  47.571	  64.724	  52.571	  58.054	Fill4	R	1	49	1	901
1643	6	44	49.000	  81.000	  79.000	  50.241	  41.000	  81.000	AttR1	R	4	50	1	793
1643	6	45	48.000	  75.000	  60.000	  60.000	  63.158	  57.000	SimA2	R	2	50	3	981
1643	6	46	41.109	  92.000	  38.109	  85.335	  43.109	  75.832	Fill5	R	5	51	1	719
1643	6	47	80.000	  47.938	  59.000	  65.000	  43.580	  88.000	ComD2	R	5	51	1	1268
1643	6	48	59.000	  60.000	  58.000	  53.810	  60.000	  51.067	Fill3	R	1	49	1	1141
1643	6	49	48.000	  79.000	  79.000	  48.000	  40.000	  79.000	AttR1	R	3	50	1	696
1643	6	50	91.000	  40.220	  89.000	  36.618	  93.000	  34.054	Fill1	R	5	51	1	753
1643	6	51	39.333	  90.000	  38.333	  78.496	  40.333	  75.099	Fill5	R	4	50	1	983
1643	6	52	50.000	  82.000	  84.000	  48.810	  84.000	  40.810	AttR2	R	1	49	1	1113
1643	6	53	98.000	  38.388	  81.000	  46.444	  57.000	  66.000	ComD1	R	6	51	1	1695
1643	6	54	48.635	  74.000	  61.000	  59.000	  66.648	  54.000	SimA2	R	2	51	2	743
1643	6	55	91.000	  38.901	  88.000	  34.659	  92.000	  33.804	Fill1	R	2	51	2	1292
1643	6	56	39.775	  89.000	  37.775	  79.655	  41.775	  72.579	Fill5	R	4	50	1	932
1643	6	57	96.000	  39.948	  82.000	  46.768	  59.000	  65.000	ComD1	R	2	50	3	609
1643	6	58	48.158	  76.000	  61.000	  60.000	  45.158	  81.049	SimA1	R	2	50	3	1428
1643	6	59	96.000	  39.948	  80.000	  47.938	  59.000	  65.000	ComD1	R	5	50	3	639
1643	6	60	48.158	  76.000	  61.000	  60.000	  65.357	  56.000	SimA2	R	3	50	1	495
1643	6	61	50.000	  72.000	  48.000	  65.083	  51.000	  61.843	Fill4	R	4	50	1	560
1643	6	62	48.000	  75.000	  60.000	  60.000	  43.000	  83.721	SimA1	R	3	51	3	917
1643	6	63	48.649	  74.000	  60.000	  60.000	  64.286	  56.000	SimA2	R	3	50	1	769
1643	6	64	48.649	  74.000	  60.000	  60.000	  43.649	  82.477	SimA1	R	2	50	3	700
1643	6	65	47.368	  76.000	  60.000	  60.000	  42.368	  84.969	SimA1	R	6	51	1	689
1643	6	66	46.740	  77.000	  59.000	  61.000	  43.740	  82.281	SimA1	R	4	49	3	946
1643	6	67	50.571	  70.000	  47.571	  64.345	  51.571	  59.413	Fill4	R	3	50	1	544
1643	6	68	47.368	  76.000	  60.000	  60.000	  63.158	  57.000	SimA2	R	2	50	3	492
1643	6	69	40.000	  90.000	  38.000	  81.263	  42.000	  73.357	Fill5	R	2	49	1	948
1643	6	70	52.029	  68.000	  50.029	  62.543	  54.029	  57.302	Fill4	R	2	51	2	770
1643	6	71	84.000	  46.262	  58.000	  67.000	  45.186	  86.000	ComD2	R	3	51	3	1068
1643	6	72	82.000	  45.976	  58.000	  65.000	  43.837	  86.000	ComD2	R	5	51	1	629
1643	6	73	60.000	  60.000	  58.000	  55.052	  61.000	  51.951	Fill3	R	3	49	2	823
1643	6	74	49.000	  80.000	  78.000	  50.256	  78.000	  41.256	AttR2	R	5	50	3	601
1643	6	75	80.000	  47.938	  59.000	  65.000	  44.593	  86.000	ComD2	R	2	51	2	484
1643	6	76	49.000	  80.000	  78.000	  50.256	  42.000	  80.000	AttR1	R	3	49	2	708
1643	6	77	47.671	  73.000	  60.000	  58.000	  63.273	  55.000	SimA2	R	6	51	1	665
1643	6	78	92.000	  38.457	  90.000	  33.822	  95.000	  33.000	Fill1	R	2	50	3	553
1643	6	79	50.000	  82.000	  82.000	  50.000	  43.000	  82.000	AttR1	R	5	51	1	1743
1643	6	80	47.368	  76.000	  60.000	  60.000	  64.286	  56.000	SimA2	R	4	50	1	987
1643	6	81	48.961	  76.000	  61.000	  61.000	  66.446	  56.000	SimA2	R	4	49	3	631
1643	6	82	51.000	  79.000	  79.000	  51.000	  43.000	  79.000	AttR1	R	4	50	1	481
1643	6	83	50.000	  80.000	  82.000	  48.780	  82.000	  39.780	AttR2	R	1	50	2	1034
1643	6	84	76.000	  47.368	  73.000	  42.616	  79.000	  40.405	Fill2	R	2	50	3	553
1643	6	85	48.635	  74.000	  61.000	  59.000	  43.635	  82.479	SimA1	R	5	50	3	607
1643	6	86	39.783	  92.000	  38.783	  80.577	  40.783	  76.650	Fill5	R	2	49	1	729
1643	6	87	97.000	  39.536	  80.000	  47.938	  59.000	  65.000	ComD1	R	5	50	3	759
1643	6	88	49.000	  80.000	  81.000	  48.395	  81.000	  39.395	AttR2	R	5	51	1	1005
1643	6	89	82.000	  46.768	  59.000	  65.000	  44.593	  86.000	ComD2	R	3	50	1	679
1643	6	90	100.000	  38.860	  84.000	  46.262	  58.000	  67.000	ComD1	R	2	50	3	840
1643	7	1	60.000	  59.000	  57.000	  54.491	  61.000	  50.967	Fill3	R	2	49	1	1142
1643	7	2	51.000	  80.000	  80.000	  51.000	  42.000	  80.000	AttR1	R	3	50	1	488
1643	7	3	51.108	  74.000	  48.108	  68.263	  52.108	  64.424	Fill4	R	2	50	3	639
1643	7	4	46.068	  73.000	  59.000	  57.000	  62.278	  54.000	SimA2	R	2	51	2	1087
1643	7	5	48.800	  75.000	  60.000	  61.000	  44.800	  81.696	SimA1	R	3	50	1	438
1643	7	6	52.000	  80.000	  78.000	  53.333	  78.000	  45.333	AttR2	R	1	50	2	422
1643	7	7	76.000	  49.763	  75.000	  44.573	  77.000	  42.675	Fill2	R	3	50	1	457
1643	7	8	51.304	  69.000	  49.304	  63.179	  52.304	  58.714	Fill4	R	5	51	1	681
1643	7	9	51.000	  82.000	  80.000	  52.275	  43.000	  82.000	AttR1	R	2	51	2	657
1643	7	10	49.613	  75.000	  61.000	  61.000	  45.613	  81.577	SimA1	R	1	50	2	665
1643	7	11	74.000	  49.459	  72.000	  45.139	  75.000	  43.373	Fill2	R	5	51	1	624
1643	7	12	60.000	  60.000	  59.000	  52.814	  61.000	  52.115	Fill3	R	4	50	1	620
1643	7	13	97.000	  38.268	  80.000	  46.400	  58.000	  64.000	ComD1	R	6	50	2	1431
1643	7	14	51.000	  80.000	  81.000	  50.370	  42.000	  80.000	AttR1	R	4	50	1	745
1643	7	15	61.000	  63.000	  59.000	  58.051	  63.000	  54.286	Fill3	R	6	51	1	615
1643	7	16	52.000	  83.000	  83.000	  52.000	  45.000	  83.000	AttR1	R	2	51	2	1681
1643	7	17	82.000	  45.976	  58.000	  65.000	  43.333	  87.000	ComD2	R	2	51	2	626
1643	7	18	50.000	  72.000	  49.000	  65.020	  51.000	  61.725	Fill4	R	3	50	1	533
1643	7	19	94.000	  41.532	  93.000	  36.903	  95.000	  36.305	Fill1	R	5	51	1	619
1643	7	20	50.000	  81.000	  83.000	  48.795	  83.000	  41.795	AttR2	R	3	49	2	3021
1643	7	21	47.200	  75.000	  60.000	  59.000	  43.200	  81.944	SimA1	R	2	51	2	2143
1643	7	22	81.000	  45.827	  58.000	  64.000	  42.667	  87.000	ComD2	R	1	50	2	1013
1643	7	23	50.000	  81.000	  83.000	  48.795	  43.000	  81.000	AttR1	R	3	49	2	3215
1643	7	24	51.000	  80.000	  80.000	  51.000	  80.000	  44.000	AttR2	R	3	50	1	1122
1643	7	25	48.000	  75.000	  60.000	  60.000	  43.000	  83.721	SimA1	R	1	51	3	647
1643	7	26	49.000	  80.000	  82.000	  47.805	  82.000	  39.805	AttR2	R	4	50	1	655
1643	7	27	48.800	  75.000	  60.000	  61.000	  65.357	  56.000	SimA2	R	3	50	1	1415
1643	7	28	92.000	  41.109	  90.000	  37.200	  94.000	  35.840	Fill1	R	5	51	1	881
1643	7	29	45.789	  76.000	  58.000	  60.000	  40.789	  85.316	SimA1	R	3	50	1	841
1643	7	30	48.000	  75.000	  60.000	  60.000	  65.455	  55.000	SimA2	R	1	49	1	961
1643	7	31	97.000	  40.144	  82.000	  47.488	  59.000	  66.000	ComD1	R	6	50	2	1063
1643	7	32	61.000	  62.000	  60.000	  55.317	  64.000	  52.484	Fill3	R	5	51	1	903
1643	7	33	98.000	  38.469	  81.000	  46.543	  58.000	  65.000	ComD1	R	3	49	2	1332
1643	7	34	49.000	  83.000	  85.000	  47.847	  85.000	  40.847	AttR2	R	4	50	1	625
1643	7	35	61.000	  64.000	  59.000	  57.831	  64.000	  53.922	Fill3	R	5	51	1	716
1643	7	36	51.000	  82.000	  83.000	  50.386	  83.000	  41.386	AttR2	R	2	51	2	481
1643	7	37	49.613	  75.000	  61.000	  61.000	  65.281	  57.000	SimA2	R	4	50	1	705
1643	7	38	51.000	  82.000	  83.000	  50.386	  43.000	  82.000	AttR1	R	5	49	2	784
1643	7	39	94.000	  38.809	  80.000	  45.600	  57.000	  64.000	ComD1	R	4	49	3	1442
1643	7	40	47.200	  75.000	  60.000	  59.000	  65.556	  54.000	SimA2	R	4	51	2	1466
1643	7	41	41.532	  94.000	  39.532	  85.501	  42.532	  78.999	Fill5	R	2	49	1	1066
1643	7	42	39.333	  90.000	  37.333	  80.464	  40.333	  74.802	Fill5	R	6	51	1	682
1643	7	43	74.000	  47.838	  71.000	  44.211	  76.000	  40.789	Fill2	R	2	50	3	778
1643	7	44	82.000	  48.354	  61.000	  65.000	  44.551	  89.000	ComD2	R	5	51	1	1308
1643	7	45	96.000	  38.667	  80.000	  46.400	  58.000	  64.000	ComD1	R	3	51	3	1434
1643	7	46	47.838	  74.000	  60.000	  59.000	  42.838	  82.637	SimA1	R	6	51	1	585
1643	7	47	80.000	  45.600	  57.000	  64.000	  43.429	  84.000	ComD2	R	3	51	3	756
1643	7	48	41.109	  92.000	  40.109	  80.955	  42.109	  77.442	Fill5	R	3	51	3	834
1643	7	49	82.000	  47.488	  59.000	  66.000	  44.250	  88.000	ComD2	R	4	51	2	1177
1643	7	50	51.932	  74.000	  49.932	  68.853	  53.932	  63.802	Fill4	R	6	51	1	1068
1643	7	51	81.000	  44.938	  56.000	  65.000	  43.333	  84.000	ComD2	R	2	49	1	1444
1643	7	52	91.000	  38.901	  89.000	  34.944	  93.000	  33.699	Fill1	R	5	50	3	668
1643	7	53	76.000	  51.368	  74.000	  46.919	  77.000	  44.403	Fill2	R	2	51	2	660
1643	7	54	50.137	  73.000	  49.137	  64.982	  51.137	  63.398	Fill4	R	4	50	1	564
1643	7	55	48.000	  75.000	  60.000	  60.000	  64.286	  56.000	SimA2	R	1	51	3	1121
1643	7	56	77.000	  49.909	  74.000	  46.054	  78.000	  43.449	Fill2	R	3	50	1	343
1643	7	57	47.200	  75.000	  59.000	  60.000	  63.214	  56.000	SimA2	R	5	49	2	868
1643	7	58	92.000	  39.783	  90.000	  35.178	  95.000	  33.326	Fill1	R	2	49	1	661
1643	7	59	48.000	  75.000	  60.000	  60.000	  44.000	  81.818	SimA1	R	2	50	3	549
1643	7	60	81.000	  46.543	  58.000	  65.000	  44.353	  85.000	ComD2	R	3	50	1	545
1643	7	61	41.772	  92.000	  38.772	  85.836	  43.772	  75.757	Fill5	R	4	50	1	535
1643	7	62	52.000	  80.000	  78.000	  53.333	  45.000	  80.000	AttR1	R	2	49	1	981
1643	7	63	80.000	  46.400	  58.000	  64.000	  42.667	  87.000	ComD2	R	5	50	3	2271
1643	7	64	97.000	  37.526	  81.000	  44.938	  56.000	  65.000	ComD1	R	2	50	3	527
1643	7	65	95.000	  39.074	  81.000	  45.827	  58.000	  64.000	ComD1	R	4	51	2	637
1643	7	66	48.800	  75.000	  61.000	  60.000	  45.800	  79.913	SimA1	R	5	49	2	1580
1643	7	67	45.789	  76.000	  58.000	  60.000	  62.143	  56.000	SimA2	R	5	51	1	703
1643	7	68	74.000	  48.649	  73.000	  43.630	  75.000	  41.947	Fill2	R	5	51	1	717
1643	7	69	46.068	  73.000	  59.000	  57.000	  43.068	  78.085	SimA1	R	5	51	1	689
1643	7	70	80.000	  46.400	  58.000	  64.000	  43.163	  86.000	ComD2	R	2	51	2	681
1643	7	71	47.000	  82.000	  82.000	  47.000	  82.000	  40.000	AttR2	R	1	51	3	1281
1643	7	72	49.000	  83.000	  85.000	  47.847	  41.000	  83.000	AttR1	R	2	51	2	481
1643	7	73	48.800	  75.000	  61.000	  60.000	  65.357	  56.000	SimA2	R	2	51	2	585
1643	7	74	81.000	  47.259	  58.000	  66.000	  44.512	  86.000	ComD2	R	5	51	1	652
1643	7	75	47.000	  82.000	  82.000	  47.000	  40.000	  82.000	AttR1	R	4	51	2	740
1643	7	76	52.000	  83.000	  83.000	  52.000	  83.000	  44.000	AttR2	R	3	51	3	513
1643	7	77	60.000	  61.000	  58.000	  55.793	  63.000	  51.238	Fill3	R	4	49	3	951
1643	7	78	93.000	  41.323	  90.000	  38.033	  95.000	  35.558	Fill1	R	2	51	2	2612
1643	7	79	47.200	  75.000	  59.000	  60.000	  42.200	  83.886	SimA1	R	2	51	2	775
1643	7	80	40.000	  90.000	  38.000	  80.658	  42.000	  73.357	Fill5	R	6	51	1	1553
1643	7	81	52.757	  74.000	  50.757	  68.720	  54.757	  63.335	Fill4	R	2	51	2	551
1643	7	82	95.000	  39.684	  82.000	  45.976	  58.000	  65.000	ComD1	R	6	51	1	884
1643	7	83	92.000	  39.130	  91.000	  34.253	  95.000	  32.811	Fill1	R	6	51	1	581
1643	7	84	95.000	  41.737	  82.000	  48.354	  61.000	  65.000	ComD1	R	1	51	3	575
1643	7	85	99.000	  38.667	  81.000	  47.259	  58.000	  66.000	ComD1	R	4	51	2	609
1643	7	86	49.000	  80.000	  82.000	  47.805	  40.000	  80.000	AttR1	R	2	49	1	652
1643	7	87	51.000	  80.000	  81.000	  50.370	  81.000	  42.370	AttR2	R	4	50	1	949
1643	7	88	51.000	  82.000	  80.000	  52.275	  80.000	  45.275	AttR2	R	5	51	1	706
1643	7	89	47.838	  74.000	  60.000	  59.000	  64.364	  55.000	SimA2	R	1	50	2	880
1643	7	90	39.783	  92.000	  38.783	  80.964	  41.783	  75.582	Fill5	R	5	51	1	568
1643	8	1	49.000	  83.000	  81.000	  50.210	  81.000	  41.210	AttR2	R	2	49	1	2149
1643	8	2	76.000	  46.579	  73.000	  42.767	  77.000	  39.844	Fill2	R	5	51	1	574
1643	8	3	75.000	  48.800	  73.000	  43.342	  76.000	  42.566	Fill2	R	3	50	1	441
1643	8	4	50.000	  80.000	  81.000	  49.383	  81.000	  41.383	AttR2	R	4	50	1	481
1643	8	5	81.000	  46.543	  58.000	  65.000	  43.333	  87.000	ComD2	R	1	49	1	1225
1643	8	6	46.579	  76.000	  59.000	  60.000	  64.364	  55.000	SimA2	R	2	51	2	685
1643	8	7	40.864	  88.000	  39.864	  76.436	  41.864	  73.620	Fill5	R	1	49	1	661
1643	8	8	81.000	  44.938	  56.000	  65.000	  43.333	  84.000	ComD2	R	4	49	3	2212
1643	8	9	46.553	  76.000	  58.000	  61.000	  62.070	  57.000	SimA2	R	5	51	1	735
1643	8	10	94.000	  39.489	  81.000	  45.827	  58.000	  64.000	ComD1	R	3	49	2	1269
1643	8	11	38.427	  89.000	  36.427	  79.721	  39.427	  73.858	Fill5	R	2	49	1	653
1643	8	12	48.000	  82.000	  81.000	  48.593	  81.000	  39.593	AttR2	R	4	50	1	605
1643	8	13	57.000	  60.000	  56.000	  52.607	  59.000	  50.576	Fill3	R	6	50	2	552
1643	8	14	53.000	  78.000	  79.000	  52.329	  79.000	  45.329	AttR2	R	1	49	1	844
1643	8	15	81.000	  46.444	  57.000	  66.000	  43.744	  86.000	ComD2	R	6	50	2	724
1643	8	16	52.116	  69.000	  51.116	  60.901	  53.116	  59.624	Fill4	R	3	50	1	930
1643	8	17	51.549	  71.000	  49.549	  64.703	  53.549	  59.571	Fill4	R	6	51	1	560
1643	8	18	92.000	  38.478	  89.000	  34.528	  95.000	  32.432	Fill1	R	5	51	1	661
1643	8	19	40.220	  91.000	  37.220	  84.203	  42.220	  74.183	Fill5	R	2	49	1	741
1643	8	20	92.000	  38.478	  91.000	  34.451	  95.000	  32.232	Fill1	R	5	51	1	618
1643	8	21	82.000	  45.976	  58.000	  65.000	  43.333	  87.000	ComD2	R	4	49	3	1620
1643	8	22	50.000	  79.000	  79.000	  50.000	  43.000	  79.000	AttR1	R	3	50	1	959
1643	8	23	62.000	  58.000	  60.000	  52.017	  63.000	  49.349	Fill3	R	3	50	1	1515
1643	8	24	47.532	  77.000	  60.000	  61.000	  65.357	  56.000	SimA2	R	3	51	3	1432
1643	8	25	93.000	  38.667	  90.000	  34.778	  94.000	  33.670	Fill1	R	1	51	3	577
1643	8	26	47.041	  74.000	  59.000	  59.000	  44.041	  79.041	SimA1	R	5	51	1	1204
1643	8	27	49.763	  76.000	  62.000	  61.000	  66.351	  57.000	SimA2	R	4	51	2	543
1643	8	28	98.000	  38.469	  82.000	  45.976	  58.000	  65.000	ComD1	R	2	51	2	1844
1643	8	29	97.000	  38.866	  81.000	  46.543	  58.000	  65.000	ComD1	R	3	51	3	1068
1643	8	30	49.944	  72.000	  62.000	  58.000	  45.944	  78.268	SimA1	R	3	51	3	588
1643	8	31	90.000	  38.000	  87.000	  34.172	  93.000	  31.462	Fill1	R	5	51	1	527
1643	8	32	96.000	  39.188	  81.000	  46.444	  57.000	  66.000	ComD1	R	4	51	2	1348
1643	8	33	47.000	  80.000	  78.000	  48.205	  78.000	  40.205	AttR2	R	3	49	2	969
1643	8	34	95.000	  39.684	  81.000	  46.543	  58.000	  65.000	ComD1	R	2	51	2	1004
1643	8	35	48.857	  70.000	  47.857	  62.373	  50.857	  58.084	Fill4	R	5	51	1	647
1643	8	36	76.000	  49.763	  74.000	  45.419	  77.000	  43.000	Fill2	R	3	50	1	767
1643	8	37	100.000	  39.530	  83.000	  47.627	  59.000	  67.000	ComD1	R	2	51	2	658
1643	8	38	40.227	  88.000	  38.227	  78.949	  41.227	  73.665	Fill5	R	4	50	1	753
1643	8	39	95.000	  39.811	  94.000	  35.585	  96.000	  34.656	Fill1	R	3	50	1	615
1643	8	40	73.000	  46.849	  71.000	  41.775	  74.000	  39.986	Fill2	R	2	49	1	698
1643	8	41	95.000	  39.000	  80.000	  46.312	  57.000	  65.000	ComD1	R	5	50	3	857
1643	8	42	49.859	  71.000	  48.859	  63.857	  50.859	  60.461	Fill4	R	2	49	1	945
1643	8	43	73.000	  48.493	  71.000	  43.817	  74.000	  41.568	Fill2	R	3	50	1	631
1643	8	44	92.000	  39.783	  91.000	  35.044	  93.000	  35.011	Fill1	R	1	49	1	698
1643	8	45	47.685	  73.000	  59.000	  59.000	  44.685	  77.901	SimA1	R	2	50	3	650
1643	8	46	78.000	  46.103	  76.000	  41.408	  79.000	  40.291	Fill2	R	1	50	2	586
1643	8	47	98.000	  37.143	  81.000	  44.938	  56.000	  65.000	ComD1	R	4	49	3	1244
1643	8	48	80.000	  46.312	  57.000	  65.000	  43.588	  85.000	ComD2	R	2	51	2	644
1643	8	49	97.000	  39.464	  82.000	  46.683	  58.000	  66.000	ComD1	R	4	51	2	1180
1643	8	50	50.000	  80.000	  82.000	  48.780	  82.000	  40.780	AttR2	R	2	51	2	567
1643	8	51	52.000	  81.000	  80.000	  52.650	  80.000	  43.650	AttR2	R	2	49	1	881
1643	8	52	41.560	  91.000	  39.560	  82.962	  42.560	  76.409	Fill5	R	1	50	2	665
1643	8	53	50.000	  80.000	  82.000	  48.780	  42.000	  80.000	AttR1	R	5	51	1	681
1643	8	54	47.692	  78.000	  60.000	  62.000	  65.263	  57.000	SimA2	R	5	51	1	1969
1643	8	55	60.000	  59.000	  57.000	  54.439	  62.000	  49.903	Fill3	R	2	49	1	1164
1643	8	56	83.000	  47.627	  59.000	  67.000	  44.920	  88.000	ComD2	R	6	50	2	1256
1643	8	57	48.773	  75.000	  62.000	  59.000	  45.773	  79.916	SimA1	R	5	51	1	528
1643	8	58	81.000	  46.543	  58.000	  65.000	  44.353	  85.000	ComD2	R	5	49	2	892
1643	8	59	49.859	  71.000	  47.859	  64.941	  50.859	  60.422	Fill4	R	5	51	1	412
1643	8	60	53.268	  71.000	  52.268	  63.060	  54.268	  61.510	Fill4	R	1	49	1	1128
1643	8	61	52.000	  81.000	  80.000	  52.650	  45.000	  81.000	AttR1	R	4	50	1	1508
1643	8	62	46.579	  76.000	  59.000	  60.000	  42.579	  83.140	SimA1	R	4	51	2	641
1643	8	63	46.553	  76.000	  58.000	  61.000	  43.553	  81.235	SimA1	R	5	49	2	986
1643	8	64	59.000	  60.000	  56.000	  55.161	  62.000	  49.806	Fill3	R	6	50	2	1292
1643	8	65	47.027	  74.000	  60.000	  58.000	  63.273	  55.000	SimA2	R	4	50	1	789
1643	8	66	80.000	  47.200	  59.000	  64.000	  43.402	  87.000	ComD2	R	2	50	3	526
1643	8	67	60.000	  61.000	  59.000	  54.034	  61.000	  53.016	Fill3	R	3	50	1	691
1643	8	68	47.532	  77.000	  60.000	  61.000	  43.532	  84.075	SimA1	R	5	51	1	820
1643	8	69	49.763	  76.000	  62.000	  61.000	  46.763	  80.876	SimA1	R	4	50	1	696
1643	8	70	50.000	  82.000	  80.000	  51.250	  80.000	  43.250	AttR2	R	3	50	1	711
1643	8	71	47.685	  73.000	  59.000	  59.000	  64.463	  54.000	SimA2	R	2	50	3	1452
1643	8	72	53.000	  78.000	  79.000	  52.329	  46.000	  78.000	AttR1	R	3	50	1	636
1643	8	73	49.944	  72.000	  62.000	  58.000	  65.382	  55.000	SimA2	R	2	50	3	572
1643	8	74	47.027	  74.000	  60.000	  58.000	  43.027	  80.879	SimA1	R	5	50	3	719
1643	8	75	49.000	  83.000	  81.000	  50.210	  42.000	  83.000	AttR1	R	5	50	3	628
1643	8	76	50.000	  80.000	  81.000	  49.383	  42.000	  80.000	AttR1	R	2	51	2	783
1643	8	77	50.000	  82.000	  80.000	  51.250	  41.000	  82.000	AttR1	R	3	50	1	833
1643	8	78	50.000	  79.000	  79.000	  50.000	  79.000	  42.000	AttR2	R	6	51	1	641
1643	8	79	47.000	  79.000	  79.000	  47.000	  79.000	  38.000	AttR2	R	2	51	2	433
1643	8	80	48.000	  82.000	  81.000	  48.593	  39.000	  82.000	AttR1	R	4	51	2	561
1643	8	81	47.000	  79.000	  79.000	  47.000	  39.000	  79.000	AttR1	R	4	50	1	744
1643	8	82	82.000	  46.683	  58.000	  66.000	  45.035	  85.000	ComD2	R	4	51	2	2316
1643	8	83	81.000	  45.827	  58.000	  64.000	  42.667	  87.000	ComD2	R	3	49	2	905
1643	8	84	47.692	  78.000	  60.000	  62.000	  44.692	  83.236	SimA1	R	5	51	1	2032
1643	8	85	47.000	  80.000	  78.000	  48.205	  38.000	  80.000	AttR1	R	6	51	1	985
1643	8	86	62.000	  61.000	  59.000	  57.017	  63.000	  53.000	Fill3	R	2	49	1	1421
1643	8	87	39.333	  90.000	  38.333	  78.861	  41.333	  73.210	Fill5	R	3	50	1	672
1643	8	88	48.773	  75.000	  62.000	  59.000	  66.509	  55.000	SimA2	R	4	49	3	1839
1643	8	89	94.000	  40.170	  80.000	  47.200	  59.000	  64.000	ComD1	R	2	49	1	680
1643	8	90	47.041	  74.000	  59.000	  59.000	  64.463	  54.000	SimA2	R	6	50	2	775
