username: S49, Experiment time (minutes): 40
Operating system: Mac OS 10.8.5
Manufacturer: Google Pepper
Player type: PlugIn
Version: MAC 13,0,0,206

username	blkNum	trlNum	Rect1Height	Rect1Width	Rect2Height	Rect2Width	Rect3Height	Rect3Width	Effect	StimType	StimPosition	rawResp	response	RT
8765	0	1	90.000	  38.633	  88.000	  34.398	  91.000	  33.473	Fill1	R	2	49	1	5166
8765	0	2	77.000	  49.117	  74.000	  44.432	  79.000	  41.734	Fill2	R	3	50	1	2852
8765	0	3	59.000	  59.000	  58.000	  52.224	  60.000	  49.917	Fill3	R	4	50	1	3285
8765	1	1	95.000	  39.684	  80.000	  47.125	  58.000	  65.000	ComD1	R	6	49	3	6469
8765	1	2	49.000	  82.000	  84.000	  47.833	  40.000	  82.000	AttR1	R	3	50	1	3309
8765	1	3	49.986	  72.000	  48.986	  65.141	  51.986	  61.497	Fill4	R	2	49	1	4051
8765	1	4	47.838	  74.000	  59.000	  60.000	  64.364	  55.000	SimA2	R	3	50	1	2979
8765	1	5	47.355	  76.000	  59.000	  61.000	  62.052	  58.000	SimA2	R	5	51	1	3775
8765	1	6	46.000	  80.000	  81.000	  45.432	  81.000	  38.432	AttR2	R	1	49	1	1856
8765	1	7	80.000	  47.125	  58.000	  65.000	  44.353	  85.000	ComD2	R	6	49	3	3856
8765	1	8	38.886	  88.000	  35.886	  81.312	  40.886	  70.610	Fill5	R	4	50	1	2879
8765	1	9	48.325	  77.000	  61.000	  61.000	  45.325	  82.097	SimA1	R	5	51	1	2600
8765	1	10	95.000	  38.505	  92.000	  35.033	  97.000	  32.948	Fill1	R	5	51	1	2115
8765	1	11	96.000	  39.875	  81.000	  47.259	  58.000	  66.000	ComD1	R	1	51	3	2704
8765	1	12	59.000	  61.000	  57.000	  55.509	  60.000	  52.300	Fill3	R	3	50	1	2286
8765	1	13	49.000	  80.000	  81.000	  48.395	  81.000	  41.395	AttR2	R	2	49	1	2350
8765	1	14	51.240	  75.000	  63.000	  61.000	  47.240	  81.351	SimA1	R	2	49	1	3516
8765	1	15	52.000	  76.000	  74.000	  53.405	  44.000	  76.000	AttR1	R	4	50	1	1592
8765	1	16	75.000	  45.627	  73.000	  41.288	  77.000	  38.325	Fill2	R	5	51	1	2466
8765	1	17	47.671	  73.000	  60.000	  58.000	  43.671	  79.686	SimA1	R	5	50	3	4714
8765	1	18	95.000	  38.400	  79.000	  46.177	  57.000	  64.000	ComD1	R	2	50	3	4447
8765	1	19	48.325	  77.000	  61.000	  61.000	  65.281	  57.000	SimA2	R	4	50	1	2272
8765	1	20	47.671	  73.000	  60.000	  58.000	  64.444	  54.000	SimA2	R	3	50	1	4104
8765	1	21	92.000	  39.783	  89.000	  36.315	  93.000	  34.753	Fill1	R	3	50	1	2278
8765	1	22	48.886	  70.000	  47.886	  62.628	  49.886	  60.037	Fill4	R	2	49	1	2246
8765	1	23	62.000	  59.000	  60.000	  52.850	  63.000	  50.381	Fill3	R	6	51	1	4086
8765	1	24	50.000	  80.000	  78.000	  51.282	  78.000	  44.282	AttR2	R	2	49	1	3453
8765	1	25	50.833	  72.000	  48.833	  64.853	  51.833	  62.045	Fill4	R	2	49	1	1557
8765	1	26	79.000	  46.177	  57.000	  64.000	  43.429	  84.000	ComD2	R	2	51	2	3499
8765	1	27	98.000	  39.796	  82.000	  47.561	  60.000	  65.000	ComD1	R	3	49	2	2831
8765	1	28	49.714	  70.000	  47.714	  63.419	  50.714	  60.042	Fill4	R	1	49	1	1176
8765	1	29	83.000	  46.120	  58.000	  66.000	  45.035	  85.000	ComD2	R	2	50	3	4827
8765	1	30	41.101	  89.000	  39.101	  80.126	  42.101	  73.917	Fill5	R	5	49	2	2814
8765	1	31	73.000	  49.301	  70.000	  45.086	  76.000	  41.697	Fill2	R	5	51	1	2128
8765	1	32	46.000	  80.000	  81.000	  45.432	  39.000	  80.000	AttR1	R	3	50	1	4886
8765	1	33	50.000	  80.000	  80.000	  50.000	  80.000	  42.000	AttR2	R	5	51	1	990
8765	1	34	78.000	  46.897	  76.000	  42.000	  80.000	  39.587	Fill2	R	4	50	1	1417
8765	1	35	49.000	  82.000	  84.000	  47.833	  84.000	  40.833	AttR2	R	2	49	1	2298
8765	1	36	81.000	  46.543	  58.000	  65.000	  43.837	  86.000	ComD2	R	5	50	3	1704
8765	1	37	51.240	  75.000	  63.000	  61.000	  66.259	  58.000	SimA2	R	4	50	1	1958
8765	1	38	53.014	  69.000	  50.014	  65.041	  54.014	  58.632	Fill4	R	5	51	1	1755
8765	1	39	40.667	  90.000	  37.667	  83.841	  42.667	  73.852	Fill5	R	2	49	1	936
8765	1	40	82.000	  47.561	  60.000	  65.000	  44.318	  88.000	ComD2	R	2	50	3	3293
8765	1	41	50.000	  80.000	  78.000	  51.282	  43.000	  80.000	AttR1	R	1	49	1	1422
8765	1	42	53.000	  80.000	  81.000	  52.346	  81.000	  43.346	AttR2	R	1	50	2	3448
8765	1	43	45.627	  75.000	  58.000	  59.000	  42.627	  80.278	SimA1	R	3	50	1	3304
8765	1	44	47.685	  73.000	  59.000	  59.000	  62.161	  56.000	SimA2	R	3	50	1	4527
8765	1	45	53.000	  80.000	  81.000	  52.346	  45.000	  80.000	AttR1	R	2	49	1	1812
8765	1	46	46.579	  76.000	  59.000	  60.000	  43.579	  81.232	SimA1	R	2	50	3	4189
8765	1	47	59.000	  58.000	  56.000	  52.964	  60.000	  50.367	Fill3	R	3	50	1	1144
8765	1	48	46.579	  76.000	  59.000	  60.000	  62.105	  57.000	SimA2	R	5	50	3	2021
8765	1	49	52.000	  79.000	  77.000	  53.351	  77.000	  45.351	AttR2	R	2	49	1	2705
8765	1	50	85.000	  46.400	  58.000	  68.000	  46.400	  85.000	ComD2	R	3	49	2	3733
8765	1	51	92.000	  37.196	  89.000	  33.607	  93.000	  31.742	Fill1	R	4	50	1	1139
8765	1	52	48.635	  74.000	  61.000	  59.000	  66.648	  54.000	SimA2	R	5	50	3	3599
8765	1	53	39.989	  90.000	  38.989	  78.304	  41.989	  73.734	Fill5	R	6	51	1	1051
8765	1	54	50.000	  81.000	  82.000	  49.390	  82.000	  41.390	AttR2	R	5	51	1	2572
8765	1	55	81.000	  47.259	  58.000	  66.000	  44.512	  86.000	ComD2	R	5	51	1	5406
8765	1	56	50.690	  71.000	  49.690	  62.970	  52.690	  58.835	Fill4	R	1	49	1	1680
8765	1	57	49.000	  79.000	  81.000	  47.790	  81.000	  39.790	AttR2	R	2	49	1	1584
8765	1	58	92.000	  37.826	  91.000	  33.055	  93.000	  32.376	Fill1	R	1	49	1	1051
8765	1	59	97.000	  38.866	  81.000	  46.543	  58.000	  65.000	ComD1	R	5	49	2	1218
8765	1	60	49.000	  80.000	  81.000	  48.395	  42.000	  80.000	AttR1	R	5	51	1	2182
8765	1	61	92.000	  39.120	  91.000	  34.429	  94.000	  33.362	Fill1	R	4	50	1	1208
8765	1	62	97.000	  39.464	  83.000	  46.120	  58.000	  66.000	ComD1	R	2	49	1	1627
8765	1	63	48.800	  75.000	  61.000	  60.000	  66.545	  55.000	SimA2	R	2	50	3	4958
8765	1	64	98.000	  37.806	  82.000	  45.183	  57.000	  65.000	ComD1	R	3	49	2	1123
8765	1	65	75.000	  47.987	  72.000	  44.319	  77.000	  41.208	Fill2	R	6	50	2	1168
8765	1	66	61.000	  60.000	  59.000	  54.915	  62.000	  52.242	Fill3	R	6	50	2	1788
8765	1	67	47.685	  73.000	  59.000	  59.000	  43.685	  79.684	SimA1	R	4	50	1	1374
8765	1	68	50.000	  81.000	  82.000	  49.390	  42.000	  81.000	AttR1	R	3	50	1	1351
8765	1	69	47.838	  74.000	  59.000	  60.000	  43.838	  80.752	SimA1	R	2	50	3	1277
8765	1	70	101.000	  39.050	  85.000	  46.400	  58.000	  68.000	ComD1	R	4	51	2	2222
8765	1	71	82.000	  45.183	  57.000	  65.000	  43.081	  86.000	ComD2	R	6	50	2	7527
8765	1	72	75.000	  46.400	  74.000	  40.986	  76.000	  40.487	Fill2	R	5	51	1	1309
8765	1	73	82.000	  45.976	  58.000	  65.000	  43.837	  86.000	ComD2	R	3	50	1	1083
8765	1	74	92.000	  39.120	  91.000	  34.132	  95.000	  32.916	Fill1	R	3	50	1	803
8765	1	75	52.000	  79.000	  77.000	  53.351	  43.000	  79.000	AttR1	R	5	51	1	2374
8765	1	76	48.635	  74.000	  61.000	  59.000	  44.635	  80.632	SimA1	R	4	50	1	3216
8765	1	77	45.627	  75.000	  58.000	  59.000	  61.107	  56.000	SimA2	R	5	50	3	2748
8765	1	78	39.545	  88.000	  37.545	  79.077	  40.545	  72.388	Fill5	R	2	50	3	560
8765	1	79	59.000	  61.000	  56.000	  57.018	  61.000	  51.197	Fill3	R	2	49	1	1742
8765	1	80	80.000	  46.400	  58.000	  64.000	  43.671	  85.000	ComD2	R	4	51	2	2394
8765	1	81	97.000	  38.268	  80.000	  46.400	  58.000	  64.000	ComD1	R	3	49	2	1510
8765	1	82	76.000	  48.158	  75.000	  42.493	  77.000	  41.351	Fill2	R	4	50	1	1203
8765	1	83	48.800	  75.000	  61.000	  60.000	  45.800	  79.913	SimA1	R	6	49	3	2109
8765	1	84	96.000	  39.271	  82.000	  45.976	  58.000	  65.000	ComD1	R	5	49	2	1723
8765	1	85	49.000	  79.000	  81.000	  47.790	  42.000	  79.000	AttR1	R	4	50	1	1408
8765	1	86	60.000	  58.000	  58.000	  52.103	  63.000	  47.810	Fill3	R	4	50	1	3266
8765	1	87	50.000	  80.000	  80.000	  50.000	  42.000	  80.000	AttR1	R	2	49	1	1643
8765	1	88	39.120	  92.000	  38.120	  80.169	  41.120	  74.539	Fill5	R	2	49	1	1651
8765	1	89	52.000	  76.000	  74.000	  53.405	  74.000	  44.405	AttR2	R	2	51	2	2119
8765	1	90	47.355	  76.000	  59.000	  61.000	  42.355	  84.972	SimA1	R	6	51	1	2384
8765	2	1	51.000	  80.000	  79.000	  51.646	  79.000	  42.646	AttR2	R	6	50	2	3533
8765	2	2	49.282	  78.000	  62.000	  62.000	  65.153	  59.000	SimA2	R	4	50	1	1152
8765	2	3	48.132	  76.000	  59.000	  62.000	  45.132	  81.052	SimA1	R	3	50	1	3022
8765	2	4	96.000	  39.333	  80.000	  47.200	  59.000	  64.000	ComD1	R	3	49	2	3879
8765	2	5	96.000	  39.948	  81.000	  47.346	  59.000	  65.000	ComD1	R	3	49	2	2896
8765	2	6	39.112	  89.000	  37.112	  79.623	  40.112	  73.693	Fill5	R	6	51	1	2440
8765	2	7	81.000	  46.543	  58.000	  65.000	  43.837	  86.000	ComD2	R	1	49	1	4592
8765	2	8	52.000	  79.000	  79.000	  52.000	  45.000	  79.000	AttR1	R	1	49	1	1172
8765	2	9	40.890	  91.000	  39.890	  80.747	  42.890	  74.563	Fill5	R	2	49	1	5631
8765	2	10	47.200	  75.000	  59.000	  60.000	  42.200	  83.886	SimA1	R	6	49	3	2049
8765	2	11	53.000	  81.000	  82.000	  52.354	  46.000	  81.000	AttR1	R	4	51	2	2831
8765	2	12	47.532	  77.000	  60.000	  61.000	  42.532	  86.052	SimA1	R	2	50	3	1072
8765	2	13	52.528	  72.000	  51.528	  64.354	  54.528	  61.272	Fill4	R	3	50	1	1544
8765	2	14	49.028	  71.000	  48.028	  62.172	  50.028	  59.606	Fill4	R	4	50	1	2157
8765	2	15	81.000	  46.543	  58.000	  65.000	  43.333	  87.000	ComD2	R	2	50	3	1746
8765	2	16	59.000	  59.000	  58.000	  52.103	  61.000	  50.098	Fill3	R	3	50	1	2568
8765	2	17	50.000	  79.000	  81.000	  48.765	  41.000	  79.000	AttR1	R	3	50	1	1594
8765	2	18	37.753	  89.000	  36.753	  77.028	  39.753	  71.919	Fill5	R	2	49	1	1127
8765	2	19	81.000	  47.346	  59.000	  65.000	  43.580	  88.000	ComD2	R	1	51	3	1715
8765	2	20	49.859	  71.000	  48.859	  64.000	  50.859	  61.739	Fill4	R	3	50	1	1177
8765	2	21	95.000	  39.684	  80.000	  47.125	  58.000	  65.000	ComD1	R	4	51	2	1491
8765	2	22	47.368	  76.000	  60.000	  60.000	  42.368	  84.969	SimA1	R	1	51	3	4522
8765	2	23	41.109	  92.000	  40.109	  80.606	  43.109	  75.112	Fill5	R	3	50	1	983
8765	2	24	59.000	  60.000	  57.000	  53.509	  60.000	  51.667	Fill3	R	3	50	1	1891
8765	2	25	71.000	  47.324	  68.000	  43.132	  73.000	  40.164	Fill2	R	2	49	1	2923
8765	2	26	76.000	  49.763	  73.000	  45.479	  77.000	  43.532	Fill2	R	4	50	1	808
8765	2	27	84.000	  46.262	  58.000	  67.000	  45.718	  85.000	ComD2	R	2	50	3	1987
8765	2	28	50.000	  79.000	  81.000	  48.765	  81.000	  41.765	AttR2	R	6	51	1	1510
8765	2	29	47.368	  76.000	  60.000	  60.000	  42.368	  84.969	SimA1	R	2	50	3	2003
8765	2	30	49.000	  78.000	  77.000	  49.636	  41.000	  78.000	AttR1	R	1	50	2	2870
8765	2	31	95.000	  40.421	  81.000	  47.407	  60.000	  64.000	ComD1	R	4	50	1	1982
8765	2	32	82.000	  45.878	  57.000	  66.000	  44.786	  84.000	ComD2	R	2	50	3	2561
8765	2	33	52.000	  78.000	  80.000	  50.700	  45.000	  78.000	AttR1	R	5	51	1	1375
8765	2	34	47.368	  76.000	  60.000	  60.000	  63.158	  57.000	SimA2	R	6	49	3	2833
8765	2	35	96.000	  39.188	  82.000	  45.878	  57.000	  66.000	ComD1	R	3	49	2	2488
8765	2	36	57.000	  59.000	  54.000	  54.037	  59.000	  48.593	Fill3	R	4	50	1	1008
8765	2	37	47.838	  74.000	  60.000	  59.000	  63.214	  56.000	SimA2	R	2	49	1	3611
8765	2	38	56.000	  60.000	  53.000	  54.340	  59.000	  49.763	Fill3	R	3	50	1	1654
8765	2	39	94.000	  40.234	  91.000	  37.154	  95.000	  35.232	Fill1	R	6	49	3	1350
8765	2	40	48.325	  77.000	  61.000	  61.000	  43.325	  85.886	SimA1	R	3	51	3	3507
8765	2	41	47.811	  74.000	  61.000	  58.000	  42.811	  82.643	SimA1	R	2	50	3	1912
8765	2	42	62.000	  61.000	  61.000	  54.705	  65.000	  51.523	Fill3	R	5	50	3	1710
8765	2	43	53.000	  81.000	  82.000	  52.354	  82.000	  44.354	AttR2	R	2	51	2	1923
8765	2	44	47.368	  76.000	  60.000	  60.000	  64.286	  56.000	SimA2	R	4	49	3	2960
8765	2	45	48.739	  69.000	  46.739	  62.432	  50.739	  57.037	Fill4	R	4	50	1	918
8765	2	46	81.000	  48.074	  59.000	  66.000	  44.759	  87.000	ComD2	R	2	51	2	2355
8765	2	47	49.000	  78.000	  77.000	  49.636	  77.000	  40.636	AttR2	R	2	51	2	1976
8765	2	48	80.000	  47.125	  58.000	  65.000	  43.837	  86.000	ComD2	R	4	49	3	1715
8765	2	49	46.667	  72.000	  43.667	  67.328	  48.667	  59.630	Fill4	R	6	49	3	2751
8765	2	50	38.216	  88.000	  36.216	  77.728	  40.216	  70.569	Fill5	R	4	50	1	2246
8765	2	51	39.775	  89.000	  38.775	  77.188	  40.775	  74.310	Fill5	R	5	51	1	1133
8765	2	52	49.459	  74.000	  61.000	  60.000	  46.459	  78.778	SimA1	R	4	49	3	1899
8765	2	53	100.000	  38.860	  84.000	  46.262	  58.000	  67.000	ComD1	R	5	51	1	2184
8765	2	54	52.000	  78.000	  80.000	  50.700	  80.000	  42.700	AttR2	R	2	51	2	1867
8765	2	55	47.000	  81.000	  81.000	  47.000	  38.000	  81.000	AttR1	R	3	50	1	3811
8765	2	56	77.000	  48.325	  75.000	  44.267	  79.000	  41.278	Fill2	R	5	50	3	2311
8765	2	57	51.000	  80.000	  79.000	  51.646	  44.000	  80.000	AttR1	R	5	49	2	4722
8765	2	58	89.000	  37.753	  87.000	  33.448	  92.000	  31.891	Fill1	R	3	50	1	1471
8765	2	59	90.000	  38.678	  87.000	  34.460	  91.000	  33.615	Fill1	R	2	49	1	935
8765	2	60	50.973	  73.000	  47.973	  67.351	  51.973	  62.822	Fill4	R	5	51	1	2197
8765	2	61	49.282	  78.000	  62.000	  62.000	  45.282	  84.890	SimA1	R	4	50	1	1128
8765	2	62	49.000	  79.000	  77.000	  50.273	  40.000	  79.000	AttR1	R	1	50	2	1654
8765	2	63	80.000	  47.200	  59.000	  64.000	  43.402	  87.000	ComD2	R	4	50	1	942
8765	2	64	71.000	  47.366	  70.000	  41.714	  72.000	  40.444	Fill2	R	5	51	1	1507
8765	2	65	96.000	  39.271	  81.000	  46.543	  58.000	  65.000	ComD1	R	6	50	2	760
8765	2	66	94.000	  38.809	  79.000	  46.177	  57.000	  64.000	ComD1	R	1	50	2	1478
8765	2	67	79.000	  46.177	  57.000	  64.000	  42.419	  86.000	ComD2	R	3	49	2	1582
8765	2	68	48.000	  78.000	  77.000	  48.623	  40.000	  78.000	AttR1	R	4	51	2	1328
8765	2	69	75.000	  46.413	  73.000	  42.192	  76.000	  40.118	Fill2	R	1	49	1	1246
8765	2	70	91.000	  38.901	  89.000	  34.742	  92.000	  33.957	Fill1	R	3	50	1	870
8765	2	71	61.000	  61.000	  59.000	  55.237	  63.000	  52.476	Fill3	R	4	50	1	902
8765	2	72	52.000	  79.000	  79.000	  52.000	  79.000	  44.000	AttR2	R	3	49	2	2980
8765	2	73	47.200	  75.000	  59.000	  60.000	  64.364	  55.000	SimA2	R	5	50	3	1879
8765	2	74	47.838	  74.000	  60.000	  59.000	  43.838	  80.752	SimA1	R	5	51	1	2005
8765	2	75	90.000	  37.367	  88.000	  33.170	  92.000	  31.293	Fill1	R	3	50	1	719
8765	2	76	49.000	  79.000	  77.000	  50.273	  77.000	  42.273	AttR2	R	2	49	1	709
8765	2	77	98.000	  39.735	  81.000	  48.074	  59.000	  66.000	ComD1	R	5	50	3	986
8765	2	78	73.000	  48.493	  70.000	  44.571	  76.000	  40.066	Fill2	R	3	50	1	885
8765	2	79	48.132	  76.000	  59.000	  62.000	  63.069	  58.000	SimA2	R	2	50	3	1597
8765	2	80	49.000	  78.000	  77.000	  49.636	  42.000	  78.000	AttR1	R	1	49	1	920
8765	2	81	49.459	  74.000	  61.000	  60.000	  64.211	  57.000	SimA2	R	3	51	3	1189
8765	2	82	47.811	  74.000	  61.000	  58.000	  64.327	  55.000	SimA2	R	2	49	1	1479
8765	2	83	48.000	  78.000	  77.000	  48.623	  77.000	  39.623	AttR2	R	3	49	2	1287
8765	2	84	92.000	  40.446	  89.000	  37.169	  95.000	  34.842	Fill1	R	3	50	1	1072
8765	2	85	47.000	  81.000	  81.000	  47.000	  81.000	  40.000	AttR2	R	4	51	2	1280
8765	2	86	47.532	  77.000	  60.000	  61.000	  63.103	  58.000	SimA2	R	4	50	1	1504
8765	2	87	81.000	  47.407	  60.000	  64.000	  43.146	  89.000	ComD2	R	3	51	3	1470
8765	2	88	95.000	  39.684	  81.000	  46.543	  58.000	  65.000	ComD1	R	1	49	1	839
8765	2	89	49.000	  78.000	  77.000	  49.636	  77.000	  41.636	AttR2	R	4	50	1	2359
8765	2	90	48.325	  77.000	  61.000	  61.000	  64.155	  58.000	SimA2	R	5	49	2	1940
8765	3	1	82.000	  48.207	  59.000	  67.000	  45.965	  86.000	ComD2	R	2	50	3	13076
8765	3	2	51.000	  79.000	  81.000	  49.741	  81.000	  42.741	AttR2	R	4	50	1	755
8765	3	3	39.557	  88.000	  38.557	  76.044	  41.557	  70.674	Fill5	R	4	51	2	1335
8765	3	4	49.613	  75.000	  61.000	  61.000	  45.613	  81.577	SimA1	R	3	49	2	1422
8765	3	5	73.000	  46.082	  70.000	  41.586	  76.000	  38.303	Fill2	R	3	50	1	712
8765	3	6	49.000	  80.000	  82.000	  47.805	  82.000	  38.805	AttR2	R	6	51	1	1047
8765	3	7	47.838	  74.000	  59.000	  60.000	  63.214	  56.000	SimA2	R	5	49	2	1757
8765	3	8	82.000	  45.976	  58.000	  65.000	  43.333	  87.000	ComD2	R	4	49	3	2146
8765	3	9	79.000	  46.177	  57.000	  64.000	  43.429	  84.000	ComD2	R	1	51	3	1288
8765	3	10	95.000	  40.368	  81.000	  47.346	  59.000	  65.000	ComD1	R	2	50	3	2376
8765	3	11	75.000	  48.773	  73.000	  44.027	  77.000	  41.805	Fill2	R	1	49	1	1426
8765	3	12	96.000	  38.667	  80.000	  46.400	  58.000	  64.000	ComD1	R	2	50	3	1318
8765	3	13	62.000	  58.000	  61.000	  52.066	  64.000	  48.766	Fill3	R	5	49	2	1027
8765	3	14	59.000	  62.000	  56.000	  57.482	  61.000	  52.164	Fill3	R	6	51	1	1094
8765	3	15	77.000	  46.701	  75.000	  41.693	  80.000	  38.987	Fill2	R	4	50	1	646
8765	3	16	96.000	  38.000	  80.000	  45.600	  57.000	  64.000	ComD1	R	4	49	3	1270
8765	3	17	59.000	  59.000	  57.000	  52.632	  62.000	  48.435	Fill3	R	5	51	1	1789
8765	3	18	95.000	  37.853	  93.000	  33.925	  97.000	  32.619	Fill1	R	3	50	1	753
8765	3	19	51.000	  79.000	  81.000	  49.741	  81.000	  41.741	AttR2	R	1	50	2	1006
8765	3	20	46.579	  76.000	  59.000	  60.000	  62.105	  57.000	SimA2	R	1	49	1	1264
8765	3	21	96.000	  39.875	  81.000	  47.259	  58.000	  66.000	ComD1	R	4	51	2	2528
8765	3	22	52.116	  69.000	  50.116	  62.834	  54.116	  58.874	Fill4	R	2	49	1	1878
8765	3	23	51.000	  82.000	  84.000	  49.786	  84.000	  40.786	AttR2	R	4	50	1	774
8765	3	24	81.000	  47.346	  59.000	  65.000	  43.580	  88.000	ComD2	R	4	49	3	735
8765	3	25	39.112	  89.000	  38.112	  77.245	  40.112	  74.142	Fill5	R	1	49	1	1037
8765	3	26	38.227	  88.000	  36.227	  77.870	  40.227	  70.947	Fill5	R	4	50	1	1029
8765	3	27	48.635	  74.000	  61.000	  59.000	  65.436	  55.000	SimA2	R	3	50	1	1839
8765	3	28	92.000	  37.837	  89.000	  34.416	  94.000	  32.415	Fill1	R	4	50	1	1055
8765	3	29	98.000	  38.469	  82.000	  45.976	  58.000	  65.000	ComD1	R	6	51	1	1232
8765	3	30	92.000	  37.837	  89.000	  34.225	  95.000	  31.589	Fill1	R	2	49	1	1328
8765	3	31	47.838	  74.000	  60.000	  59.000	  43.838	  80.752	SimA1	R	1	49	1	1205
8765	3	32	81.000	  47.346	  59.000	  65.000	  44.593	  86.000	ComD2	R	4	49	3	1368
8765	3	33	48.649	  74.000	  60.000	  60.000	  45.649	  78.863	SimA1	R	4	50	1	1523
8765	3	34	94.000	  38.915	  92.000	  35.293	  96.000	  33.385	Fill1	R	2	49	1	1096
8765	3	35	49.000	  80.000	  81.000	  48.395	  81.000	  40.395	AttR2	R	2	49	1	1744
8765	3	36	50.110	  73.000	  48.110	  65.954	  52.110	  61.908	Fill4	R	2	49	1	2446
8765	3	37	50.000	  80.000	  79.000	  50.633	  79.000	  43.633	AttR2	R	1	49	1	1350
8765	3	38	91.000	  36.967	  90.000	  32.867	  93.000	  31.022	Fill1	R	3	50	1	747
8765	3	39	94.000	  38.809	  79.000	  46.177	  57.000	  64.000	ComD1	R	3	49	2	1384
8765	3	40	48.000	  75.000	  60.000	  60.000	  63.158	  57.000	SimA2	R	1	49	1	1626
8765	3	41	50.449	  69.000	  48.449	  61.570	  51.449	  59.748	Fill4	R	3	50	1	1550
8765	3	42	40.198	  91.000	  37.198	  84.199	  41.198	  76.096	Fill5	R	5	51	1	1370
8765	3	43	80.000	  46.400	  58.000	  64.000	  43.671	  85.000	ComD2	R	2	50	3	1454
8765	3	44	47.838	  74.000	  60.000	  59.000	  64.364	  55.000	SimA2	R	6	51	1	2085
8765	3	45	49.000	  80.000	  81.000	  48.395	  40.000	  80.000	AttR1	R	6	51	1	1893
8765	3	46	77.000	  47.506	  74.000	  43.176	  78.000	  41.551	Fill2	R	2	49	1	1470
8765	3	47	50.000	  78.000	  77.000	  50.649	  41.000	  78.000	AttR1	R	6	50	2	1733
8765	3	48	62.000	  59.000	  59.000	  55.136	  63.000	  51.111	Fill3	R	5	51	1	1643
8765	3	49	50.000	  77.000	  79.000	  48.734	  79.000	  40.734	AttR2	R	1	49	1	2211
8765	3	50	75.000	  46.413	  74.000	  40.311	  78.000	  38.641	Fill2	R	4	50	1	854
8765	3	51	91.000	  40.198	  88.000	  36.841	  94.000	  34.532	Fill1	R	3	50	1	1526
8765	3	52	49.613	  75.000	  61.000	  61.000	  65.281	  57.000	SimA2	R	6	49	3	2259
8765	3	53	50.000	  77.000	  79.000	  48.734	  41.000	  77.000	AttR1	R	1	49	1	2851
8765	3	54	48.000	  75.000	  60.000	  60.000	  43.000	  83.721	SimA1	R	4	50	1	851
8765	3	55	83.000	  46.120	  58.000	  66.000	  44.512	  86.000	ComD2	R	3	51	3	1506
8765	3	56	100.000	  39.530	  82.000	  48.207	  59.000	  67.000	ComD1	R	2	50	3	1944
8765	3	57	80.000	  45.600	  57.000	  64.000	  42.419	  86.000	ComD2	R	2	50	3	1565
8765	3	58	40.404	  89.000	  38.404	  80.459	  41.404	  74.412	Fill5	R	2	49	1	2215
8765	3	59	49.000	  78.000	  79.000	  48.380	  42.000	  78.000	AttR1	R	6	51	1	1602
8765	3	60	51.000	  79.000	  81.000	  49.741	  43.000	  79.000	AttR1	R	3	50	1	790
8765	3	61	80.000	  45.675	  58.000	  63.000	  42.488	  86.000	ComD2	R	2	50	3	1472
8765	3	62	59.000	  59.000	  56.000	  53.464	  61.000	  49.803	Fill3	R	4	50	1	1464
8765	3	63	58.000	  58.000	  55.000	  53.818	  60.000	  48.300	Fill3	R	3	50	1	1272
8765	3	64	49.000	  80.000	  82.000	  47.805	  42.000	  80.000	AttR1	R	5	51	1	903
8765	3	65	97.000	  39.464	  83.000	  46.120	  58.000	  66.000	ComD1	R	3	50	1	1518
8765	3	66	51.000	  82.000	  84.000	  49.786	  42.000	  82.000	AttR1	R	2	49	1	1123
8765	3	67	46.579	  76.000	  59.000	  60.000	  43.579	  81.232	SimA1	R	2	49	1	1688
8765	3	68	41.568	  88.000	  39.568	  79.660	  43.568	  72.438	Fill5	R	1	51	3	1776
8765	3	69	48.800	  75.000	  61.000	  60.000	  65.357	  56.000	SimA2	R	2	50	3	1875
8765	3	70	48.000	  75.000	  60.000	  60.000	  43.000	  83.721	SimA1	R	3	51	3	3731
8765	3	71	52.257	  70.000	  49.257	  64.965	  54.257	  59.826	Fill4	R	6	51	1	2183
8765	3	72	50.449	  69.000	  48.449	  61.652	  51.449	  57.979	Fill4	R	4	50	1	691
8765	3	73	51.000	  79.000	  81.000	  49.741	  44.000	  79.000	AttR1	R	3	50	1	706
8765	3	74	50.000	  78.000	  77.000	  50.649	  77.000	  41.649	AttR2	R	2	49	1	983
8765	3	75	95.000	  38.463	  80.000	  45.675	  58.000	  63.000	ComD1	R	6	50	2	1075
8765	3	76	49.000	  78.000	  79.000	  48.380	  79.000	  40.380	AttR2	R	3	50	1	1219
8765	3	77	48.635	  74.000	  61.000	  59.000	  43.635	  82.479	SimA1	R	2	49	1	1205
8765	3	78	49.471	  68.000	  46.471	  63.309	  50.471	  57.836	Fill4	R	1	50	2	944
8765	3	79	49.613	  75.000	  61.000	  61.000	  65.281	  57.000	SimA2	R	5	50	3	789
8765	3	80	48.800	  75.000	  61.000	  60.000	  44.800	  81.696	SimA1	R	3	50	1	656
8765	3	81	49.613	  75.000	  61.000	  61.000	  44.613	  83.406	SimA1	R	3	50	1	2199
8765	3	82	50.000	  82.000	  84.000	  48.810	  84.000	  40.810	AttR2	R	5	51	1	1572
8765	3	83	48.000	  75.000	  60.000	  60.000	  64.286	  56.000	SimA2	R	4	50	1	9054
8765	3	84	48.649	  74.000	  60.000	  60.000	  63.158	  57.000	SimA2	R	6	49	3	1870
8765	3	85	50.000	  82.000	  84.000	  48.810	  43.000	  82.000	AttR1	R	4	50	1	1517
8765	3	86	47.838	  74.000	  59.000	  60.000	  42.838	  82.637	SimA1	R	6	51	1	3442
8765	3	87	50.000	  80.000	  79.000	  50.633	  43.000	  80.000	AttR1	R	4	50	1	882
8765	3	88	95.000	  40.368	  81.000	  47.346	  59.000	  65.000	ComD1	R	1	51	3	2203
8765	3	89	81.000	  47.259	  58.000	  66.000	  45.035	  85.000	ComD2	R	6	50	2	1309
8765	3	90	75.000	  46.413	  73.000	  41.795	  76.000	  40.408	Fill2	R	4	50	1	715
8765	4	1	82.000	  45.976	  58.000	  65.000	  43.333	  87.000	ComD2	R	4	49	3	3093
8765	4	2	80.000	  45.600	  57.000	  64.000	  42.918	  85.000	ComD2	R	4	49	3	1770
8765	4	3	47.200	  75.000	  59.000	  60.000	  43.200	  81.944	SimA1	R	2	49	1	1869
8765	4	4	48.000	  82.000	  84.000	  46.857	  41.000	  82.000	AttR1	R	2	49	1	1398
8765	4	5	73.000	  47.685	  72.000	  42.264	  74.000	  40.581	Fill2	R	4	50	1	752
8765	4	6	95.000	  39.684	  80.000	  47.125	  58.000	  65.000	ComD1	R	3	51	3	3694
8765	4	7	50.833	  72.000	  47.833	  66.711	  51.833	  61.968	Fill4	R	1	50	2	1774
8765	4	8	39.783	  92.000	  36.783	  85.611	  40.783	  76.528	Fill5	R	4	50	1	856
8765	4	9	80.000	  46.400	  58.000	  64.000	  43.163	  86.000	ComD2	R	5	49	2	2128
8765	4	10	75.000	  48.800	  73.000	  43.740	  76.000	  41.632	Fill2	R	3	50	1	862
8765	4	11	81.000	  48.148	  60.000	  65.000	  43.820	  89.000	ComD2	R	4	51	2	2119
8765	4	12	50.000	  81.000	  80.000	  50.625	  42.000	  81.000	AttR1	R	4	50	1	971
8765	4	13	82.000	  46.683	  58.000	  66.000	  44.000	  87.000	ComD2	R	1	51	3	1591
8765	4	14	48.000	  81.000	  81.000	  48.000	  81.000	  39.000	AttR2	R	5	49	2	1199
8765	4	15	50.833	  72.000	  48.833	  65.283	  52.833	  61.174	Fill4	R	5	51	1	2098
8765	4	16	47.200	  75.000	  59.000	  60.000	  63.214	  56.000	SimA2	R	1	49	1	1479
8765	4	17	46.413	  75.000	  59.000	  59.000	  64.463	  54.000	SimA2	R	4	50	1	1400
8765	4	18	49.000	  80.000	  80.000	  49.000	  80.000	  42.000	AttR2	R	3	49	2	1675
8765	4	19	82.000	  47.488	  59.000	  66.000	  44.759	  87.000	ComD2	R	4	49	3	1962
8765	4	20	52.286	  70.000	  51.286	  61.869	  54.286	  59.887	Fill4	R	3	50	1	1335
8765	4	21	48.595	  74.000	  62.000	  58.000	  45.595	  78.869	SimA1	R	1	50	2	1606
8765	4	22	97.000	  38.268	  80.000	  46.400	  58.000	  64.000	ComD1	R	3	50	1	1776
8765	4	23	97.000	  38.196	  80.000	  46.312	  57.000	  65.000	ComD1	R	5	49	2	1323
8765	4	24	80.000	  47.125	  58.000	  65.000	  43.837	  86.000	ComD2	R	6	51	1	1936
8765	4	25	60.000	  59.000	  58.000	  53.362	  63.000	  49.429	Fill3	R	2	49	1	2798
8765	4	26	49.000	  80.000	  81.000	  48.395	  41.000	  80.000	AttR1	R	4	50	1	5256
8765	4	27	59.000	  59.000	  56.000	  54.089	  60.000	  50.433	Fill3	R	4	50	1	1464
8765	4	28	52.000	  81.000	  81.000	  52.000	  81.000	  43.000	AttR2	R	2	49	1	4040
8765	4	29	60.000	  61.000	  59.000	  54.661	  61.000	  52.639	Fill3	R	6	49	3	1888
8765	4	30	51.000	  83.000	  82.000	  51.622	  82.000	  42.622	AttR2	R	3	49	2	1575
8765	4	31	49.613	  75.000	  61.000	  61.000	  46.613	  79.827	SimA1	R	6	49	3	995
8765	4	32	48.000	  81.000	  81.000	  48.000	  41.000	  81.000	AttR1	R	3	50	1	1534
8765	4	33	93.000	  40.667	  91.000	  36.725	  96.000	  34.562	Fill1	R	4	50	1	858
8765	4	34	51.000	  83.000	  82.000	  51.622	  43.000	  83.000	AttR1	R	6	50	2	2035
8765	4	35	61.000	  62.000	  60.000	  55.233	  64.000	  52.469	Fill3	R	5	49	2	1539
8765	4	36	80.000	  46.312	  57.000	  65.000	  44.107	  84.000	ComD2	R	2	50	3	1872
8765	4	37	51.000	  80.000	  78.000	  52.308	  42.000	  80.000	AttR1	R	5	49	2	1081
8765	4	38	49.000	  80.000	  81.000	  48.395	  42.000	  80.000	AttR1	R	4	51	2	1336
8765	4	39	96.000	  38.594	  82.000	  45.183	  57.000	  65.000	ComD1	R	2	50	3	2359
8765	4	40	60.000	  61.000	  58.000	  55.155	  61.000	  52.393	Fill3	R	3	49	2	1586
8765	4	41	46.740	  77.000	  59.000	  61.000	  64.268	  56.000	SimA2	R	4	51	2	1446
8765	4	42	50.000	  81.000	  80.000	  50.625	  80.000	  42.625	AttR2	R	3	50	1	1125
8765	4	43	47.838	  74.000	  60.000	  59.000	  42.838	  82.637	SimA1	R	6	49	3	1002
8765	4	44	47.987	  75.000	  61.000	  59.000	  44.987	  80.001	SimA1	R	5	50	3	893
8765	4	45	46.740	  77.000	  59.000	  61.000	  41.740	  86.224	SimA1	R	3	50	1	1485
8765	4	46	50.000	  79.000	  80.000	  49.375	  43.000	  79.000	AttR1	R	5	51	1	958
8765	4	47	80.000	  46.312	  57.000	  65.000	  43.588	  85.000	ComD2	R	2	50	3	1618
8765	4	48	51.304	  69.000	  48.304	  65.005	  53.304	  57.631	Fill4	R	4	50	1	838
8765	4	49	97.000	  40.144	  82.000	  47.488	  59.000	  66.000	ComD1	R	4	49	3	910
8765	4	50	91.000	  40.220	  88.000	  35.920	  92.000	  35.315	Fill1	R	1	49	1	1115
8765	4	51	96.000	  39.875	  82.000	  46.683	  58.000	  66.000	ComD1	R	2	51	2	1048
8765	4	52	48.158	  76.000	  60.000	  61.000	  63.103	  58.000	SimA2	R	1	50	2	1576
8765	4	53	93.000	  38.065	  91.000	  34.242	  96.000	  31.958	Fill1	R	6	51	1	995
8765	4	54	47.838	  74.000	  60.000	  59.000	  65.556	  54.000	SimA2	R	5	50	3	942
8765	4	55	40.667	  93.000	  37.667	  86.310	  42.667	  76.430	Fill5	R	2	50	3	1043
8765	4	56	39.333	  90.000	  37.333	  80.116	  40.333	  74.826	Fill5	R	1	50	2	1819
8765	4	57	48.595	  74.000	  62.000	  58.000	  66.593	  54.000	SimA2	R	1	51	3	1878
8765	4	58	49.613	  75.000	  61.000	  61.000	  64.155	  58.000	SimA2	R	2	50	3	1013
8765	4	59	47.685	  73.000	  59.000	  59.000	  62.161	  56.000	SimA2	R	4	49	3	1688
8765	4	60	52.000	  81.000	  81.000	  52.000	  44.000	  81.000	AttR1	R	3	49	2	1511
8765	4	61	97.000	  38.866	  82.000	  45.976	  58.000	  65.000	ComD1	R	4	50	1	1158
8765	4	62	51.000	  80.000	  78.000	  52.308	  78.000	  43.308	AttR2	R	1	49	1	1098
8765	4	63	50.000	  79.000	  80.000	  49.375	  80.000	  41.375	AttR2	R	2	51	2	959
8765	4	64	48.961	  76.000	  61.000	  61.000	  45.961	  80.961	SimA1	R	3	51	3	1165
8765	4	65	49.729	  70.000	  47.729	  64.259	  51.729	  58.807	Fill4	R	5	51	1	1559
8765	4	66	40.667	  90.000	  39.667	  78.782	  42.667	  73.711	Fill5	R	1	49	1	994
8765	4	67	49.000	  80.000	  81.000	  48.395	  81.000	  40.395	AttR2	R	3	49	2	1072
8765	4	68	90.000	  38.678	  87.000	  35.092	  91.000	  33.626	Fill1	R	6	51	1	1496
8765	4	69	96.000	  40.625	  81.000	  48.148	  60.000	  65.000	ComD1	R	6	51	1	1280
8765	4	70	46.413	  75.000	  59.000	  59.000	  41.413	  84.055	SimA1	R	1	49	1	2224
8765	4	71	96.000	  38.594	  80.000	  46.312	  57.000	  65.000	ComD1	R	4	50	1	3195
8765	4	72	48.961	  76.000	  61.000	  61.000	  66.446	  56.000	SimA2	R	1	50	2	1023
8765	4	73	76.000	  48.158	  73.000	  44.205	  77.000	  41.714	Fill2	R	2	51	2	752
8765	4	74	76.000	  49.763	  74.000	  45.257	  77.000	  43.208	Fill2	R	3	49	2	869
8765	4	75	92.000	  39.783	  91.000	  35.736	  95.000	  33.453	Fill1	R	4	50	1	1150
8765	4	76	51.108	  74.000	  49.108	  68.848	  52.108	  64.232	Fill4	R	1	49	1	1082
8765	4	77	82.000	  45.183	  57.000	  65.000	  43.588	  85.000	ComD2	R	5	49	2	1619
8765	4	78	92.000	  39.783	  90.000	  35.644	  93.000	  34.817	Fill1	R	2	50	3	829
8765	4	79	48.000	  82.000	  84.000	  46.857	  84.000	  38.857	AttR2	R	6	51	1	927
8765	4	80	48.158	  76.000	  60.000	  61.000	  44.158	  82.884	SimA1	R	4	49	3	493
8765	4	81	39.557	  88.000	  38.557	  76.044	  41.557	  71.589	Fill5	R	3	50	1	598
8765	4	82	40.220	  91.000	  37.220	  84.632	  41.220	  76.517	Fill5	R	6	50	2	800
8765	4	83	76.000	  48.158	  74.000	  42.797	  79.000	  40.658	Fill2	R	3	50	1	875
8765	4	84	49.000	  80.000	  80.000	  49.000	  41.000	  80.000	AttR1	R	2	49	1	763
8765	4	85	76.000	  46.579	  75.000	  41.733	  78.000	  40.192	Fill2	R	6	51	1	1160
8765	4	86	49.000	  80.000	  81.000	  48.395	  81.000	  39.395	AttR2	R	4	51	2	1038
8765	4	87	47.685	  73.000	  59.000	  59.000	  44.685	  77.901	SimA1	R	3	50	1	1166
8765	4	88	94.000	  38.809	  80.000	  45.600	  57.000	  64.000	ComD1	R	6	49	3	800
8765	4	89	61.000	  60.000	  60.000	  53.317	  64.000	  49.797	Fill3	R	2	50	3	1371
8765	4	90	47.987	  75.000	  61.000	  59.000	  64.268	  56.000	SimA2	R	3	49	2	1222
8765	5	1	99.000	  38.667	  83.000	  46.120	  58.000	  66.000	ComD1	R	4	50	1	4070
8765	5	2	50.000	  78.000	  79.000	  49.367	  43.000	  78.000	AttR1	R	2	49	1	1209
8765	5	3	50.077	  78.000	  62.000	  63.000	  67.345	  58.000	SimA2	R	1	49	1	1147
8765	5	4	62.000	  59.000	  61.000	  51.885	  64.000	  50.500	Fill3	R	5	51	1	880
8765	5	5	96.000	  38.667	  80.000	  46.400	  58.000	  64.000	ComD1	R	3	50	1	936
8765	5	6	50.000	  82.000	  84.000	  48.810	  84.000	  39.810	AttR2	R	5	49	2	813
8765	5	7	48.158	  76.000	  61.000	  60.000	  64.211	  57.000	SimA2	R	5	50	3	799
8765	5	8	83.000	  45.325	  57.000	  66.000	  44.786	  84.000	ComD2	R	6	51	1	882
8765	5	9	59.000	  59.000	  57.000	  53.754	  61.000	  49.180	Fill3	R	3	49	2	722
8765	5	10	50.077	  78.000	  62.000	  63.000	  47.077	  82.971	SimA1	R	2	50	3	648
8765	5	11	48.800	  75.000	  60.000	  61.000	  63.103	  58.000	SimA2	R	3	50	1	616
8765	5	12	51.000	  82.000	  82.000	  51.000	  82.000	  42.000	AttR2	R	5	50	3	1179
8765	5	13	50.000	  79.000	  80.000	  49.375	  80.000	  40.375	AttR2	R	1	51	3	798
8765	5	14	40.438	  89.000	  38.438	  80.155	  42.438	  72.105	Fill5	R	2	51	2	800
8765	5	15	75.000	  48.000	  74.000	  43.189	  76.000	  41.303	Fill2	R	6	49	3	915
8765	5	16	50.000	  82.000	  84.000	  48.810	  41.000	  82.000	AttR1	R	4	50	1	768
8765	5	17	50.833	  72.000	  47.833	  67.296	  51.833	  61.621	Fill4	R	2	49	1	731
8765	5	18	91.000	  38.253	  88.000	  34.432	  92.000	  32.804	Fill1	R	2	49	1	1000
8765	5	19	88.000	  38.864	  86.000	  34.512	  90.000	  33.178	Fill1	R	5	51	1	1115
8765	5	20	50.000	  80.000	  80.000	  50.000	  80.000	  41.000	AttR2	R	3	50	1	1041
8765	5	21	50.000	  78.000	  79.000	  49.367	  79.000	  41.367	AttR2	R	3	50	1	704
8765	5	22	47.200	  75.000	  60.000	  59.000	  44.200	  80.090	SimA1	R	5	50	3	1455
8765	5	23	97.000	  40.144	  82.000	  47.488	  59.000	  66.000	ComD1	R	3	49	2	1190
8765	5	24	94.000	  38.936	  91.000	  35.670	  97.000	  32.701	Fill1	R	2	51	2	952
8765	5	25	71.000	  48.169	  70.000	  42.700	  74.000	  39.554	Fill2	R	5	51	1	1542
8765	5	26	82.000	  45.183	  57.000	  65.000	  44.107	  84.000	ComD2	R	1	49	1	875
8765	5	27	51.000	  82.000	  82.000	  51.000	  42.000	  82.000	AttR1	R	4	50	1	947
8765	5	28	83.000	  46.120	  58.000	  66.000	  44.512	  86.000	ComD2	R	2	50	3	847
8765	5	29	46.877	  73.000	  58.000	  59.000	  41.877	  81.716	SimA1	R	1	50	2	2672
8765	5	30	50.000	  79.000	  80.000	  49.375	  41.000	  79.000	AttR1	R	1	49	1	1048
8765	5	31	50.110	  73.000	  62.000	  59.000	  46.110	  79.333	SimA1	R	4	49	3	3016
8765	5	32	82.000	  45.878	  57.000	  66.000	  44.786	  84.000	ComD2	R	5	50	3	1018
8765	5	33	57.000	  60.000	  55.000	  54.145	  60.000	  50.067	Fill3	R	3	50	1	749
8765	5	34	47.532	  77.000	  60.000	  61.000	  44.532	  82.187	SimA1	R	2	50	3	739
8765	5	35	81.000	  46.543	  58.000	  65.000	  44.353	  85.000	ComD2	R	1	51	3	1224
8765	5	36	97.000	  40.144	  81.000	  48.074	  59.000	  66.000	ComD1	R	5	49	2	811
8765	5	37	49.000	  80.000	  79.000	  49.620	  42.000	  80.000	AttR1	R	3	50	1	1678
8765	5	38	61.000	  60.000	  58.000	  55.483	  64.000	  49.875	Fill3	R	3	50	1	1422
8765	5	39	48.800	  75.000	  61.000	  60.000	  45.800	  79.913	SimA1	R	2	49	1	1856
8765	5	40	54.000	  82.000	  80.000	  55.350	  47.000	  82.000	AttR1	R	2	50	3	1032
8765	5	41	96.000	  39.271	  81.000	  46.543	  58.000	  65.000	ComD1	R	5	51	1	864
8765	5	42	97.000	  38.196	  82.000	  45.183	  57.000	  65.000	ComD1	R	4	51	2	760
8765	5	43	47.200	  75.000	  60.000	  59.000	  65.556	  54.000	SimA2	R	1	49	1	1190
8765	5	44	80.000	  45.600	  57.000	  64.000	  42.419	  86.000	ComD2	R	2	50	3	1175
8765	5	45	77.000	  47.506	  75.000	  42.907	  80.000	  40.487	Fill2	R	3	50	1	834
8765	5	46	93.000	  39.333	  91.000	  34.879	  95.000	  34.168	Fill1	R	2	49	1	1026
8765	5	47	99.000	  38.000	  83.000	  45.325	  57.000	  66.000	ComD1	R	6	51	1	1701
8765	5	48	48.169	  71.000	  47.169	  62.520	  49.169	  59.651	Fill4	R	3	50	1	1202
8765	5	49	51.000	  79.000	  80.000	  50.362	  42.000	  79.000	AttR1	R	2	49	1	1590
8765	5	50	61.000	  59.000	  59.000	  52.644	  64.000	  48.797	Fill3	R	2	50	3	1256
8765	5	51	51.000	  81.000	  80.000	  51.638	  42.000	  81.000	AttR1	R	5	50	3	1111
8765	5	52	49.028	  71.000	  46.028	  65.373	  50.028	  61.325	Fill4	R	5	51	1	614
8765	5	53	51.000	  81.000	  80.000	  51.638	  80.000	  44.638	AttR2	R	5	49	2	704
8765	5	54	50.000	  81.000	  83.000	  48.795	  83.000	  40.795	AttR2	R	2	49	1	742
8765	5	55	46.413	  75.000	  59.000	  59.000	  62.161	  56.000	SimA2	R	2	49	1	1203
8765	5	56	74.000	  47.041	  73.000	  42.205	  76.000	  40.224	Fill2	R	2	50	3	1246
8765	5	57	80.000	  46.400	  58.000	  64.000	  43.163	  86.000	ComD2	R	4	51	2	1471
8765	5	58	76.000	  47.355	  74.000	  43.189	  78.000	  40.795	Fill2	R	1	49	1	239
8765	5	59	48.800	  75.000	  60.000	  61.000	  43.800	  83.562	SimA1	R	3	50	1	294
8765	5	60	53.014	  69.000	  52.014	  61.906	  55.014	  58.366	Fill4	R	3	50	1	5133
8765	5	61	50.000	  72.000	  48.000	  65.875	  51.000	  60.863	Fill4	R	2	50	3	1778
8765	5	62	49.000	  80.000	  79.000	  49.620	  79.000	  42.620	AttR2	R	4	50	1	4062
8765	5	63	82.000	  47.488	  59.000	  66.000	  45.279	  86.000	ComD2	R	2	50	3	853
8765	5	64	39.112	  89.000	  38.112	  77.088	  41.112	  72.338	Fill5	R	3	50	1	1381
8765	5	65	54.000	  82.000	  80.000	  55.350	  80.000	  46.350	AttR2	R	5	51	1	855
8765	5	66	40.667	  90.000	  38.667	  80.534	  41.667	  75.816	Fill5	R	4	50	1	616
8765	5	67	50.000	  81.000	  83.000	  48.795	  43.000	  81.000	AttR1	R	2	49	1	723
8765	5	68	98.000	  38.469	  80.000	  47.125	  58.000	  65.000	ComD1	R	2	51	2	1447
8765	5	69	47.838	  74.000	  60.000	  59.000	  64.364	  55.000	SimA2	R	5	50	3	879
8765	5	70	80.000	  47.125	  58.000	  65.000	  43.333	  87.000	ComD2	R	4	49	3	2112
8765	5	71	40.449	  89.000	  37.449	  82.511	  42.449	  72.557	Fill5	R	3	50	1	2294
8765	5	72	48.800	  75.000	  61.000	  60.000	  66.545	  55.000	SimA2	R	2	49	1	1086
8765	5	73	96.000	  39.188	  82.000	  45.878	  57.000	  66.000	ComD1	R	6	49	3	1622
8765	5	74	48.158	  76.000	  61.000	  60.000	  45.158	  81.049	SimA1	R	4	50	1	2864
8765	5	75	52.159	  69.000	  50.159	  63.637	  54.159	  58.863	Fill4	R	2	49	1	1583
8765	5	76	47.838	  74.000	  60.000	  59.000	  43.838	  80.752	SimA1	R	4	50	1	1402
8765	5	77	46.413	  75.000	  59.000	  59.000	  42.413	  82.073	SimA1	R	2	50	3	2645
8765	5	78	76.000	  48.158	  73.000	  44.178	  79.000	  41.076	Fill2	R	1	49	1	790
8765	5	79	50.110	  73.000	  62.000	  59.000	  65.321	  56.000	SimA2	R	5	50	3	752
8765	5	80	60.000	  60.000	  59.000	  53.220	  61.000	  51.934	Fill3	R	4	50	1	806
8765	5	81	51.000	  79.000	  80.000	  50.362	  80.000	  41.362	AttR2	R	3	50	1	1296
8765	5	82	46.877	  73.000	  58.000	  59.000	  61.107	  56.000	SimA2	R	3	50	1	856
8765	5	83	92.000	  39.120	  89.000	  35.787	  95.000	  32.758	Fill1	R	3	50	1	704
8765	5	84	91.000	  39.560	  88.000	  35.784	  94.000	  33.457	Fill1	R	4	50	1	734
8765	5	85	41.568	  88.000	  40.568	  77.401	  43.568	  71.750	Fill5	R	6	50	2	931
8765	5	86	50.000	  80.000	  80.000	  50.000	  42.000	  80.000	AttR1	R	3	49	2	1288
8765	5	87	47.532	  77.000	  60.000	  61.000	  63.103	  58.000	SimA2	R	6	51	1	1248
8765	5	88	97.000	  37.608	  80.000	  45.600	  57.000	  64.000	ComD1	R	6	51	1	2152
8765	5	89	81.000	  48.074	  59.000	  66.000	  45.279	  86.000	ComD2	R	2	50	3	695
8765	5	90	38.000	  90.000	  35.000	  82.571	  39.000	  74.718	Fill5	R	6	51	1	751
8765	6	1	48.635	  74.000	  61.000	  59.000	  66.648	  54.000	SimA2	R	1	49	1	3366
8765	6	2	82.000	  46.768	  59.000	  65.000	  44.593	  86.000	ComD2	R	2	50	3	1006
8765	6	3	50.000	  82.000	  82.000	  50.000	  82.000	  42.000	AttR2	R	3	50	1	559
8765	6	4	59.000	  60.000	  58.000	  53.810	  60.000	  51.067	Fill3	R	5	51	1	1253
8765	6	5	97.000	  39.536	  80.000	  47.938	  59.000	  65.000	ComD1	R	5	50	3	1142
8765	6	6	49.000	  80.000	  78.000	  50.256	  78.000	  41.256	AttR2	R	4	50	1	731
8765	6	7	60.000	  60.000	  58.000	  55.052	  61.000	  51.951	Fill3	R	5	49	2	1472
8765	6	8	46.740	  77.000	  59.000	  61.000	  64.268	  56.000	SimA2	R	4	50	1	1288
8765	6	9	52.029	  68.000	  50.029	  62.543	  54.029	  57.302	Fill4	R	3	50	1	1255
8765	6	10	49.000	  80.000	  81.000	  48.395	  42.000	  80.000	AttR1	R	6	51	1	864
8765	6	11	99.000	  39.253	  83.000	  46.819	  58.000	  67.000	ComD1	R	6	50	2	872
8765	6	12	52.000	  79.000	  78.000	  52.667	  78.000	  43.667	AttR2	R	5	51	1	1304
8765	6	13	39.775	  89.000	  37.775	  79.655	  41.775	  72.579	Fill5	R	5	51	1	2822
8765	6	14	81.000	  45.741	  57.000	  65.000	  43.081	  86.000	ComD2	R	2	50	3	896
8765	6	15	73.000	  48.493	  72.000	  42.306	  75.000	  41.707	Fill2	R	3	50	1	936
8765	6	16	47.368	  76.000	  60.000	  60.000	  43.368	  83.010	SimA1	R	3	50	1	686
8765	6	17	98.000	  38.388	  81.000	  46.444	  57.000	  66.000	ComD1	R	2	50	3	630
8765	6	18	49.000	  80.000	  78.000	  50.256	  42.000	  80.000	AttR1	R	3	50	1	552
8765	6	19	80.000	  47.938	  59.000	  65.000	  44.593	  86.000	ComD2	R	4	51	2	966
8765	6	20	96.000	  39.948	  80.000	  47.938	  59.000	  65.000	ComD1	R	3	49	2	752
8765	6	21	48.158	  76.000	  61.000	  60.000	  45.158	  81.049	SimA1	R	3	50	1	694
8765	6	22	96.000	  39.948	  82.000	  46.768	  59.000	  65.000	ComD1	R	5	49	2	1589
8765	6	23	84.000	  46.262	  58.000	  67.000	  45.186	  86.000	ComD2	R	5	50	3	1583
8765	6	24	48.649	  74.000	  60.000	  60.000	  64.286	  56.000	SimA2	R	1	50	2	930
8765	6	25	49.000	  81.000	  79.000	  50.241	  79.000	  41.241	AttR2	R	4	50	1	1032
8765	6	26	82.000	  45.183	  57.000	  65.000	  43.081	  86.000	ComD2	R	2	49	1	1248
8765	6	27	47.368	  76.000	  60.000	  60.000	  42.368	  84.969	SimA1	R	2	50	3	3951
8765	6	28	52.528	  72.000	  51.528	  63.771	  54.528	  60.868	Fill4	R	1	49	1	4158
8765	6	29	48.000	  79.000	  79.000	  48.000	  79.000	  41.000	AttR2	R	4	50	1	1043
8765	6	30	50.000	  82.000	  82.000	  50.000	  43.000	  82.000	AttR1	R	2	49	1	1819
8765	6	31	82.000	  46.768	  59.000	  65.000	  44.593	  86.000	ComD2	R	5	50	3	718
8765	6	32	48.000	  75.000	  60.000	  60.000	  63.158	  57.000	SimA2	R	4	50	1	2732
8765	6	33	40.205	  88.000	  38.205	  78.839	  42.205	  71.082	Fill5	R	4	50	1	2399
8765	6	34	81.000	  46.444	  57.000	  66.000	  43.744	  86.000	ComD2	R	4	49	3	1675
8765	6	35	100.000	  38.860	  84.000	  46.262	  58.000	  67.000	ComD1	R	4	49	3	4002
8765	6	36	76.000	  47.368	  73.000	  42.616	  79.000	  40.405	Fill2	R	5	50	3	381
8765	6	37	47.671	  73.000	  60.000	  58.000	  63.273	  55.000	SimA2	R	5	50	3	1168
8765	6	38	82.000	  45.976	  58.000	  65.000	  43.837	  86.000	ComD2	R	3	49	2	1627
8765	6	39	52.000	  79.000	  78.000	  52.667	  45.000	  79.000	AttR1	R	6	51	1	462
8765	6	40	59.000	  60.000	  56.000	  54.893	  60.000	  51.300	Fill3	R	3	50	1	589
8765	6	41	75.000	  47.200	  74.000	  41.743	  78.000	  40.231	Fill2	R	3	49	2	776
8765	6	42	76.000	  48.158	  75.000	  43.413	  78.000	  40.654	Fill2	R	1	50	2	747
8765	6	43	48.158	  76.000	  61.000	  60.000	  65.357	  56.000	SimA2	R	4	51	2	655
8765	6	44	76.000	  49.763	  75.000	  43.907	  78.000	  43.141	Fill2	R	1	49	1	647
8765	6	45	48.649	  74.000	  60.000	  60.000	  43.649	  82.477	SimA1	R	2	50	3	800
8765	6	46	50.000	  80.000	  82.000	  48.780	  82.000	  39.780	AttR2	R	2	49	1	1427
8765	6	47	39.783	  92.000	  38.783	  80.577	  40.783	  76.650	Fill5	R	6	51	1	1102
8765	6	48	80.000	  47.938	  59.000	  65.000	  43.580	  88.000	ComD2	R	5	49	2	619
8765	6	49	48.635	  74.000	  61.000	  59.000	  43.635	  82.479	SimA1	R	5	50	3	574
8765	6	50	47.671	  73.000	  60.000	  58.000	  44.671	  77.902	SimA1	R	5	51	1	535
8765	6	51	48.961	  76.000	  61.000	  61.000	  66.446	  56.000	SimA2	R	1	49	1	582
8765	6	52	75.000	  47.173	  73.000	  42.397	  76.000	  40.513	Fill2	R	3	50	1	576
8765	6	53	47.838	  74.000	  59.000	  60.000	  63.214	  56.000	SimA2	R	2	51	2	395
8765	6	54	50.000	  82.000	  84.000	  48.810	  43.000	  82.000	AttR1	R	4	49	3	302
8765	6	55	95.000	  39.811	  94.000	  35.894	  98.000	  33.837	Fill1	R	2	50	3	291
8765	6	56	47.838	  74.000	  59.000	  60.000	  44.838	  78.951	SimA1	R	5	49	2	347
8765	6	57	49.000	  80.000	  81.000	  48.395	  81.000	  39.395	AttR2	R	2	51	2	632
8765	6	58	49.000	  81.000	  79.000	  50.241	  79.000	  43.241	AttR2	R	3	49	2	503
8765	6	59	97.000	  39.536	  82.000	  46.768	  59.000	  65.000	ComD1	R	5	49	2	1086
8765	6	60	62.000	  61.000	  60.000	  56.067	  64.000	  52.609	Fill3	R	6	51	1	1110
8765	6	61	48.961	  76.000	  61.000	  61.000	  45.961	  80.961	SimA1	R	3	49	2	827
8765	6	62	50.000	  82.000	  84.000	  48.810	  84.000	  40.810	AttR2	R	1	49	1	638
8765	6	63	91.000	  40.220	  89.000	  36.618	  93.000	  34.054	Fill1	R	4	50	1	589
8765	6	64	83.000	  46.819	  58.000	  67.000	  45.186	  86.000	ComD2	R	4	51	2	656
8765	6	65	48.000	  79.000	  79.000	  48.000	  40.000	  79.000	AttR1	R	4	49	3	272
8765	6	66	50.571	  70.000	  47.571	  64.724	  52.571	  58.054	Fill4	R	5	50	3	312
8765	6	67	92.000	  38.457	  90.000	  33.822	  95.000	  33.000	Fill1	R	2	51	2	509
8765	6	68	51.000	  79.000	  79.000	  51.000	  79.000	  42.000	AttR2	R	2	49	1	1194
8765	6	69	49.000	  81.000	  79.000	  50.241	  41.000	  81.000	AttR1	R	5	51	1	670
8765	6	70	91.000	  39.560	  89.000	  34.865	  93.000	  33.409	Fill1	R	4	50	1	678
8765	6	71	50.571	  70.000	  47.571	  64.345	  51.571	  59.413	Fill4	R	5	51	1	717
8765	6	72	95.000	  39.000	  81.000	  45.741	  57.000	  65.000	ComD1	R	3	51	3	659
8765	6	73	50.000	  72.000	  48.000	  65.083	  51.000	  61.843	Fill4	R	2	49	1	803
8765	6	74	49.000	  81.000	  79.000	  50.241	  40.000	  81.000	AttR1	R	6	50	2	886
8765	6	75	50.000	  80.000	  82.000	  48.780	  41.000	  80.000	AttR1	R	4	50	1	718
8765	6	76	50.833	  72.000	  48.833	  66.307	  51.833	  62.605	Fill4	R	5	51	1	916
8765	6	77	41.109	  92.000	  38.109	  85.335	  43.109	  75.832	Fill5	R	2	49	1	592
8765	6	78	97.000	  38.196	  82.000	  45.183	  57.000	  65.000	ComD1	R	4	50	1	451
8765	6	79	61.000	  58.000	  58.000	  52.569	  64.000	  48.266	Fill3	R	3	51	3	339
8765	6	80	96.000	  39.271	  82.000	  45.976	  58.000	  65.000	ComD1	R	4	49	3	336
8765	6	81	91.000	  38.901	  89.000	  35.112	  92.000	  33.489	Fill1	R	1	50	2	269
8765	6	82	47.368	  76.000	  60.000	  60.000	  64.286	  56.000	SimA2	R	4	51	2	249
8765	6	83	51.000	  79.000	  79.000	  51.000	  43.000	  79.000	AttR1	R	6	49	3	333
8765	6	84	60.000	  61.000	  59.000	  53.729	  62.000	  51.032	Fill3	R	4	50	1	195
8765	6	85	39.333	  90.000	  38.333	  78.496	  40.333	  75.099	Fill5	R	4	50	1	311
8765	6	86	46.740	  77.000	  59.000	  61.000	  43.740	  82.281	SimA1	R	5	51	1	298
8765	6	87	91.000	  38.901	  88.000	  34.659	  92.000	  33.804	Fill1	R	5	51	1	431
8765	6	88	40.000	  90.000	  38.000	  81.263	  42.000	  73.357	Fill5	R	5	49	2	287
8765	6	89	48.000	  75.000	  60.000	  60.000	  43.000	  83.721	SimA1	R	3	49	2	463
8765	6	90	47.368	  76.000	  60.000	  60.000	  63.158	  57.000	SimA2	R	3	50	1	535
8765	7	1	51.000	  80.000	  80.000	  51.000	  42.000	  80.000	AttR1	R	6	50	2	877
8765	7	2	48.000	  75.000	  60.000	  60.000	  44.000	  81.818	SimA1	R	2	51	2	742
8765	7	3	49.613	  75.000	  61.000	  61.000	  45.613	  81.577	SimA1	R	4	49	3	442
8765	7	4	80.000	  46.400	  58.000	  64.000	  42.667	  87.000	ComD2	R	1	50	2	274
8765	7	5	49.000	  83.000	  85.000	  47.847	  85.000	  40.847	AttR2	R	4	51	2	275
8765	7	6	48.000	  75.000	  60.000	  60.000	  43.000	  83.721	SimA1	R	5	49	2	275
8765	7	7	48.800	  75.000	  60.000	  61.000	  65.357	  56.000	SimA2	R	4	50	1	290
8765	7	8	51.000	  80.000	  81.000	  50.370	  42.000	  80.000	AttR1	R	1	51	3	203
8765	7	9	50.000	  81.000	  83.000	  48.795	  83.000	  41.795	AttR2	R	5	49	2	198
8765	7	10	74.000	  48.649	  73.000	  43.630	  75.000	  41.947	Fill2	R	2	50	3	32
8765	7	11	61.000	  62.000	  60.000	  55.317	  64.000	  52.484	Fill3	R	2	51	2	81
8765	7	12	48.800	  75.000	  61.000	  60.000	  45.800	  79.913	SimA1	R	4	49	3	304
8765	7	13	82.000	  47.488	  59.000	  66.000	  44.250	  88.000	ComD2	R	1	50	2	334
8765	7	14	93.000	  41.323	  90.000	  38.033	  95.000	  35.558	Fill1	R	6	51	1	443
8765	7	15	49.613	  75.000	  61.000	  61.000	  65.281	  57.000	SimA2	R	4	50	1	451
8765	7	16	97.000	  38.268	  80.000	  46.400	  58.000	  64.000	ComD1	R	6	49	3	419
8765	7	17	91.000	  38.901	  89.000	  34.944	  93.000	  33.699	Fill1	R	3	51	3	398
8765	7	18	52.000	  83.000	  83.000	  52.000	  83.000	  44.000	AttR2	R	2	50	3	336
8765	7	19	51.000	  82.000	  80.000	  52.275	  80.000	  45.275	AttR2	R	2	49	1	326
8765	7	20	51.932	  74.000	  49.932	  68.853	  53.932	  63.802	Fill4	R	4	51	2	371
8765	7	21	99.000	  38.667	  81.000	  47.259	  58.000	  66.000	ComD1	R	2	50	3	287
8765	7	22	45.789	  76.000	  58.000	  60.000	  40.789	  85.316	SimA1	R	3	50	1	478
8765	7	23	50.000	  81.000	  83.000	  48.795	  43.000	  81.000	AttR1	R	6	50	2	669
8765	7	24	47.200	  75.000	  60.000	  59.000	  65.556	  54.000	SimA2	R	4	49	3	255
8765	7	25	41.772	  92.000	  38.772	  85.836	  43.772	  75.757	Fill5	R	6	51	1	558
8765	7	26	48.000	  75.000	  60.000	  60.000	  65.455	  55.000	SimA2	R	4	50	1	475
8765	7	27	81.000	  47.259	  58.000	  66.000	  44.512	  86.000	ComD2	R	4	49	3	308
8765	7	28	97.000	  40.144	  82.000	  47.488	  59.000	  66.000	ComD1	R	4	51	2	328
8765	7	29	51.000	  82.000	  80.000	  52.275	  43.000	  82.000	AttR1	R	3	50	1	301
8765	7	30	52.757	  74.000	  50.757	  68.720	  54.757	  63.335	Fill4	R	2	49	1	298
8765	7	31	45.789	  76.000	  58.000	  60.000	  62.143	  56.000	SimA2	R	1	50	2	47
8765	7	32	92.000	  39.783	  90.000	  35.178	  95.000	  33.326	Fill1	R	5	51	1	288
8765	7	33	95.000	  39.074	  81.000	  45.827	  58.000	  64.000	ComD1	R	4	50	1	288
8765	7	34	48.800	  75.000	  60.000	  61.000	  44.800	  81.696	SimA1	R	5	49	2	288
8765	7	35	48.800	  75.000	  61.000	  60.000	  65.357	  56.000	SimA2	R	1	49	1	736
8765	7	36	49.000	  83.000	  85.000	  47.847	  41.000	  83.000	AttR1	R	4	50	1	685
8765	7	37	74.000	  49.459	  72.000	  45.139	  75.000	  43.373	Fill2	R	2	51	2	855
8765	7	38	80.000	  46.400	  58.000	  64.000	  43.163	  86.000	ComD2	R	2	49	1	382
8765	7	39	92.000	  41.109	  90.000	  37.200	  94.000	  35.840	Fill1	R	1	49	1	800
8765	7	40	46.068	  73.000	  59.000	  57.000	  43.068	  78.085	SimA1	R	3	50	1	723
8765	7	41	96.000	  38.667	  80.000	  46.400	  58.000	  64.000	ComD1	R	5	51	1	640
8765	7	42	82.000	  45.976	  58.000	  65.000	  43.333	  87.000	ComD2	R	2	49	1	799
8765	7	43	94.000	  38.809	  80.000	  45.600	  57.000	  64.000	ComD1	R	2	50	3	875
8765	7	44	74.000	  47.838	  71.000	  44.211	  76.000	  40.789	Fill2	R	3	51	3	700
8765	7	45	80.000	  45.600	  57.000	  64.000	  43.429	  84.000	ComD2	R	4	49	3	641
8765	7	46	47.000	  82.000	  82.000	  47.000	  82.000	  40.000	AttR2	R	3	50	1	545
8765	7	47	41.532	  94.000	  39.532	  85.501	  42.532	  78.999	Fill5	R	5	51	1	551
8765	7	48	50.000	  72.000	  49.000	  65.020	  51.000	  61.725	Fill4	R	3	50	1	500
8765	7	49	46.068	  73.000	  59.000	  57.000	  62.278	  54.000	SimA2	R	5	49	2	440
8765	7	50	81.000	  46.543	  58.000	  65.000	  44.353	  85.000	ComD2	R	5	50	3	496
8765	7	51	40.000	  90.000	  38.000	  80.658	  42.000	  73.357	Fill5	R	1	51	3	360
8765	7	52	41.109	  92.000	  40.109	  80.955	  42.109	  77.442	Fill5	R	3	49	2	310
8765	7	53	60.000	  59.000	  57.000	  54.491	  61.000	  50.967	Fill3	R	2	50	3	307
8765	7	54	92.000	  39.130	  91.000	  34.253	  95.000	  32.811	Fill1	R	1	50	2	520
8765	7	55	51.108	  74.000	  48.108	  68.263	  52.108	  64.424	Fill4	R	5	49	2	399
8765	7	56	82.000	  48.354	  61.000	  65.000	  44.551	  89.000	ComD2	R	2	51	2	495
8765	7	57	50.137	  73.000	  49.137	  64.982	  51.137	  63.398	Fill4	R	6	50	2	465
8765	7	58	95.000	  39.684	  82.000	  45.976	  58.000	  65.000	ComD1	R	2	49	1	441
8765	7	59	47.838	  74.000	  60.000	  59.000	  42.838	  82.637	SimA1	R	2	50	3	407
8765	7	60	51.000	  80.000	  81.000	  50.370	  81.000	  42.370	AttR2	R	6	51	1	371
8765	7	61	47.200	  75.000	  59.000	  60.000	  42.200	  83.886	SimA1	R	4	49	3	342
8765	7	62	49.000	  80.000	  82.000	  47.805	  82.000	  39.805	AttR2	R	1	50	2	347
8765	7	63	77.000	  49.909	  74.000	  46.054	  78.000	  43.449	Fill2	R	6	51	1	344
8765	7	64	47.200	  75.000	  59.000	  60.000	  63.214	  56.000	SimA2	R	2	49	1	382
8765	7	65	51.000	  82.000	  83.000	  50.386	  83.000	  41.386	AttR2	R	2	50	3	208
8765	7	66	47.000	  82.000	  82.000	  47.000	  40.000	  82.000	AttR1	R	3	51	3	443
8765	7	67	39.333	  90.000	  37.333	  80.464	  40.333	  74.802	Fill5	R	3	50	1	298
8765	7	68	61.000	  64.000	  59.000	  57.831	  64.000	  53.922	Fill3	R	2	50	3	408
8765	7	69	51.000	  82.000	  83.000	  50.386	  43.000	  82.000	AttR1	R	1	49	1	299
8765	7	70	81.000	  44.938	  56.000	  65.000	  43.333	  84.000	ComD2	R	3	49	2	312
8765	7	71	76.000	  51.368	  74.000	  46.919	  77.000	  44.403	Fill2	R	2	50	3	270
8765	7	72	94.000	  41.532	  93.000	  36.903	  95.000	  36.305	Fill1	R	3	51	3	461
8765	7	73	61.000	  63.000	  59.000	  58.051	  63.000	  54.286	Fill3	R	3	51	3	662
8765	7	74	52.000	  80.000	  78.000	  53.333	  45.000	  80.000	AttR1	R	3	51	3	542
8765	7	75	51.304	  69.000	  49.304	  63.179	  52.304	  58.714	Fill4	R	5	50	3	283
8765	7	76	97.000	  37.526	  81.000	  44.938	  56.000	  65.000	ComD1	R	5	49	2	435
8765	7	77	47.200	  75.000	  60.000	  59.000	  43.200	  81.944	SimA1	R	3	51	3	443
8765	7	78	52.000	  83.000	  83.000	  52.000	  45.000	  83.000	AttR1	R	6	50	2	555
8765	7	79	60.000	  60.000	  59.000	  52.814	  61.000	  52.115	Fill3	R	5	49	2	424
8765	7	80	47.838	  74.000	  60.000	  59.000	  64.364	  55.000	SimA2	R	5	49	2	507
8765	7	81	51.000	  80.000	  80.000	  51.000	  80.000	  44.000	AttR2	R	2	51	2	488
8765	7	82	52.000	  80.000	  78.000	  53.333	  78.000	  45.333	AttR2	R	2	50	3	505
8765	7	83	76.000	  49.763	  75.000	  44.573	  77.000	  42.675	Fill2	R	1	50	2	607
8765	7	84	49.000	  80.000	  82.000	  47.805	  40.000	  80.000	AttR1	R	4	50	1	520
8765	7	85	98.000	  38.469	  81.000	  46.543	  58.000	  65.000	ComD1	R	3	51	3	622
8765	7	86	39.783	  92.000	  38.783	  80.964	  41.783	  75.582	Fill5	R	5	49	2	720
8765	7	87	95.000	  41.737	  82.000	  48.354	  61.000	  65.000	ComD1	R	2	49	1	869
8765	7	88	81.000	  45.827	  58.000	  64.000	  42.667	  87.000	ComD2	R	2	50	3	550
8765	7	89	48.000	  75.000	  60.000	  60.000	  64.286	  56.000	SimA2	R	3	51	3	443
8765	7	90	60.000	  61.000	  58.000	  55.793	  63.000	  51.238	Fill3	R	3	49	2	274
8765	8	1	52.000	  81.000	  80.000	  52.650	  45.000	  81.000	AttR1	R	4	50	1	765
8765	8	2	60.000	  59.000	  57.000	  54.439	  62.000	  49.903	Fill3	R	5	49	2	278
8765	8	3	47.685	  73.000	  59.000	  59.000	  64.463	  54.000	SimA2	R	2	51	2	254
8765	8	4	48.857	  70.000	  47.857	  62.373	  50.857	  58.084	Fill4	R	5	50	3	294
8765	8	5	47.000	  80.000	  78.000	  48.205	  78.000	  40.205	AttR2	R	1	49	1	262
8765	8	6	47.000	  79.000	  79.000	  47.000	  79.000	  38.000	AttR2	R	2	51	2	318
8765	8	7	62.000	  61.000	  59.000	  57.017	  63.000	  53.000	Fill3	R	1	50	2	147
8765	8	8	49.000	  83.000	  81.000	  50.210	  81.000	  41.210	AttR2	R	5	49	2	264
8765	8	9	80.000	  47.200	  59.000	  64.000	  43.402	  87.000	ComD2	R	3	51	3	168
8765	8	10	95.000	  39.811	  94.000	  35.585	  96.000	  34.656	Fill1	R	4	50	1	27
8765	8	11	73.000	  46.849	  71.000	  41.775	  74.000	  39.986	Fill2	R	3	50	1	781
8765	8	12	98.000	  37.143	  81.000	  44.938	  56.000	  65.000	ComD1	R	6	50	2	464
8765	8	13	53.000	  78.000	  79.000	  52.329	  46.000	  78.000	AttR1	R	1	50	2	360
8765	8	14	49.944	  72.000	  62.000	  58.000	  65.382	  55.000	SimA2	R	2	50	3	525
8765	8	15	50.000	  80.000	  82.000	  48.780	  42.000	  80.000	AttR1	R	6	49	3	363
8765	8	16	46.553	  76.000	  58.000	  61.000	  62.070	  57.000	SimA2	R	6	51	1	776
8765	8	17	47.685	  73.000	  59.000	  59.000	  44.685	  77.901	SimA1	R	4	51	2	627
8765	8	18	53.268	  71.000	  52.268	  63.060	  54.268	  61.510	Fill4	R	5	50	3	1135
8765	8	19	75.000	  48.800	  73.000	  43.342	  76.000	  42.566	Fill2	R	1	51	3	451
8765	8	20	39.333	  90.000	  38.333	  78.861	  41.333	  73.210	Fill5	R	2	49	1	555
8765	8	21	49.763	  76.000	  62.000	  61.000	  66.351	  57.000	SimA2	R	3	50	1	536
8765	8	22	40.227	  88.000	  38.227	  78.949	  41.227	  73.665	Fill5	R	5	51	1	582
8765	8	23	97.000	  39.464	  82.000	  46.683	  58.000	  66.000	ComD1	R	2	49	1	624
8765	8	24	49.859	  71.000	  48.859	  63.857	  50.859	  60.461	Fill4	R	4	49	3	379
8765	8	25	47.000	  79.000	  79.000	  47.000	  39.000	  79.000	AttR1	R	4	50	1	846
8765	8	26	47.692	  78.000	  60.000	  62.000	  65.263	  57.000	SimA2	R	1	49	1	519
8765	8	27	47.041	  74.000	  59.000	  59.000	  44.041	  79.041	SimA1	R	3	51	3	1396
8765	8	28	92.000	  38.478	  89.000	  34.528	  95.000	  32.432	Fill1	R	3	50	1	502
8765	8	29	97.000	  38.866	  81.000	  46.543	  58.000	  65.000	ComD1	R	3	49	2	522
8765	8	30	95.000	  39.684	  81.000	  46.543	  58.000	  65.000	ComD1	R	3	50	1	520
8765	8	31	49.859	  71.000	  47.859	  64.941	  50.859	  60.422	Fill4	R	5	51	1	423
8765	8	32	38.427	  89.000	  36.427	  79.721	  39.427	  73.858	Fill5	R	5	49	2	448
8765	8	33	47.532	  77.000	  60.000	  61.000	  65.357	  56.000	SimA2	R	4	50	1	400
8765	8	34	93.000	  38.667	  90.000	  34.778	  94.000	  33.670	Fill1	R	1	51	3	386
8765	8	35	46.579	  76.000	  59.000	  60.000	  42.579	  83.140	SimA1	R	4	50	1	397
8765	8	36	50.000	  79.000	  79.000	  50.000	  79.000	  42.000	AttR2	R	6	51	1	504
8765	8	37	59.000	  60.000	  56.000	  55.161	  62.000	  49.806	Fill3	R	3	49	2	365
8765	8	38	46.553	  76.000	  58.000	  61.000	  43.553	  81.235	SimA1	R	3	50	1	520
8765	8	39	92.000	  39.783	  91.000	  35.044	  93.000	  35.011	Fill1	R	3	50	1	558
8765	8	40	40.864	  88.000	  39.864	  76.436	  41.864	  73.620	Fill5	R	4	50	1	555
8765	8	41	98.000	  38.469	  82.000	  45.976	  58.000	  65.000	ComD1	R	5	51	1	296
8765	8	42	50.000	  80.000	  81.000	  49.383	  81.000	  41.383	AttR2	R	2	49	1	512
8765	8	43	47.027	  74.000	  60.000	  58.000	  43.027	  80.879	SimA1	R	2	49	1	429
8765	8	44	48.000	  82.000	  81.000	  48.593	  81.000	  39.593	AttR2	R	5	49	2	464
8765	8	45	52.000	  81.000	  80.000	  52.650	  80.000	  43.650	AttR2	R	5	49	2	456
8765	8	46	81.000	  44.938	  56.000	  65.000	  43.333	  84.000	ComD2	R	3	51	3	928
8765	8	47	52.116	  69.000	  51.116	  60.901	  53.116	  59.624	Fill4	R	2	50	3	302
8765	8	48	48.773	  75.000	  62.000	  59.000	  66.509	  55.000	SimA2	R	5	49	2	259
8765	8	49	49.944	  72.000	  62.000	  58.000	  45.944	  78.268	SimA1	R	4	50	1	468
8765	8	50	82.000	  46.683	  58.000	  66.000	  45.035	  85.000	ComD2	R	4	51	2	643
8765	8	51	49.000	  83.000	  81.000	  50.210	  42.000	  83.000	AttR1	R	4	49	3	387
8765	8	52	60.000	  61.000	  59.000	  54.034	  61.000	  53.016	Fill3	R	2	50	3	391
8765	8	53	47.000	  80.000	  78.000	  48.205	  38.000	  80.000	AttR1	R	6	50	2	481
8765	8	54	62.000	  58.000	  60.000	  52.017	  63.000	  49.349	Fill3	R	3	51	3	281
8765	8	55	76.000	  49.763	  74.000	  45.419	  77.000	  43.000	Fill2	R	2	49	1	335
8765	8	56	50.000	  80.000	  81.000	  49.383	  42.000	  80.000	AttR1	R	5	51	1	350
8765	8	57	47.692	  78.000	  60.000	  62.000	  44.692	  83.236	SimA1	R	3	50	1	266
8765	8	58	40.220	  91.000	  37.220	  84.203	  42.220	  74.183	Fill5	R	5	49	2	187
8765	8	59	50.000	  82.000	  80.000	  51.250	  80.000	  43.250	AttR2	R	4	51	2	38
8765	8	60	46.579	  76.000	  59.000	  60.000	  64.364	  55.000	SimA2	R	4	50	1	94
8765	8	61	83.000	  47.627	  59.000	  67.000	  44.920	  88.000	ComD2	R	1	50	2	190
8765	8	62	81.000	  45.827	  58.000	  64.000	  42.667	  87.000	ComD2	R	2	51	2	71
8765	8	63	47.532	  77.000	  60.000	  61.000	  43.532	  84.075	SimA1	R	3	51	3	344
8765	8	64	48.000	  82.000	  81.000	  48.593	  39.000	  82.000	AttR1	R	2	49	1	206
8765	8	65	41.560	  91.000	  39.560	  82.962	  42.560	  76.409	Fill5	R	1	49	1	296
8765	8	66	47.041	  74.000	  59.000	  59.000	  64.463	  54.000	SimA2	R	2	50	3	375
8765	8	67	96.000	  39.188	  81.000	  46.444	  57.000	  66.000	ComD1	R	4	51	2	298
8765	8	68	50.000	  79.000	  79.000	  50.000	  43.000	  79.000	AttR1	R	5	49	2	288
8765	8	69	94.000	  39.489	  81.000	  45.827	  58.000	  64.000	ComD1	R	3	50	1	359
8765	8	70	81.000	  46.543	  58.000	  65.000	  44.353	  85.000	ComD2	R	3	51	3	478
8765	8	71	57.000	  60.000	  56.000	  52.607	  59.000	  50.576	Fill3	R	5	49	2	405
8765	8	72	50.000	  82.000	  80.000	  51.250	  41.000	  82.000	AttR1	R	4	50	1	408
8765	8	73	90.000	  38.000	  87.000	  34.172	  93.000	  31.462	Fill1	R	3	50	1	451
8765	8	74	47.027	  74.000	  60.000	  58.000	  63.273	  55.000	SimA2	R	4	49	3	410
8765	8	75	81.000	  46.444	  57.000	  66.000	  43.744	  86.000	ComD2	R	4	50	1	358
8765	8	76	82.000	  45.976	  58.000	  65.000	  43.333	  87.000	ComD2	R	4	51	2	427
8765	8	77	80.000	  46.312	  57.000	  65.000	  43.588	  85.000	ComD2	R	3	49	2	405
8765	8	78	73.000	  48.493	  71.000	  43.817	  74.000	  41.568	Fill2	R	1	50	2	472
8765	8	79	78.000	  46.103	  76.000	  41.408	  79.000	  40.291	Fill2	R	4	50	1	456
8765	8	80	49.763	  76.000	  62.000	  61.000	  46.763	  80.876	SimA1	R	2	49	1	888
8765	8	81	50.000	  80.000	  82.000	  48.780	  82.000	  40.780	AttR2	R	6	51	1	665
8765	8	82	100.000	  39.530	  83.000	  47.627	  59.000	  67.000	ComD1	R	5	51	1	529
8765	8	83	76.000	  46.579	  73.000	  42.767	  77.000	  39.844	Fill2	R	3	50	1	783
8765	8	84	81.000	  46.543	  58.000	  65.000	  43.333	  87.000	ComD2	R	2	51	2	416
8765	8	85	51.549	  71.000	  49.549	  64.703	  53.549	  59.571	Fill4	R	2	49	1	339
8765	8	86	92.000	  38.478	  91.000	  34.451	  95.000	  32.232	Fill1	R	5	50	3	336
8765	8	87	95.000	  39.000	  80.000	  46.312	  57.000	  65.000	ComD1	R	4	51	2	326
8765	8	88	48.773	  75.000	  62.000	  59.000	  45.773	  79.916	SimA1	R	1	49	1	300
8765	8	89	94.000	  40.170	  80.000	  47.200	  59.000	  64.000	ComD1	R	1	50	2	384
8765	8	90	53.000	  78.000	  79.000	  52.329	  79.000	  45.329	AttR2	R	5	49	2	443
