username: S57, Experiment time (minutes): 37
Operating system: Mac OS 10.8.5
Manufacturer: Google Pepper
Player type: PlugIn
Version: MAC 13,0,0,206

username	blkNum	trlNum	Rect1Height	Rect1Width	Rect2Height	Rect2Width	Rect3Height	Rect3Width	Effect	StimType	StimPosition	rawResp	response	RT
4220	0	1	77.000	  49.117	  74.000	  44.432	  79.000	  41.734	Fill2	R	5	51	1	5591
4220	0	2	90.000	  38.633	  88.000	  34.398	  91.000	  33.473	Fill1	R	2	49	1	2108
4220	0	3	59.000	  59.000	  58.000	  52.224	  60.000	  49.917	Fill3	R	6	51	1	1532
4220	1	1	75.000	  47.987	  72.000	  44.319	  77.000	  41.208	Fill2	R	4	50	1	2534
4220	1	2	47.671	  73.000	  60.000	  58.000	  64.444	  54.000	SimA2	R	6	49	3	2308
4220	1	3	61.000	  60.000	  59.000	  54.915	  62.000	  52.242	Fill3	R	3	50	1	1251
4220	1	4	78.000	  46.897	  76.000	  42.000	  80.000	  39.587	Fill2	R	2	49	1	1361
4220	1	5	47.355	  76.000	  59.000	  61.000	  62.052	  58.000	SimA2	R	1	49	1	1719
4220	1	6	52.000	  79.000	  77.000	  53.351	  77.000	  45.351	AttR2	R	3	49	2	2276
4220	1	7	82.000	  45.183	  57.000	  65.000	  43.081	  86.000	ComD2	R	6	49	3	2660
4220	1	8	97.000	  38.268	  80.000	  46.400	  58.000	  64.000	ComD1	R	6	49	3	3252
4220	1	9	92.000	  37.196	  89.000	  33.607	  93.000	  31.742	Fill1	R	6	51	1	1883
4220	1	10	50.000	  80.000	  80.000	  50.000	  42.000	  80.000	AttR1	R	2	49	1	2268
4220	1	11	96.000	  39.875	  81.000	  47.259	  58.000	  66.000	ComD1	R	5	50	3	3724
4220	1	12	45.627	  75.000	  58.000	  59.000	  42.627	  80.278	SimA1	R	1	49	1	2946
4220	1	13	46.000	  80.000	  81.000	  45.432	  81.000	  38.432	AttR2	R	2	49	1	4463
4220	1	14	49.000	  82.000	  84.000	  47.833	  40.000	  82.000	AttR1	R	5	51	1	1215
4220	1	15	73.000	  49.301	  70.000	  45.086	  76.000	  41.697	Fill2	R	6	49	3	3722
4220	1	16	81.000	  46.543	  58.000	  65.000	  43.837	  86.000	ComD2	R	2	49	1	4374
4220	1	17	75.000	  45.627	  73.000	  41.288	  77.000	  38.325	Fill2	R	2	49	1	1553
4220	1	18	62.000	  59.000	  60.000	  52.850	  63.000	  50.381	Fill3	R	5	51	1	5551
4220	1	19	95.000	  39.684	  80.000	  47.125	  58.000	  65.000	ComD1	R	2	51	2	4603
4220	1	20	81.000	  47.259	  58.000	  66.000	  44.512	  86.000	ComD2	R	4	49	3	2103
4220	1	21	47.671	  73.000	  60.000	  58.000	  43.671	  79.686	SimA1	R	1	51	3	1900
4220	1	22	39.989	  90.000	  38.989	  78.304	  41.989	  73.734	Fill5	R	3	50	1	2459
4220	1	23	48.325	  77.000	  61.000	  61.000	  65.281	  57.000	SimA2	R	4	49	3	2122
4220	1	24	50.000	  81.000	  82.000	  49.390	  42.000	  81.000	AttR1	R	5	49	2	3783
4220	1	25	47.838	  74.000	  59.000	  60.000	  43.838	  80.752	SimA1	R	2	50	3	2721
4220	1	26	98.000	  39.796	  82.000	  47.561	  60.000	  65.000	ComD1	R	6	51	1	2078
4220	1	27	101.000	  39.050	  85.000	  46.400	  58.000	  68.000	ComD1	R	2	49	1	1983
4220	1	28	75.000	  46.400	  74.000	  40.986	  76.000	  40.487	Fill2	R	2	49	1	2441
4220	1	29	95.000	  38.505	  92.000	  35.033	  97.000	  32.948	Fill1	R	3	50	1	1049
4220	1	30	38.886	  88.000	  35.886	  81.312	  40.886	  70.610	Fill5	R	3	50	1	3362
4220	1	31	52.000	  76.000	  74.000	  53.405	  74.000	  44.405	AttR2	R	4	51	2	2759
4220	1	32	76.000	  48.158	  75.000	  42.493	  77.000	  41.351	Fill2	R	4	50	1	1603
4220	1	33	46.579	  76.000	  59.000	  60.000	  62.105	  57.000	SimA2	R	5	51	1	2608
4220	1	34	53.000	  80.000	  81.000	  52.346	  81.000	  43.346	AttR2	R	4	51	2	3506
4220	1	35	50.000	  81.000	  82.000	  49.390	  82.000	  41.390	AttR2	R	5	49	2	1782
4220	1	36	97.000	  38.866	  81.000	  46.543	  58.000	  65.000	ComD1	R	3	51	3	1121
4220	1	37	59.000	  58.000	  56.000	  52.964	  60.000	  50.367	Fill3	R	4	50	1	1720
4220	1	38	45.627	  75.000	  58.000	  59.000	  61.107	  56.000	SimA2	R	2	51	2	3212
4220	1	39	48.635	  74.000	  61.000	  59.000	  66.648	  54.000	SimA2	R	3	50	1	3086
4220	1	40	50.833	  72.000	  48.833	  64.853	  51.833	  62.045	Fill4	R	2	49	1	1327
4220	1	41	96.000	  39.271	  82.000	  45.976	  58.000	  65.000	ComD1	R	5	49	2	4556
4220	1	42	48.635	  74.000	  61.000	  59.000	  44.635	  80.632	SimA1	R	1	49	1	8721
4220	1	43	49.986	  72.000	  48.986	  65.141	  51.986	  61.497	Fill4	R	5	51	1	1438
4220	1	44	92.000	  39.120	  91.000	  34.429	  94.000	  33.362	Fill1	R	3	50	1	1375
4220	1	45	49.000	  80.000	  81.000	  48.395	  42.000	  80.000	AttR1	R	3	49	2	3801
4220	1	46	98.000	  37.806	  82.000	  45.183	  57.000	  65.000	ComD1	R	3	49	2	5891
4220	1	47	95.000	  38.400	  79.000	  46.177	  57.000	  64.000	ComD1	R	4	50	1	12372
4220	1	48	97.000	  39.464	  83.000	  46.120	  58.000	  66.000	ComD1	R	5	50	3	2670
4220	1	49	49.000	  82.000	  84.000	  47.833	  84.000	  40.833	AttR2	R	1	50	2	2079
4220	1	50	53.014	  69.000	  50.014	  65.041	  54.014	  58.632	Fill4	R	3	50	1	1390
4220	1	51	40.667	  90.000	  37.667	  83.841	  42.667	  73.852	Fill5	R	6	49	3	1322
4220	1	52	39.120	  92.000	  38.120	  80.169	  41.120	  74.539	Fill5	R	6	51	1	1854
4220	1	53	82.000	  45.976	  58.000	  65.000	  43.837	  86.000	ComD2	R	6	49	3	1783
4220	1	54	80.000	  47.125	  58.000	  65.000	  44.353	  85.000	ComD2	R	2	49	1	3737
4220	1	55	41.101	  89.000	  39.101	  80.126	  42.101	  73.917	Fill5	R	5	51	1	1255
4220	1	56	39.545	  88.000	  37.545	  79.077	  40.545	  72.388	Fill5	R	2	49	1	1743
4220	1	57	79.000	  46.177	  57.000	  64.000	  43.429	  84.000	ComD2	R	5	50	3	2364
4220	1	58	48.325	  77.000	  61.000	  61.000	  45.325	  82.097	SimA1	R	3	51	3	6737
4220	1	59	47.838	  74.000	  59.000	  60.000	  64.364	  55.000	SimA2	R	5	51	1	2135
4220	1	60	47.355	  76.000	  59.000	  61.000	  42.355	  84.972	SimA1	R	4	49	3	2588
4220	1	61	92.000	  39.120	  91.000	  34.132	  95.000	  32.916	Fill1	R	6	51	1	1822
4220	1	62	52.000	  79.000	  77.000	  53.351	  43.000	  79.000	AttR1	R	2	51	2	1714
4220	1	63	51.240	  75.000	  63.000	  61.000	  47.240	  81.351	SimA1	R	1	51	3	1878
4220	1	64	92.000	  37.826	  91.000	  33.055	  93.000	  32.376	Fill1	R	5	51	1	1287
4220	1	65	49.000	  80.000	  81.000	  48.395	  81.000	  41.395	AttR2	R	6	51	1	3439
4220	1	66	52.000	  76.000	  74.000	  53.405	  44.000	  76.000	AttR1	R	5	49	2	2831
4220	1	67	92.000	  39.783	  89.000	  36.315	  93.000	  34.753	Fill1	R	4	50	1	2921
4220	1	68	59.000	  61.000	  57.000	  55.509	  60.000	  52.300	Fill3	R	1	49	1	3758
4220	1	69	48.800	  75.000	  61.000	  60.000	  66.545	  55.000	SimA2	R	1	51	3	4499
4220	1	70	50.690	  71.000	  49.690	  62.970	  52.690	  58.835	Fill4	R	1	49	1	962
4220	1	71	51.240	  75.000	  63.000	  61.000	  66.259	  58.000	SimA2	R	1	51	3	1279
4220	1	72	48.800	  75.000	  61.000	  60.000	  45.800	  79.913	SimA1	R	1	49	1	2927
4220	1	73	50.000	  80.000	  78.000	  51.282	  78.000	  44.282	AttR2	R	4	51	2	1668
4220	1	74	82.000	  47.561	  60.000	  65.000	  44.318	  88.000	ComD2	R	4	50	1	1108
4220	1	75	50.000	  80.000	  78.000	  51.282	  43.000	  80.000	AttR1	R	3	50	1	2066
4220	1	76	59.000	  61.000	  56.000	  57.018	  61.000	  51.197	Fill3	R	5	51	1	979
4220	1	77	83.000	  46.120	  58.000	  66.000	  45.035	  85.000	ComD2	R	2	51	2	1260
4220	1	78	49.000	  79.000	  81.000	  47.790	  81.000	  39.790	AttR2	R	4	50	1	1644
4220	1	79	60.000	  58.000	  58.000	  52.103	  63.000	  47.810	Fill3	R	4	50	1	1252
4220	1	80	48.886	  70.000	  47.886	  62.628	  49.886	  60.037	Fill4	R	2	49	1	2425
4220	1	81	50.000	  80.000	  80.000	  50.000	  80.000	  42.000	AttR2	R	2	51	2	4959
4220	1	82	53.000	  80.000	  81.000	  52.346	  45.000	  80.000	AttR1	R	4	50	1	2988
4220	1	83	85.000	  46.400	  58.000	  68.000	  46.400	  85.000	ComD2	R	4	51	2	1287
4220	1	84	49.714	  70.000	  47.714	  63.419	  50.714	  60.042	Fill4	R	6	51	1	1271
4220	1	85	47.685	  73.000	  59.000	  59.000	  43.685	  79.684	SimA1	R	5	49	2	2255
4220	1	86	49.000	  79.000	  81.000	  47.790	  42.000	  79.000	AttR1	R	1	49	1	4695
4220	1	87	46.579	  76.000	  59.000	  60.000	  43.579	  81.232	SimA1	R	3	51	3	2479
4220	1	88	47.685	  73.000	  59.000	  59.000	  62.161	  56.000	SimA2	R	2	49	1	4102
4220	1	89	80.000	  46.400	  58.000	  64.000	  43.671	  85.000	ComD2	R	3	50	1	3963
4220	1	90	46.000	  80.000	  81.000	  45.432	  39.000	  80.000	AttR1	R	2	49	1	1554
4220	2	1	94.000	  38.809	  79.000	  46.177	  57.000	  64.000	ComD1	R	3	50	1	4317
4220	2	2	47.838	  74.000	  60.000	  59.000	  43.838	  80.752	SimA1	R	2	51	2	2871
4220	2	3	49.000	  78.000	  77.000	  49.636	  42.000	  78.000	AttR1	R	3	49	2	1144
4220	2	4	52.000	  78.000	  80.000	  50.700	  45.000	  78.000	AttR1	R	5	49	2	885
4220	2	5	39.775	  89.000	  38.775	  77.188	  40.775	  74.310	Fill5	R	3	50	1	2164
4220	2	6	49.459	  74.000	  61.000	  60.000	  46.459	  78.778	SimA1	R	4	49	3	1898
4220	2	7	50.000	  79.000	  81.000	  48.765	  41.000	  79.000	AttR1	R	3	49	2	1393
4220	2	8	39.112	  89.000	  37.112	  79.623	  40.112	  73.693	Fill5	R	3	50	1	1884
4220	2	9	89.000	  37.753	  87.000	  33.448	  92.000	  31.891	Fill1	R	1	49	1	1252
4220	2	10	90.000	  37.367	  88.000	  33.170	  92.000	  31.293	Fill1	R	5	51	1	1356
4220	2	11	96.000	  39.948	  81.000	  47.346	  59.000	  65.000	ComD1	R	5	49	2	3914
4220	2	12	52.000	  78.000	  80.000	  50.700	  80.000	  42.700	AttR2	R	6	51	1	1928
4220	2	13	47.811	  74.000	  61.000	  58.000	  64.327	  55.000	SimA2	R	5	51	1	1564
4220	2	14	47.200	  75.000	  59.000	  60.000	  42.200	  83.886	SimA1	R	5	50	3	3810
4220	2	15	79.000	  46.177	  57.000	  64.000	  42.419	  86.000	ComD2	R	3	49	2	5316
4220	2	16	73.000	  48.493	  70.000	  44.571	  76.000	  40.066	Fill2	R	2	49	1	1898
4220	2	17	38.216	  88.000	  36.216	  77.728	  40.216	  70.569	Fill5	R	5	51	1	1361
4220	2	18	49.282	  78.000	  62.000	  62.000	  65.153	  59.000	SimA2	R	2	50	3	1270
4220	2	19	61.000	  61.000	  59.000	  55.237	  63.000	  52.476	Fill3	R	4	50	1	1231
4220	2	20	53.000	  81.000	  82.000	  52.354	  82.000	  44.354	AttR2	R	5	51	1	1526
4220	2	21	49.859	  71.000	  48.859	  64.000	  50.859	  61.739	Fill4	R	4	50	1	1324
4220	2	22	47.368	  76.000	  60.000	  60.000	  42.368	  84.969	SimA1	R	3	49	2	2722
4220	2	23	49.000	  79.000	  77.000	  50.273	  40.000	  79.000	AttR1	R	5	49	2	1519
4220	2	24	48.132	  76.000	  59.000	  62.000	  63.069	  58.000	SimA2	R	2	51	2	3188
4220	2	25	80.000	  47.125	  58.000	  65.000	  43.837	  86.000	ComD2	R	5	49	2	2487
4220	2	26	48.000	  78.000	  77.000	  48.623	  77.000	  39.623	AttR2	R	1	50	2	1830
4220	2	27	47.811	  74.000	  61.000	  58.000	  42.811	  82.643	SimA1	R	5	49	2	1499
4220	2	28	77.000	  48.325	  75.000	  44.267	  79.000	  41.278	Fill2	R	4	50	1	1394
4220	2	29	47.368	  76.000	  60.000	  60.000	  64.286	  56.000	SimA2	R	2	49	1	6235
4220	2	30	95.000	  40.421	  81.000	  47.407	  60.000	  64.000	ComD1	R	2	49	1	2844
4220	2	31	48.000	  78.000	  77.000	  48.623	  40.000	  78.000	AttR1	R	3	50	1	1548
4220	2	32	48.739	  69.000	  46.739	  62.432	  50.739	  57.037	Fill4	R	1	49	1	4274
4220	2	33	76.000	  49.763	  73.000	  45.479	  77.000	  43.532	Fill2	R	3	50	1	3714
4220	2	34	48.325	  77.000	  61.000	  61.000	  43.325	  85.886	SimA1	R	4	49	3	2455
4220	2	35	47.368	  76.000	  60.000	  60.000	  42.368	  84.969	SimA1	R	5	49	2	1631
4220	2	36	96.000	  39.333	  80.000	  47.200	  59.000	  64.000	ComD1	R	5	50	3	1642
4220	2	37	37.753	  89.000	  36.753	  77.028	  39.753	  71.919	Fill5	R	5	49	2	1451
4220	2	38	49.028	  71.000	  48.028	  62.172	  50.028	  59.606	Fill4	R	3	50	1	739
4220	2	39	46.667	  72.000	  43.667	  67.328	  48.667	  59.630	Fill4	R	3	50	1	1967
4220	2	40	71.000	  47.366	  70.000	  41.714	  72.000	  40.444	Fill2	R	3	50	1	2946
4220	2	41	59.000	  60.000	  57.000	  53.509	  60.000	  51.667	Fill3	R	5	51	1	3022
4220	2	42	81.000	  47.407	  60.000	  64.000	  43.146	  89.000	ComD2	R	3	49	2	1242
4220	2	43	49.000	  78.000	  77.000	  49.636	  41.000	  78.000	AttR1	R	4	50	1	1426
4220	2	44	92.000	  40.446	  89.000	  37.169	  95.000	  34.842	Fill1	R	5	51	1	1116
4220	2	45	51.000	  80.000	  79.000	  51.646	  79.000	  42.646	AttR2	R	3	49	2	1146
4220	2	46	48.325	  77.000	  61.000	  61.000	  64.155	  58.000	SimA2	R	3	49	2	1647
4220	2	47	95.000	  39.684	  81.000	  46.543	  58.000	  65.000	ComD1	R	6	51	1	855
4220	2	48	48.132	  76.000	  59.000	  62.000	  45.132	  81.052	SimA1	R	5	49	2	2847
4220	2	49	47.838	  74.000	  60.000	  59.000	  63.214	  56.000	SimA2	R	3	49	2	1599
4220	2	50	49.000	  79.000	  77.000	  50.273	  77.000	  42.273	AttR2	R	4	50	1	2306
4220	2	51	53.000	  81.000	  82.000	  52.354	  46.000	  81.000	AttR1	R	2	49	1	1759
4220	2	52	96.000	  39.271	  81.000	  46.543	  58.000	  65.000	ComD1	R	6	50	2	1843
4220	2	53	100.000	  38.860	  84.000	  46.262	  58.000	  67.000	ComD1	R	2	50	3	1203
4220	2	54	52.528	  72.000	  51.528	  64.354	  54.528	  61.272	Fill4	R	6	51	1	2094
4220	2	55	50.973	  73.000	  47.973	  67.351	  51.973	  62.822	Fill4	R	1	49	1	1183
4220	2	56	50.000	  79.000	  81.000	  48.765	  81.000	  41.765	AttR2	R	3	50	1	882
4220	2	57	90.000	  38.678	  87.000	  34.460	  91.000	  33.615	Fill1	R	3	50	1	1154
4220	2	58	57.000	  59.000	  54.000	  54.037	  59.000	  48.593	Fill3	R	3	50	1	943
4220	2	59	62.000	  61.000	  61.000	  54.705	  65.000	  51.523	Fill3	R	2	49	1	884
4220	2	60	81.000	  46.543	  58.000	  65.000	  43.837	  86.000	ComD2	R	5	49	2	988
4220	2	61	47.000	  81.000	  81.000	  47.000	  81.000	  40.000	AttR2	R	1	49	1	1143
4220	2	62	95.000	  39.684	  80.000	  47.125	  58.000	  65.000	ComD1	R	1	50	2	1684
4220	2	63	80.000	  47.200	  59.000	  64.000	  43.402	  87.000	ComD2	R	2	49	1	1340
4220	2	64	82.000	  45.878	  57.000	  66.000	  44.786	  84.000	ComD2	R	3	49	2	1570
4220	2	65	98.000	  39.735	  81.000	  48.074	  59.000	  66.000	ComD1	R	5	50	3	764
4220	2	66	81.000	  47.346	  59.000	  65.000	  43.580	  88.000	ComD2	R	4	49	3	2918
4220	2	67	51.000	  80.000	  79.000	  51.646	  44.000	  80.000	AttR1	R	5	51	1	1067
4220	2	68	52.000	  79.000	  79.000	  52.000	  45.000	  79.000	AttR1	R	2	49	1	2339
4220	2	69	91.000	  38.901	  89.000	  34.742	  92.000	  33.957	Fill1	R	4	50	1	5561
4220	2	70	49.000	  78.000	  77.000	  49.636	  77.000	  41.636	AttR2	R	2	51	2	1183
4220	2	71	52.000	  79.000	  79.000	  52.000	  79.000	  44.000	AttR2	R	3	49	2	1929
4220	2	72	81.000	  46.543	  58.000	  65.000	  43.333	  87.000	ComD2	R	3	50	1	2062
4220	2	73	71.000	  47.324	  68.000	  43.132	  73.000	  40.164	Fill2	R	2	49	1	1487
4220	2	74	41.109	  92.000	  40.109	  80.606	  43.109	  75.112	Fill5	R	3	50	1	1663
4220	2	75	40.890	  91.000	  39.890	  80.747	  42.890	  74.563	Fill5	R	4	50	1	3799
4220	2	76	49.459	  74.000	  61.000	  60.000	  64.211	  57.000	SimA2	R	2	49	1	2698
4220	2	77	47.368	  76.000	  60.000	  60.000	  63.158	  57.000	SimA2	R	3	51	3	2750
4220	2	78	49.282	  78.000	  62.000	  62.000	  45.282	  84.890	SimA1	R	5	51	1	1284
4220	2	79	81.000	  48.074	  59.000	  66.000	  44.759	  87.000	ComD2	R	6	50	2	1156
4220	2	80	94.000	  40.234	  91.000	  37.154	  95.000	  35.232	Fill1	R	2	49	1	882
4220	2	81	47.532	  77.000	  60.000	  61.000	  42.532	  86.052	SimA1	R	3	51	3	1778
4220	2	82	75.000	  46.413	  73.000	  42.192	  76.000	  40.118	Fill2	R	4	50	1	4139
4220	2	83	49.000	  78.000	  77.000	  49.636	  77.000	  40.636	AttR2	R	5	51	1	2226
4220	2	84	47.000	  81.000	  81.000	  47.000	  38.000	  81.000	AttR1	R	3	49	2	2060
4220	2	85	56.000	  60.000	  53.000	  54.340	  59.000	  49.763	Fill3	R	4	50	1	1396
4220	2	86	84.000	  46.262	  58.000	  67.000	  45.718	  85.000	ComD2	R	5	50	3	2352
4220	2	87	96.000	  39.188	  82.000	  45.878	  57.000	  66.000	ComD1	R	5	50	3	1324
4220	2	88	47.532	  77.000	  60.000	  61.000	  63.103	  58.000	SimA2	R	2	49	1	2121
4220	2	89	59.000	  59.000	  58.000	  52.103	  61.000	  50.098	Fill3	R	4	50	1	3910
4220	2	90	47.200	  75.000	  59.000	  60.000	  64.364	  55.000	SimA2	R	4	51	2	1507
4220	3	1	48.000	  75.000	  60.000	  60.000	  43.000	  83.721	SimA1	R	2	51	2	1710
4220	3	2	77.000	  47.506	  74.000	  43.176	  78.000	  41.551	Fill2	R	5	51	1	842
4220	3	3	75.000	  48.773	  73.000	  44.027	  77.000	  41.805	Fill2	R	5	51	1	833
4220	3	4	49.613	  75.000	  61.000	  61.000	  44.613	  83.406	SimA1	R	5	49	2	1418
4220	3	5	51.000	  79.000	  81.000	  49.741	  81.000	  42.741	AttR2	R	3	49	2	1524
4220	3	6	49.000	  80.000	  82.000	  47.805	  42.000	  80.000	AttR1	R	2	49	1	2482
4220	3	7	81.000	  47.346	  59.000	  65.000	  43.580	  88.000	ComD2	R	5	49	2	1314
4220	3	8	94.000	  38.915	  92.000	  35.293	  96.000	  33.385	Fill1	R	2	49	1	2623
4220	3	9	38.227	  88.000	  36.227	  77.870	  40.227	  70.947	Fill5	R	4	50	1	3057
4220	3	10	48.649	  74.000	  60.000	  60.000	  63.158	  57.000	SimA2	R	5	51	1	1753
4220	3	11	92.000	  37.837	  89.000	  34.225	  95.000	  31.589	Fill1	R	1	50	2	3702
4220	3	12	51.000	  79.000	  81.000	  49.741	  44.000	  79.000	AttR1	R	2	49	1	3683
4220	3	13	40.198	  91.000	  37.198	  84.199	  41.198	  76.096	Fill5	R	2	49	1	3643
4220	3	14	81.000	  47.346	  59.000	  65.000	  44.593	  86.000	ComD2	R	5	50	3	8244
4220	3	15	82.000	  45.976	  58.000	  65.000	  43.333	  87.000	ComD2	R	2	51	2	5132
4220	3	16	50.449	  69.000	  48.449	  61.570	  51.449	  59.748	Fill4	R	3	50	1	1562
4220	3	17	50.000	  77.000	  79.000	  48.734	  79.000	  40.734	AttR2	R	2	49	1	950
4220	3	18	97.000	  39.464	  83.000	  46.120	  58.000	  66.000	ComD1	R	4	49	3	875
4220	3	19	51.000	  82.000	  84.000	  49.786	  42.000	  82.000	AttR1	R	3	50	1	771
4220	3	20	58.000	  58.000	  55.000	  53.818	  60.000	  48.300	Fill3	R	1	49	1	1230
4220	3	21	41.568	  88.000	  39.568	  79.660	  43.568	  72.438	Fill5	R	6	51	1	806
4220	3	22	51.000	  79.000	  81.000	  49.741	  43.000	  79.000	AttR1	R	5	49	2	2346
4220	3	23	100.000	  39.530	  82.000	  48.207	  59.000	  67.000	ComD1	R	4	49	3	1183
4220	3	24	59.000	  59.000	  56.000	  53.464	  61.000	  49.803	Fill3	R	2	49	1	1346
4220	3	25	75.000	  46.413	  73.000	  41.795	  76.000	  40.408	Fill2	R	5	49	2	1623
4220	3	26	48.800	  75.000	  61.000	  60.000	  44.800	  81.696	SimA1	R	2	50	3	2866
4220	3	27	94.000	  38.809	  79.000	  46.177	  57.000	  64.000	ComD1	R	4	50	1	1834
4220	3	28	81.000	  47.259	  58.000	  66.000	  45.035	  85.000	ComD2	R	5	51	1	1954
4220	3	29	91.000	  40.198	  88.000	  36.841	  94.000	  34.532	Fill1	R	3	50	1	1023
4220	3	30	49.613	  75.000	  61.000	  61.000	  45.613	  81.577	SimA1	R	3	50	1	1033
4220	3	31	80.000	  45.675	  58.000	  63.000	  42.488	  86.000	ComD2	R	6	50	2	897
4220	3	32	51.000	  82.000	  84.000	  49.786	  84.000	  40.786	AttR2	R	3	50	1	769
4220	3	33	79.000	  46.177	  57.000	  64.000	  43.429	  84.000	ComD2	R	4	50	1	1099
4220	3	34	47.838	  74.000	  60.000	  59.000	  43.838	  80.752	SimA1	R	4	50	1	706
4220	3	35	49.613	  75.000	  61.000	  61.000	  65.281	  57.000	SimA2	R	3	49	2	846
4220	3	36	50.000	  78.000	  77.000	  50.649	  77.000	  41.649	AttR2	R	3	50	1	735
4220	3	37	83.000	  46.120	  58.000	  66.000	  44.512	  86.000	ComD2	R	2	49	1	1908
4220	3	38	47.838	  74.000	  60.000	  59.000	  64.364	  55.000	SimA2	R	5	51	1	1473
4220	3	39	50.000	  80.000	  79.000	  50.633	  79.000	  43.633	AttR2	R	3	50	1	1546
4220	3	40	49.000	  80.000	  81.000	  48.395	  40.000	  80.000	AttR1	R	1	49	1	1239
4220	3	41	95.000	  38.463	  80.000	  45.675	  58.000	  63.000	ComD1	R	6	51	1	3415
4220	3	42	62.000	  58.000	  61.000	  52.066	  64.000	  48.766	Fill3	R	4	50	1	1282
4220	3	43	49.000	  80.000	  81.000	  48.395	  81.000	  40.395	AttR2	R	2	49	1	1122
4220	3	44	82.000	  48.207	  59.000	  67.000	  45.965	  86.000	ComD2	R	2	49	1	1831
4220	3	45	80.000	  46.400	  58.000	  64.000	  43.671	  85.000	ComD2	R	5	49	2	3406
4220	3	46	59.000	  62.000	  56.000	  57.482	  61.000	  52.164	Fill3	R	1	49	1	2778
4220	3	47	50.110	  73.000	  48.110	  65.954	  52.110	  61.908	Fill4	R	4	50	1	1731
4220	3	48	95.000	  40.368	  81.000	  47.346	  59.000	  65.000	ComD1	R	4	51	2	1026
4220	3	49	46.579	  76.000	  59.000	  60.000	  62.105	  57.000	SimA2	R	1	51	3	1107
4220	3	50	48.000	  75.000	  60.000	  60.000	  64.286	  56.000	SimA2	R	4	50	1	1449
4220	3	51	50.000	  82.000	  84.000	  48.810	  43.000	  82.000	AttR1	R	3	49	2	1354
4220	3	52	77.000	  46.701	  75.000	  41.693	  80.000	  38.987	Fill2	R	5	51	1	798
4220	3	53	96.000	  39.875	  81.000	  47.259	  58.000	  66.000	ComD1	R	2	50	3	601
4220	3	54	49.471	  68.000	  46.471	  63.309	  50.471	  57.836	Fill4	R	5	51	1	780
4220	3	55	49.000	  80.000	  82.000	  47.805	  82.000	  38.805	AttR2	R	4	50	1	687
4220	3	56	50.000	  77.000	  79.000	  48.734	  41.000	  77.000	AttR1	R	6	51	1	575
4220	3	57	49.000	  78.000	  79.000	  48.380	  79.000	  40.380	AttR2	R	4	50	1	651
4220	3	58	39.557	  88.000	  38.557	  76.044	  41.557	  70.674	Fill5	R	6	50	2	1346
4220	3	59	49.613	  75.000	  61.000	  61.000	  65.281	  57.000	SimA2	R	2	51	2	1696
4220	3	60	59.000	  59.000	  57.000	  52.632	  62.000	  48.435	Fill3	R	6	51	1	1334
4220	3	61	52.116	  69.000	  50.116	  62.834	  54.116	  58.874	Fill4	R	3	50	1	1179
4220	3	62	47.838	  74.000	  59.000	  60.000	  63.214	  56.000	SimA2	R	3	50	1	1150
4220	3	63	95.000	  40.368	  81.000	  47.346	  59.000	  65.000	ComD1	R	5	50	3	1171
4220	3	64	73.000	  46.082	  70.000	  41.586	  76.000	  38.303	Fill2	R	3	50	1	1054
4220	3	65	95.000	  37.853	  93.000	  33.925	  97.000	  32.619	Fill1	R	3	50	1	2038
4220	3	66	62.000	  59.000	  59.000	  55.136	  63.000	  51.111	Fill3	R	1	49	1	2335
4220	3	67	96.000	  38.000	  80.000	  45.600	  57.000	  64.000	ComD1	R	2	51	2	1220
4220	3	68	50.000	  82.000	  84.000	  48.810	  84.000	  40.810	AttR2	R	3	50	1	1343
4220	3	69	48.635	  74.000	  61.000	  59.000	  43.635	  82.479	SimA1	R	5	49	2	1996
4220	3	70	40.404	  89.000	  38.404	  80.459	  41.404	  74.412	Fill5	R	6	51	1	1087
4220	3	71	48.000	  75.000	  60.000	  60.000	  43.000	  83.721	SimA1	R	2	51	2	1223
4220	3	72	48.800	  75.000	  61.000	  60.000	  65.357	  56.000	SimA2	R	5	51	1	1594
4220	3	73	96.000	  38.667	  80.000	  46.400	  58.000	  64.000	ComD1	R	6	49	3	1124
4220	3	74	50.000	  80.000	  79.000	  50.633	  43.000	  80.000	AttR1	R	4	50	1	1034
4220	3	75	48.649	  74.000	  60.000	  60.000	  45.649	  78.863	SimA1	R	3	51	3	850
4220	3	76	92.000	  37.837	  89.000	  34.416	  94.000	  32.415	Fill1	R	2	49	1	1226
4220	3	77	98.000	  38.469	  82.000	  45.976	  58.000	  65.000	ComD1	R	1	50	2	1188
4220	3	78	75.000	  46.413	  74.000	  40.311	  78.000	  38.641	Fill2	R	4	50	1	1023
4220	3	79	47.838	  74.000	  59.000	  60.000	  42.838	  82.637	SimA1	R	4	49	3	2017
4220	3	80	46.579	  76.000	  59.000	  60.000	  43.579	  81.232	SimA1	R	5	50	3	1637
4220	3	81	52.257	  70.000	  49.257	  64.965	  54.257	  59.826	Fill4	R	4	50	1	1355
4220	3	82	39.112	  89.000	  38.112	  77.245	  40.112	  74.142	Fill5	R	3	50	1	1465
4220	3	83	48.635	  74.000	  61.000	  59.000	  65.436	  55.000	SimA2	R	1	50	2	1378
4220	3	84	51.000	  79.000	  81.000	  49.741	  81.000	  41.741	AttR2	R	4	50	1	796
4220	3	85	48.000	  75.000	  60.000	  60.000	  63.158	  57.000	SimA2	R	2	49	1	2198
4220	3	86	50.000	  78.000	  77.000	  50.649	  41.000	  78.000	AttR1	R	5	51	1	930
4220	3	87	50.449	  69.000	  48.449	  61.652	  51.449	  57.979	Fill4	R	3	50	1	1151
4220	3	88	91.000	  36.967	  90.000	  32.867	  93.000	  31.022	Fill1	R	3	50	1	724
4220	3	89	80.000	  45.600	  57.000	  64.000	  42.419	  86.000	ComD2	R	3	49	2	2906
4220	3	90	49.000	  78.000	  79.000	  48.380	  42.000	  78.000	AttR1	R	3	50	1	1927
4220	4	1	80.000	  47.125	  58.000	  65.000	  43.837	  86.000	ComD2	R	4	50	1	1717
4220	4	2	47.685	  73.000	  59.000	  59.000	  62.161	  56.000	SimA2	R	6	50	2	817
4220	4	3	95.000	  39.684	  80.000	  47.125	  58.000	  65.000	ComD1	R	4	51	2	732
4220	4	4	93.000	  38.065	  91.000	  34.242	  96.000	  31.958	Fill1	R	6	51	1	730
4220	4	5	47.987	  75.000	  61.000	  59.000	  64.268	  56.000	SimA2	R	1	51	3	966
4220	4	6	46.413	  75.000	  59.000	  59.000	  41.413	  84.055	SimA1	R	5	51	1	986
4220	4	7	93.000	  40.667	  91.000	  36.725	  96.000	  34.562	Fill1	R	3	50	1	780
4220	4	8	39.783	  92.000	  36.783	  85.611	  40.783	  76.528	Fill5	R	1	51	3	1111
4220	4	9	51.000	  80.000	  78.000	  52.308	  78.000	  43.308	AttR2	R	3	50	1	564
4220	4	10	50.000	  79.000	  80.000	  49.375	  80.000	  41.375	AttR2	R	5	51	1	593
4220	4	11	60.000	  59.000	  58.000	  53.362	  63.000	  49.429	Fill3	R	5	51	1	547
4220	4	12	91.000	  40.220	  88.000	  35.920	  92.000	  35.315	Fill1	R	6	51	1	898
4220	4	13	46.413	  75.000	  59.000	  59.000	  64.463	  54.000	SimA2	R	1	50	2	607
4220	4	14	39.333	  90.000	  37.333	  80.116	  40.333	  74.826	Fill5	R	4	50	1	1161
4220	4	15	40.220	  91.000	  37.220	  84.632	  41.220	  76.517	Fill5	R	2	49	1	703
4220	4	16	48.000	  82.000	  84.000	  46.857	  41.000	  82.000	AttR1	R	4	50	1	1028
4220	4	17	49.613	  75.000	  61.000	  61.000	  46.613	  79.827	SimA1	R	3	51	3	662
4220	4	18	47.987	  75.000	  61.000	  59.000	  44.987	  80.001	SimA1	R	4	50	1	1095
4220	4	19	80.000	  46.312	  57.000	  65.000	  44.107	  84.000	ComD2	R	5	50	3	1318
4220	4	20	96.000	  38.594	  82.000	  45.183	  57.000	  65.000	ComD1	R	2	50	3	948
4220	4	21	49.000	  80.000	  81.000	  48.395	  81.000	  40.395	AttR2	R	4	50	1	2025
4220	4	22	81.000	  48.148	  60.000	  65.000	  43.820	  89.000	ComD2	R	2	51	2	772
4220	4	23	97.000	  38.196	  80.000	  46.312	  57.000	  65.000	ComD1	R	3	50	1	1342
4220	4	24	52.286	  70.000	  51.286	  61.869	  54.286	  59.887	Fill4	R	1	49	1	1779
4220	4	25	96.000	  39.875	  82.000	  46.683	  58.000	  66.000	ComD1	R	5	50	3	1767
4220	4	26	47.200	  75.000	  59.000	  60.000	  43.200	  81.944	SimA1	R	5	51	1	3003
4220	4	27	51.304	  69.000	  48.304	  65.005	  53.304	  57.631	Fill4	R	2	49	1	1324
4220	4	28	82.000	  45.976	  58.000	  65.000	  43.333	  87.000	ComD2	R	1	50	2	914
4220	4	29	61.000	  62.000	  60.000	  55.233	  64.000	  52.469	Fill3	R	3	50	1	655
4220	4	30	59.000	  59.000	  56.000	  54.089	  60.000	  50.433	Fill3	R	4	50	1	623
4220	4	31	46.740	  77.000	  59.000	  61.000	  41.740	  86.224	SimA1	R	1	50	2	658
4220	4	32	49.000	  80.000	  81.000	  48.395	  81.000	  39.395	AttR2	R	5	49	2	1090
4220	4	33	40.667	  93.000	  37.667	  86.310	  42.667	  76.430	Fill5	R	2	49	1	1698
4220	4	34	48.158	  76.000	  60.000	  61.000	  63.103	  58.000	SimA2	R	4	50	1	1639
4220	4	35	76.000	  48.158	  74.000	  42.797	  79.000	  40.658	Fill2	R	5	51	1	942
4220	4	36	97.000	  38.268	  80.000	  46.400	  58.000	  64.000	ComD1	R	6	49	3	835
4220	4	37	48.000	  81.000	  81.000	  48.000	  41.000	  81.000	AttR1	R	5	51	1	964
4220	4	38	52.000	  81.000	  81.000	  52.000	  81.000	  43.000	AttR2	R	2	49	1	753
4220	4	39	51.108	  74.000	  49.108	  68.848	  52.108	  64.232	Fill4	R	5	51	1	871
4220	4	40	80.000	  45.600	  57.000	  64.000	  42.918	  85.000	ComD2	R	3	49	2	1414
4220	4	41	50.000	  81.000	  80.000	  50.625	  42.000	  81.000	AttR1	R	1	49	1	1425
4220	4	42	49.000	  80.000	  80.000	  49.000	  80.000	  42.000	AttR2	R	5	49	2	1580
4220	4	43	76.000	  48.158	  73.000	  44.205	  77.000	  41.714	Fill2	R	4	50	1	830
4220	4	44	47.685	  73.000	  59.000	  59.000	  44.685	  77.901	SimA1	R	5	50	3	1850
4220	4	45	51.000	  80.000	  78.000	  52.308	  42.000	  80.000	AttR1	R	5	51	1	1266
4220	4	46	60.000	  61.000	  59.000	  54.661	  61.000	  52.639	Fill3	R	1	51	3	3226
4220	4	47	82.000	  46.683	  58.000	  66.000	  44.000	  87.000	ComD2	R	6	49	3	2604
4220	4	48	47.838	  74.000	  60.000	  59.000	  42.838	  82.637	SimA1	R	3	51	3	1055
4220	4	49	97.000	  40.144	  82.000	  47.488	  59.000	  66.000	ComD1	R	5	49	2	1682
4220	4	50	49.613	  75.000	  61.000	  61.000	  64.155	  58.000	SimA2	R	4	49	3	1702
4220	4	51	51.000	  83.000	  82.000	  51.622	  43.000	  83.000	AttR1	R	5	51	1	1003
4220	4	52	50.000	  81.000	  80.000	  50.625	  80.000	  42.625	AttR2	R	5	49	2	919
4220	4	53	40.667	  90.000	  39.667	  78.782	  42.667	  73.711	Fill5	R	4	50	1	1011
4220	4	54	76.000	  46.579	  75.000	  41.733	  78.000	  40.192	Fill2	R	6	51	1	1240
4220	4	55	48.000	  81.000	  81.000	  48.000	  81.000	  39.000	AttR2	R	5	49	2	838
4220	4	56	61.000	  60.000	  60.000	  53.317	  64.000	  49.797	Fill3	R	2	51	2	799
4220	4	57	48.595	  74.000	  62.000	  58.000	  66.593	  54.000	SimA2	R	3	49	2	1201
4220	4	58	47.838	  74.000	  60.000	  59.000	  65.556	  54.000	SimA2	R	6	50	2	628
4220	4	59	80.000	  46.400	  58.000	  64.000	  43.163	  86.000	ComD2	R	3	50	1	1519
4220	4	60	50.833	  72.000	  47.833	  66.711	  51.833	  61.968	Fill4	R	5	51	1	1157
4220	4	61	94.000	  38.809	  80.000	  45.600	  57.000	  64.000	ComD1	R	3	49	2	1203
4220	4	62	49.000	  80.000	  80.000	  49.000	  41.000	  80.000	AttR1	R	2	51	2	860
4220	4	63	82.000	  45.183	  57.000	  65.000	  43.588	  85.000	ComD2	R	5	49	2	1100
4220	4	64	48.158	  76.000	  60.000	  61.000	  44.158	  82.884	SimA1	R	6	50	2	994
4220	4	65	92.000	  39.783	  91.000	  35.736	  95.000	  33.453	Fill1	R	4	50	1	828
4220	4	66	47.200	  75.000	  59.000	  60.000	  63.214	  56.000	SimA2	R	5	50	3	1583
4220	4	67	48.595	  74.000	  62.000	  58.000	  45.595	  78.869	SimA1	R	4	50	1	1570
4220	4	68	92.000	  39.783	  90.000	  35.644	  93.000	  34.817	Fill1	R	2	49	1	940
4220	4	69	52.000	  81.000	  81.000	  52.000	  44.000	  81.000	AttR1	R	3	50	1	1609
4220	4	70	48.961	  76.000	  61.000	  61.000	  66.446	  56.000	SimA2	R	1	49	1	2020
4220	4	71	49.000	  80.000	  81.000	  48.395	  41.000	  80.000	AttR1	R	6	50	2	830
4220	4	72	48.961	  76.000	  61.000	  61.000	  45.961	  80.961	SimA1	R	5	50	3	2282
4220	4	73	97.000	  38.866	  82.000	  45.976	  58.000	  65.000	ComD1	R	5	49	2	3097
4220	4	74	82.000	  47.488	  59.000	  66.000	  44.759	  87.000	ComD2	R	2	51	2	1274
4220	4	75	76.000	  49.763	  74.000	  45.257	  77.000	  43.208	Fill2	R	3	51	3	2242
4220	4	76	50.833	  72.000	  48.833	  65.283	  52.833	  61.174	Fill4	R	2	49	1	3162
4220	4	77	48.000	  82.000	  84.000	  46.857	  84.000	  38.857	AttR2	R	3	49	2	1767
4220	4	78	60.000	  61.000	  58.000	  55.155	  61.000	  52.393	Fill3	R	3	50	1	737
4220	4	79	80.000	  46.312	  57.000	  65.000	  43.588	  85.000	ComD2	R	4	51	2	935
4220	4	80	51.000	  83.000	  82.000	  51.622	  82.000	  42.622	AttR2	R	5	51	1	1325
4220	4	81	49.000	  80.000	  81.000	  48.395	  42.000	  80.000	AttR1	R	2	49	1	969
4220	4	82	96.000	  40.625	  81.000	  48.148	  60.000	  65.000	ComD1	R	1	51	3	723
4220	4	83	46.740	  77.000	  59.000	  61.000	  64.268	  56.000	SimA2	R	3	50	1	834
4220	4	84	39.557	  88.000	  38.557	  76.044	  41.557	  71.589	Fill5	R	5	51	1	713
4220	4	85	50.000	  79.000	  80.000	  49.375	  43.000	  79.000	AttR1	R	4	50	1	711
4220	4	86	90.000	  38.678	  87.000	  35.092	  91.000	  33.626	Fill1	R	2	49	1	892
4220	4	87	49.729	  70.000	  47.729	  64.259	  51.729	  58.807	Fill4	R	3	50	1	771
4220	4	88	73.000	  47.685	  72.000	  42.264	  74.000	  40.581	Fill2	R	1	51	3	606
4220	4	89	75.000	  48.800	  73.000	  43.740	  76.000	  41.632	Fill2	R	2	49	1	1026
4220	4	90	96.000	  38.594	  80.000	  46.312	  57.000	  65.000	ComD1	R	5	50	3	651
4220	5	1	51.000	  81.000	  80.000	  51.638	  42.000	  81.000	AttR1	R	3	49	2	2173
4220	5	2	47.200	  75.000	  60.000	  59.000	  65.556	  54.000	SimA2	R	3	49	2	668
4220	5	3	82.000	  45.183	  57.000	  65.000	  44.107	  84.000	ComD2	R	3	49	2	1517
4220	5	4	62.000	  59.000	  61.000	  51.885	  64.000	  50.500	Fill3	R	5	50	3	675
4220	5	5	53.014	  69.000	  52.014	  61.906	  55.014	  58.366	Fill4	R	1	51	3	681
4220	5	6	59.000	  59.000	  57.000	  53.754	  61.000	  49.180	Fill3	R	1	49	1	586
4220	5	7	76.000	  47.355	  74.000	  43.189	  78.000	  40.795	Fill2	R	5	50	3	588
4220	5	8	47.532	  77.000	  60.000	  61.000	  44.532	  82.187	SimA1	R	6	51	1	807
4220	5	9	75.000	  48.000	  74.000	  43.189	  76.000	  41.303	Fill2	R	6	50	2	667
4220	5	10	60.000	  60.000	  59.000	  53.220	  61.000	  51.934	Fill3	R	3	50	1	929
4220	5	11	49.028	  71.000	  46.028	  65.373	  50.028	  61.325	Fill4	R	3	50	1	719
4220	5	12	50.000	  79.000	  80.000	  49.375	  41.000	  79.000	AttR1	R	1	49	1	1084
4220	5	13	51.000	  82.000	  82.000	  51.000	  42.000	  82.000	AttR1	R	2	51	2	796
4220	5	14	97.000	  40.144	  82.000	  47.488	  59.000	  66.000	ComD1	R	3	49	2	726
4220	5	15	50.110	  73.000	  62.000	  59.000	  65.321	  56.000	SimA2	R	2	51	2	651
4220	5	16	91.000	  38.253	  88.000	  34.432	  92.000	  32.804	Fill1	R	3	50	1	892
4220	5	17	96.000	  38.667	  80.000	  46.400	  58.000	  64.000	ComD1	R	3	51	3	988
4220	5	18	74.000	  47.041	  73.000	  42.205	  76.000	  40.224	Fill2	R	6	49	3	854
4220	5	19	54.000	  82.000	  80.000	  55.350	  47.000	  82.000	AttR1	R	2	51	2	831
4220	5	20	54.000	  82.000	  80.000	  55.350	  80.000	  46.350	AttR2	R	1	50	2	674
4220	5	21	46.877	  73.000	  58.000	  59.000	  41.877	  81.716	SimA1	R	4	51	2	1034
4220	5	22	99.000	  38.000	  83.000	  45.325	  57.000	  66.000	ComD1	R	2	51	2	1914
4220	5	23	97.000	  38.196	  82.000	  45.183	  57.000	  65.000	ComD1	R	3	50	1	1935
4220	5	24	48.158	  76.000	  61.000	  60.000	  64.211	  57.000	SimA2	R	3	51	3	1564
4220	5	25	98.000	  38.469	  80.000	  47.125	  58.000	  65.000	ComD1	R	4	51	2	1601
4220	5	26	94.000	  38.936	  91.000	  35.670	  97.000	  32.701	Fill1	R	3	50	1	924
4220	5	27	51.000	  81.000	  80.000	  51.638	  80.000	  44.638	AttR2	R	4	51	2	1401
4220	5	28	92.000	  39.120	  89.000	  35.787	  95.000	  32.758	Fill1	R	6	51	1	1587
4220	5	29	97.000	  40.144	  81.000	  48.074	  59.000	  66.000	ComD1	R	3	50	1	3120
4220	5	30	48.800	  75.000	  60.000	  61.000	  43.800	  83.562	SimA1	R	2	49	1	2435
4220	5	31	50.000	  81.000	  83.000	  48.795	  43.000	  81.000	AttR1	R	2	51	2	1835
4220	5	32	77.000	  47.506	  75.000	  42.907	  80.000	  40.487	Fill2	R	5	51	1	1059
4220	5	33	99.000	  38.667	  83.000	  46.120	  58.000	  66.000	ComD1	R	3	51	3	2084
4220	5	34	48.800	  75.000	  61.000	  60.000	  66.545	  55.000	SimA2	R	5	50	3	1972
4220	5	35	52.159	  69.000	  50.159	  63.637	  54.159	  58.863	Fill4	R	2	49	1	1599
4220	5	36	50.000	  78.000	  79.000	  49.367	  79.000	  41.367	AttR2	R	5	51	1	1298
4220	5	37	51.000	  82.000	  82.000	  51.000	  82.000	  42.000	AttR2	R	2	49	1	1105
4220	5	38	48.800	  75.000	  61.000	  60.000	  45.800	  79.913	SimA1	R	4	51	2	776
4220	5	39	51.000	  79.000	  80.000	  50.362	  42.000	  79.000	AttR1	R	4	50	1	794
4220	5	40	50.077	  78.000	  62.000	  63.000	  67.345	  58.000	SimA2	R	4	49	3	1157
4220	5	41	50.000	  80.000	  80.000	  50.000	  80.000	  41.000	AttR2	R	2	51	2	923
4220	5	42	46.413	  75.000	  59.000	  59.000	  62.161	  56.000	SimA2	R	3	49	2	983
4220	5	43	50.000	  79.000	  80.000	  49.375	  80.000	  40.375	AttR2	R	2	51	2	1097
4220	5	44	50.000	  72.000	  48.000	  65.875	  51.000	  60.863	Fill4	R	6	51	1	1025
4220	5	45	50.000	  82.000	  84.000	  48.810	  41.000	  82.000	AttR1	R	1	49	1	739
4220	5	46	82.000	  45.878	  57.000	  66.000	  44.786	  84.000	ComD2	R	5	49	2	1378
4220	5	47	50.000	  78.000	  79.000	  49.367	  43.000	  78.000	AttR1	R	4	50	1	1147
4220	5	48	80.000	  47.125	  58.000	  65.000	  43.333	  87.000	ComD2	R	4	49	3	1234
4220	5	49	38.000	  90.000	  35.000	  82.571	  39.000	  74.718	Fill5	R	3	50	1	2769
4220	5	50	46.877	  73.000	  58.000	  59.000	  61.107	  56.000	SimA2	R	1	49	1	1123
4220	5	51	81.000	  48.074	  59.000	  66.000	  45.279	  86.000	ComD2	R	2	51	2	1034
4220	5	52	51.000	  79.000	  80.000	  50.362	  80.000	  41.362	AttR2	R	3	50	1	810
4220	5	53	96.000	  39.188	  82.000	  45.878	  57.000	  66.000	ComD1	R	5	49	2	739
4220	5	54	48.158	  76.000	  61.000	  60.000	  45.158	  81.049	SimA1	R	3	51	3	1026
4220	5	55	50.110	  73.000	  62.000	  59.000	  46.110	  79.333	SimA1	R	5	49	2	796
4220	5	56	47.838	  74.000	  60.000	  59.000	  43.838	  80.752	SimA1	R	4	50	1	686
4220	5	57	39.112	  89.000	  38.112	  77.088	  41.112	  72.338	Fill5	R	3	51	3	551
4220	5	58	80.000	  46.400	  58.000	  64.000	  43.163	  86.000	ComD2	R	1	50	2	1196
4220	5	59	48.169	  71.000	  47.169	  62.520	  49.169	  59.651	Fill4	R	5	49	2	759
4220	5	60	96.000	  39.271	  81.000	  46.543	  58.000	  65.000	ComD1	R	5	50	3	492
4220	5	61	80.000	  45.600	  57.000	  64.000	  42.419	  86.000	ComD2	R	5	51	1	1123
4220	5	62	40.449	  89.000	  37.449	  82.511	  42.449	  72.557	Fill5	R	6	49	3	841
4220	5	63	50.833	  72.000	  47.833	  67.296	  51.833	  61.621	Fill4	R	5	51	1	785
4220	5	64	88.000	  38.864	  86.000	  34.512	  90.000	  33.178	Fill1	R	5	51	1	1916
4220	5	65	61.000	  60.000	  58.000	  55.483	  64.000	  49.875	Fill3	R	2	49	1	1129
4220	5	66	50.000	  81.000	  83.000	  48.795	  83.000	  40.795	AttR2	R	5	51	1	1191
4220	5	67	49.000	  80.000	  79.000	  49.620	  79.000	  42.620	AttR2	R	2	49	1	1201
4220	5	68	93.000	  39.333	  91.000	  34.879	  95.000	  34.168	Fill1	R	5	51	1	708
4220	5	69	41.568	  88.000	  40.568	  77.401	  43.568	  71.750	Fill5	R	1	49	1	1009
4220	5	70	76.000	  48.158	  73.000	  44.178	  79.000	  41.076	Fill2	R	1	49	1	836
4220	5	71	57.000	  60.000	  55.000	  54.145	  60.000	  50.067	Fill3	R	5	51	1	892
4220	5	72	50.077	  78.000	  62.000	  63.000	  47.077	  82.971	SimA1	R	4	51	2	2476
4220	5	73	83.000	  46.120	  58.000	  66.000	  44.512	  86.000	ComD2	R	3	51	3	1868
4220	5	74	83.000	  45.325	  57.000	  66.000	  44.786	  84.000	ComD2	R	4	49	3	1100
4220	5	75	50.000	  82.000	  84.000	  48.810	  84.000	  39.810	AttR2	R	2	49	1	681
4220	5	76	61.000	  59.000	  59.000	  52.644	  64.000	  48.797	Fill3	R	4	51	2	850
4220	5	77	46.413	  75.000	  59.000	  59.000	  42.413	  82.073	SimA1	R	4	51	2	681
4220	5	78	97.000	  37.608	  80.000	  45.600	  57.000	  64.000	ComD1	R	2	49	1	1554
4220	5	79	71.000	  48.169	  70.000	  42.700	  74.000	  39.554	Fill2	R	4	50	1	2590
4220	5	80	47.532	  77.000	  60.000	  61.000	  63.103	  58.000	SimA2	R	2	51	2	1241
4220	5	81	49.000	  80.000	  79.000	  49.620	  42.000	  80.000	AttR1	R	6	51	1	1505
4220	5	82	47.200	  75.000	  60.000	  59.000	  44.200	  80.090	SimA1	R	4	51	2	1198
4220	5	83	81.000	  46.543	  58.000	  65.000	  44.353	  85.000	ComD2	R	4	51	2	2809
4220	5	84	82.000	  47.488	  59.000	  66.000	  45.279	  86.000	ComD2	R	6	49	3	1827
4220	5	85	91.000	  39.560	  88.000	  35.784	  94.000	  33.457	Fill1	R	2	49	1	1287
4220	5	86	40.438	  89.000	  38.438	  80.155	  42.438	  72.105	Fill5	R	3	49	2	1559
4220	5	87	47.838	  74.000	  60.000	  59.000	  64.364	  55.000	SimA2	R	3	51	3	1564
4220	5	88	48.800	  75.000	  60.000	  61.000	  63.103	  58.000	SimA2	R	6	50	2	1231
4220	5	89	40.667	  90.000	  38.667	  80.534	  41.667	  75.816	Fill5	R	4	51	2	697
4220	5	90	50.000	  80.000	  80.000	  50.000	  42.000	  80.000	AttR1	R	3	49	2	658
4220	6	1	82.000	  45.976	  58.000	  65.000	  43.837	  86.000	ComD2	R	6	51	1	1685
4220	6	2	48.000	  75.000	  60.000	  60.000	  43.000	  83.721	SimA1	R	3	51	3	695
4220	6	3	91.000	  40.220	  89.000	  36.618	  93.000	  34.054	Fill1	R	4	50	1	718
4220	6	4	96.000	  39.271	  82.000	  45.976	  58.000	  65.000	ComD1	R	3	51	3	547
4220	6	5	76.000	  49.763	  75.000	  43.907	  78.000	  43.141	Fill2	R	2	51	2	617
4220	6	6	47.838	  74.000	  59.000	  60.000	  63.214	  56.000	SimA2	R	5	50	3	547
4220	6	7	51.000	  79.000	  79.000	  51.000	  79.000	  42.000	AttR2	R	3	51	3	505
4220	6	8	48.961	  76.000	  61.000	  61.000	  66.446	  56.000	SimA2	R	3	49	2	606
4220	6	9	48.000	  75.000	  60.000	  60.000	  63.158	  57.000	SimA2	R	4	51	2	1267
4220	6	10	49.000	  80.000	  81.000	  48.395	  81.000	  39.395	AttR2	R	4	51	2	673
4220	6	11	99.000	  39.253	  83.000	  46.819	  58.000	  67.000	ComD1	R	4	51	2	1873
4220	6	12	50.000	  82.000	  82.000	  50.000	  43.000	  82.000	AttR1	R	1	50	2	930
4220	6	13	46.740	  77.000	  59.000	  61.000	  64.268	  56.000	SimA2	R	2	51	2	1302
4220	6	14	100.000	  38.860	  84.000	  46.262	  58.000	  67.000	ComD1	R	2	50	3	868
4220	6	15	48.635	  74.000	  61.000	  59.000	  66.648	  54.000	SimA2	R	4	51	2	587
4220	6	16	52.528	  72.000	  51.528	  63.771	  54.528	  60.868	Fill4	R	4	50	1	679
4220	6	17	73.000	  48.493	  72.000	  42.306	  75.000	  41.707	Fill2	R	4	50	1	2086
4220	6	18	48.158	  76.000	  61.000	  60.000	  45.158	  81.049	SimA1	R	6	50	2	1511
4220	6	19	61.000	  58.000	  58.000	  52.569	  64.000	  48.266	Fill3	R	3	50	1	804
4220	6	20	50.000	  82.000	  84.000	  48.810	  43.000	  82.000	AttR1	R	6	50	2	1087
4220	6	21	84.000	  46.262	  58.000	  67.000	  45.186	  86.000	ComD2	R	2	51	2	1143
4220	6	22	95.000	  39.000	  81.000	  45.741	  57.000	  65.000	ComD1	R	2	50	3	779
4220	6	23	97.000	  38.196	  82.000	  45.183	  57.000	  65.000	ComD1	R	1	50	2	974
4220	6	24	97.000	  39.536	  80.000	  47.938	  59.000	  65.000	ComD1	R	2	51	2	978
4220	6	25	76.000	  47.368	  73.000	  42.616	  79.000	  40.405	Fill2	R	5	51	1	765
4220	6	26	40.205	  88.000	  38.205	  78.839	  42.205	  71.082	Fill5	R	3	50	1	839
4220	6	27	98.000	  38.388	  81.000	  46.444	  57.000	  66.000	ComD1	R	6	50	2	822
4220	6	28	48.158	  76.000	  61.000	  60.000	  65.357	  56.000	SimA2	R	3	50	1	689
4220	6	29	50.000	  82.000	  84.000	  48.810	  84.000	  40.810	AttR2	R	6	50	2	675
4220	6	30	50.571	  70.000	  47.571	  64.345	  51.571	  59.413	Fill4	R	5	51	1	658
4220	6	31	80.000	  47.938	  59.000	  65.000	  43.580	  88.000	ComD2	R	1	50	2	626
4220	6	32	48.000	  79.000	  79.000	  48.000	  40.000	  79.000	AttR1	R	5	51	1	491
4220	6	33	81.000	  46.444	  57.000	  66.000	  43.744	  86.000	ComD2	R	3	49	2	924
4220	6	34	40.000	  90.000	  38.000	  81.263	  42.000	  73.357	Fill5	R	1	49	1	1314
4220	6	35	48.000	  79.000	  79.000	  48.000	  79.000	  41.000	AttR2	R	3	49	2	1735
4220	6	36	50.000	  80.000	  82.000	  48.780	  41.000	  80.000	AttR1	R	3	49	2	1379
4220	6	37	75.000	  47.173	  73.000	  42.397	  76.000	  40.513	Fill2	R	6	51	1	807
4220	6	38	75.000	  47.200	  74.000	  41.743	  78.000	  40.231	Fill2	R	3	50	1	842
4220	6	39	48.961	  76.000	  61.000	  61.000	  45.961	  80.961	SimA1	R	2	49	1	730
4220	6	40	39.775	  89.000	  37.775	  79.655	  41.775	  72.579	Fill5	R	5	51	1	655
4220	6	41	96.000	  39.948	  80.000	  47.938	  59.000	  65.000	ComD1	R	3	51	3	656
4220	6	42	47.368	  76.000	  60.000	  60.000	  42.368	  84.969	SimA1	R	1	51	3	783
4220	6	43	47.368	  76.000	  60.000	  60.000	  43.368	  83.010	SimA1	R	4	50	1	762
4220	6	44	91.000	  38.901	  88.000	  34.659	  92.000	  33.804	Fill1	R	6	50	2	959
4220	6	45	51.000	  79.000	  79.000	  51.000	  43.000	  79.000	AttR1	R	5	51	1	892
4220	6	46	95.000	  39.811	  94.000	  35.894	  98.000	  33.837	Fill1	R	5	50	3	875
4220	6	47	50.833	  72.000	  48.833	  66.307	  51.833	  62.605	Fill4	R	1	49	1	1028
4220	6	48	52.000	  79.000	  78.000	  52.667	  45.000	  79.000	AttR1	R	4	51	2	503
4220	6	49	48.649	  74.000	  60.000	  60.000	  64.286	  56.000	SimA2	R	5	49	2	700
4220	6	50	47.368	  76.000	  60.000	  60.000	  63.158	  57.000	SimA2	R	3	51	3	530
4220	6	51	49.000	  80.000	  78.000	  50.256	  42.000	  80.000	AttR1	R	5	49	2	510
4220	6	52	81.000	  45.741	  57.000	  65.000	  43.081	  86.000	ComD2	R	1	50	2	628
4220	6	53	47.671	  73.000	  60.000	  58.000	  63.273	  55.000	SimA2	R	4	51	2	559
4220	6	54	50.000	  80.000	  82.000	  48.780	  82.000	  39.780	AttR2	R	4	51	2	1324
4220	6	55	49.000	  81.000	  79.000	  50.241	  41.000	  81.000	AttR1	R	4	50	1	650
4220	6	56	59.000	  60.000	  58.000	  53.810	  60.000	  51.067	Fill3	R	5	51	1	1099
4220	6	57	91.000	  39.560	  89.000	  34.865	  93.000	  33.409	Fill1	R	2	49	1	903
4220	6	58	60.000	  60.000	  58.000	  55.052	  61.000	  51.951	Fill3	R	1	51	3	788
4220	6	59	59.000	  60.000	  56.000	  54.893	  60.000	  51.300	Fill3	R	4	49	3	1783
4220	6	60	47.838	  74.000	  59.000	  60.000	  44.838	  78.951	SimA1	R	3	49	2	1753
4220	6	61	39.783	  92.000	  38.783	  80.577	  40.783	  76.650	Fill5	R	4	50	1	1519
4220	6	62	52.029	  68.000	  50.029	  62.543	  54.029	  57.302	Fill4	R	4	50	1	3323
4220	6	63	49.000	  81.000	  79.000	  50.241	  79.000	  41.241	AttR2	R	4	51	2	889
4220	6	64	41.109	  92.000	  38.109	  85.335	  43.109	  75.832	Fill5	R	2	49	1	794
4220	6	65	96.000	  39.948	  82.000	  46.768	  59.000	  65.000	ComD1	R	1	51	3	1212
4220	6	66	50.000	  72.000	  48.000	  65.083	  51.000	  61.843	Fill4	R	4	50	1	3791
4220	6	67	49.000	  81.000	  79.000	  50.241	  40.000	  81.000	AttR1	R	1	50	2	2145
4220	6	68	49.000	  81.000	  79.000	  50.241	  79.000	  43.241	AttR2	R	6	51	1	711
4220	6	69	92.000	  38.457	  90.000	  33.822	  95.000	  33.000	Fill1	R	2	49	1	1476
4220	6	70	50.571	  70.000	  47.571	  64.724	  52.571	  58.054	Fill4	R	4	50	1	3148
4220	6	71	83.000	  46.819	  58.000	  67.000	  45.186	  86.000	ComD2	R	2	49	1	3242
4220	6	72	82.000	  45.183	  57.000	  65.000	  43.081	  86.000	ComD2	R	3	50	1	906
4220	6	73	46.740	  77.000	  59.000	  61.000	  43.740	  82.281	SimA1	R	2	51	2	583
4220	6	74	60.000	  61.000	  59.000	  53.729	  62.000	  51.032	Fill3	R	3	50	1	610
4220	6	75	50.000	  82.000	  82.000	  50.000	  82.000	  42.000	AttR2	R	6	51	1	476
4220	6	76	82.000	  46.768	  59.000	  65.000	  44.593	  86.000	ComD2	R	2	51	2	692
4220	6	77	48.635	  74.000	  61.000	  59.000	  43.635	  82.479	SimA1	R	5	51	1	556
4220	6	78	76.000	  48.158	  75.000	  43.413	  78.000	  40.654	Fill2	R	3	50	1	802
4220	6	79	97.000	  39.536	  82.000	  46.768	  59.000	  65.000	ComD1	R	5	49	2	963
4220	6	80	39.333	  90.000	  38.333	  78.496	  40.333	  75.099	Fill5	R	2	49	1	1113
4220	6	81	82.000	  46.768	  59.000	  65.000	  44.593	  86.000	ComD2	R	4	50	1	599
4220	6	82	49.000	  80.000	  81.000	  48.395	  42.000	  80.000	AttR1	R	1	50	2	626
4220	6	83	47.671	  73.000	  60.000	  58.000	  44.671	  77.902	SimA1	R	4	51	2	700
4220	6	84	91.000	  38.901	  89.000	  35.112	  92.000	  33.489	Fill1	R	5	51	1	978
4220	6	85	47.368	  76.000	  60.000	  60.000	  64.286	  56.000	SimA2	R	3	49	2	516
4220	6	86	62.000	  61.000	  60.000	  56.067	  64.000	  52.609	Fill3	R	4	51	2	778
4220	6	87	80.000	  47.938	  59.000	  65.000	  44.593	  86.000	ComD2	R	4	50	1	596
4220	6	88	52.000	  79.000	  78.000	  52.667	  78.000	  43.667	AttR2	R	2	51	2	503
4220	6	89	49.000	  80.000	  78.000	  50.256	  78.000	  41.256	AttR2	R	2	49	1	508
4220	6	90	48.649	  74.000	  60.000	  60.000	  43.649	  82.477	SimA1	R	4	51	2	762
4220	7	1	81.000	  45.827	  58.000	  64.000	  42.667	  87.000	ComD2	R	1	50	2	1237
4220	7	2	96.000	  38.667	  80.000	  46.400	  58.000	  64.000	ComD1	R	3	51	3	556
4220	7	3	48.800	  75.000	  60.000	  61.000	  44.800	  81.696	SimA1	R	4	51	2	674
4220	7	4	51.000	  80.000	  81.000	  50.370	  81.000	  42.370	AttR2	R	4	51	2	498
4220	7	5	39.783	  92.000	  38.783	  80.964	  41.783	  75.582	Fill5	R	1	50	2	968
4220	7	6	47.200	  75.000	  60.000	  59.000	  43.200	  81.944	SimA1	R	2	49	1	763
4220	7	7	97.000	  38.268	  80.000	  46.400	  58.000	  64.000	ComD1	R	4	51	2	638
4220	7	8	48.000	  75.000	  60.000	  60.000	  64.286	  56.000	SimA2	R	2	50	3	718
4220	7	9	48.800	  75.000	  60.000	  61.000	  65.357	  56.000	SimA2	R	4	50	1	635
4220	7	10	51.000	  82.000	  80.000	  52.275	  43.000	  82.000	AttR1	R	6	51	1	723
4220	7	11	52.000	  83.000	  83.000	  52.000	  45.000	  83.000	AttR1	R	5	49	2	618
4220	7	12	51.000	  82.000	  83.000	  50.386	  83.000	  41.386	AttR2	R	3	50	1	779
4220	7	13	80.000	  46.400	  58.000	  64.000	  42.667	  87.000	ComD2	R	5	51	1	590
4220	7	14	95.000	  41.737	  82.000	  48.354	  61.000	  65.000	ComD1	R	3	49	2	794
4220	7	15	61.000	  64.000	  59.000	  57.831	  64.000	  53.922	Fill3	R	4	50	1	564
4220	7	16	49.000	  83.000	  85.000	  47.847	  85.000	  40.847	AttR2	R	4	51	2	586
4220	7	17	52.757	  74.000	  50.757	  68.720	  54.757	  63.335	Fill4	R	2	49	1	557
4220	7	18	61.000	  63.000	  59.000	  58.051	  63.000	  54.286	Fill3	R	5	51	1	538
4220	7	19	76.000	  49.763	  75.000	  44.573	  77.000	  42.675	Fill2	R	2	49	1	968
4220	7	20	74.000	  49.459	  72.000	  45.139	  75.000	  43.373	Fill2	R	1	49	1	857
4220	7	21	61.000	  62.000	  60.000	  55.317	  64.000	  52.484	Fill3	R	5	51	1	1010
4220	7	22	51.932	  74.000	  49.932	  68.853	  53.932	  63.802	Fill4	R	4	50	1	1164
4220	7	23	48.000	  75.000	  60.000	  60.000	  65.455	  55.000	SimA2	R	1	49	1	1218
4220	7	24	51.000	  82.000	  80.000	  52.275	  80.000	  45.275	AttR2	R	3	49	2	892
4220	7	25	82.000	  48.354	  61.000	  65.000	  44.551	  89.000	ComD2	R	1	50	2	1612
4220	7	26	46.068	  73.000	  59.000	  57.000	  43.068	  78.085	SimA1	R	1	49	1	1294
4220	7	27	52.000	  80.000	  78.000	  53.333	  45.000	  80.000	AttR1	R	6	51	1	623
4220	7	28	39.333	  90.000	  37.333	  80.464	  40.333	  74.802	Fill5	R	2	50	3	1051
4220	7	29	77.000	  49.909	  74.000	  46.054	  78.000	  43.449	Fill2	R	5	49	2	906
4220	7	30	82.000	  45.976	  58.000	  65.000	  43.333	  87.000	ComD2	R	4	50	1	1847
4220	7	31	94.000	  41.532	  93.000	  36.903	  95.000	  36.305	Fill1	R	2	49	1	1215
4220	7	32	48.800	  75.000	  61.000	  60.000	  45.800	  79.913	SimA1	R	2	50	3	1345
4220	7	33	47.200	  75.000	  59.000	  60.000	  63.214	  56.000	SimA2	R	2	49	1	1047
4220	7	34	41.532	  94.000	  39.532	  85.501	  42.532	  78.999	Fill5	R	4	50	1	958
4220	7	35	51.000	  80.000	  80.000	  51.000	  42.000	  80.000	AttR1	R	5	49	2	884
4220	7	36	93.000	  41.323	  90.000	  38.033	  95.000	  35.558	Fill1	R	3	49	2	757
4220	7	37	50.000	  81.000	  83.000	  48.795	  43.000	  81.000	AttR1	R	4	51	2	1282
4220	7	38	60.000	  61.000	  58.000	  55.793	  63.000	  51.238	Fill3	R	4	50	1	834
4220	7	39	80.000	  46.400	  58.000	  64.000	  43.163	  86.000	ComD2	R	1	49	1	930
4220	7	40	99.000	  38.667	  81.000	  47.259	  58.000	  66.000	ComD1	R	1	51	3	767
4220	7	41	92.000	  41.109	  90.000	  37.200	  94.000	  35.840	Fill1	R	5	51	1	610
4220	7	42	94.000	  38.809	  80.000	  45.600	  57.000	  64.000	ComD1	R	5	50	3	868
4220	7	43	47.200	  75.000	  60.000	  59.000	  65.556	  54.000	SimA2	R	2	51	2	508
4220	7	44	91.000	  38.901	  89.000	  34.944	  93.000	  33.699	Fill1	R	3	50	1	786
4220	7	45	47.000	  82.000	  82.000	  47.000	  82.000	  40.000	AttR2	R	6	51	1	708
4220	7	46	76.000	  51.368	  74.000	  46.919	  77.000	  44.403	Fill2	R	1	50	2	498
4220	7	47	47.000	  82.000	  82.000	  47.000	  40.000	  82.000	AttR1	R	1	51	3	482
4220	7	48	82.000	  47.488	  59.000	  66.000	  44.250	  88.000	ComD2	R	2	49	1	1258
4220	7	49	81.000	  46.543	  58.000	  65.000	  44.353	  85.000	ComD2	R	4	50	1	665
4220	7	50	45.789	  76.000	  58.000	  60.000	  40.789	  85.316	SimA1	R	5	51	1	1361
4220	7	51	47.838	  74.000	  60.000	  59.000	  42.838	  82.637	SimA1	R	5	49	2	623
4220	7	52	49.613	  75.000	  61.000	  61.000	  65.281	  57.000	SimA2	R	2	50	3	553
4220	7	53	60.000	  60.000	  59.000	  52.814	  61.000	  52.115	Fill3	R	3	51	3	639
4220	7	54	74.000	  47.838	  71.000	  44.211	  76.000	  40.789	Fill2	R	3	50	1	831
4220	7	55	50.000	  72.000	  49.000	  65.020	  51.000	  61.725	Fill4	R	5	50	3	945
4220	7	56	48.800	  75.000	  61.000	  60.000	  65.357	  56.000	SimA2	R	2	50	3	863
4220	7	57	51.000	  82.000	  83.000	  50.386	  43.000	  82.000	AttR1	R	3	49	2	918
4220	7	58	60.000	  59.000	  57.000	  54.491	  61.000	  50.967	Fill3	R	2	49	1	868
4220	7	59	97.000	  37.526	  81.000	  44.938	  56.000	  65.000	ComD1	R	2	50	3	852
4220	7	60	51.000	  80.000	  80.000	  51.000	  80.000	  44.000	AttR2	R	6	51	1	652
4220	7	61	51.304	  69.000	  49.304	  63.179	  52.304	  58.714	Fill4	R	2	49	1	677
4220	7	62	74.000	  48.649	  73.000	  43.630	  75.000	  41.947	Fill2	R	2	50	3	564
4220	7	63	47.838	  74.000	  60.000	  59.000	  64.364	  55.000	SimA2	R	4	51	2	680
4220	7	64	49.000	  80.000	  82.000	  47.805	  40.000	  80.000	AttR1	R	5	49	2	791
4220	7	65	81.000	  47.259	  58.000	  66.000	  44.512	  86.000	ComD2	R	6	50	2	545
4220	7	66	95.000	  39.074	  81.000	  45.827	  58.000	  64.000	ComD1	R	2	50	3	823
4220	7	67	40.000	  90.000	  38.000	  80.658	  42.000	  73.357	Fill5	R	2	49	1	1122
4220	7	68	49.000	  83.000	  85.000	  47.847	  41.000	  83.000	AttR1	R	2	49	1	1334
4220	7	69	50.137	  73.000	  49.137	  64.982	  51.137	  63.398	Fill4	R	3	50	1	813
4220	7	70	48.000	  75.000	  60.000	  60.000	  44.000	  81.818	SimA1	R	6	51	1	1375
4220	7	71	80.000	  45.600	  57.000	  64.000	  43.429	  84.000	ComD2	R	3	51	3	1122
4220	7	72	41.772	  92.000	  38.772	  85.836	  43.772	  75.757	Fill5	R	1	49	1	1190
4220	7	73	48.000	  75.000	  60.000	  60.000	  43.000	  83.721	SimA1	R	3	50	1	898
4220	7	74	46.068	  73.000	  59.000	  57.000	  62.278	  54.000	SimA2	R	6	51	1	1447
4220	7	75	92.000	  39.130	  91.000	  34.253	  95.000	  32.811	Fill1	R	4	50	1	815
4220	7	76	52.000	  83.000	  83.000	  52.000	  83.000	  44.000	AttR2	R	2	51	2	1058
4220	7	77	52.000	  80.000	  78.000	  53.333	  78.000	  45.333	AttR2	R	3	50	1	1770
4220	7	78	92.000	  39.783	  90.000	  35.178	  95.000	  33.326	Fill1	R	5	51	1	788
4220	7	79	41.109	  92.000	  40.109	  80.955	  42.109	  77.442	Fill5	R	4	50	1	1278
4220	7	80	51.108	  74.000	  48.108	  68.263	  52.108	  64.424	Fill4	R	4	50	1	1991
4220	7	81	81.000	  44.938	  56.000	  65.000	  43.333	  84.000	ComD2	R	3	50	1	2002
4220	7	82	45.789	  76.000	  58.000	  60.000	  62.143	  56.000	SimA2	R	2	49	1	3532
4220	7	83	95.000	  39.684	  82.000	  45.976	  58.000	  65.000	ComD1	R	2	51	2	2498
4220	7	84	49.613	  75.000	  61.000	  61.000	  45.613	  81.577	SimA1	R	5	51	1	3726
4220	7	85	51.000	  80.000	  81.000	  50.370	  42.000	  80.000	AttR1	R	3	51	3	1036
4220	7	86	98.000	  38.469	  81.000	  46.543	  58.000	  65.000	ComD1	R	5	50	3	2028
4220	7	87	97.000	  40.144	  82.000	  47.488	  59.000	  66.000	ComD1	R	6	51	1	1295
4220	7	88	49.000	  80.000	  82.000	  47.805	  82.000	  39.805	AttR2	R	2	51	2	1103
4220	7	89	50.000	  81.000	  83.000	  48.795	  83.000	  41.795	AttR2	R	4	51	2	700
4220	7	90	47.200	  75.000	  59.000	  60.000	  42.200	  83.886	SimA1	R	3	49	2	898
4220	8	1	48.000	  82.000	  81.000	  48.593	  81.000	  39.593	AttR2	R	6	51	1	1573
4220	8	2	93.000	  38.667	  90.000	  34.778	  94.000	  33.670	Fill1	R	6	51	1	663
4220	8	3	49.000	  83.000	  81.000	  50.210	  42.000	  83.000	AttR1	R	3	50	1	528
4220	8	4	76.000	  49.763	  74.000	  45.419	  77.000	  43.000	Fill2	R	6	51	1	525
4220	8	5	40.227	  88.000	  38.227	  78.949	  41.227	  73.665	Fill5	R	2	51	2	595
4220	8	6	52.000	  81.000	  80.000	  52.650	  80.000	  43.650	AttR2	R	5	51	1	507
4220	8	7	94.000	  39.489	  81.000	  45.827	  58.000	  64.000	ComD1	R	6	49	3	852
4220	8	8	62.000	  61.000	  59.000	  57.017	  63.000	  53.000	Fill3	R	4	51	2	643
4220	8	9	49.763	  76.000	  62.000	  61.000	  46.763	  80.876	SimA1	R	2	50	3	602
4220	8	10	92.000	  39.783	  91.000	  35.044	  93.000	  35.011	Fill1	R	2	49	1	739
4220	8	11	49.944	  72.000	  62.000	  58.000	  65.382	  55.000	SimA2	R	2	51	2	786
4220	8	12	82.000	  45.976	  58.000	  65.000	  43.333	  87.000	ComD2	R	5	49	2	675
4220	8	13	49.944	  72.000	  62.000	  58.000	  45.944	  78.268	SimA1	R	5	51	1	499
4220	8	14	95.000	  39.811	  94.000	  35.585	  96.000	  34.656	Fill1	R	1	49	1	922
4220	8	15	50.000	  80.000	  82.000	  48.780	  42.000	  80.000	AttR1	R	3	50	1	662
4220	8	16	81.000	  46.444	  57.000	  66.000	  43.744	  86.000	ComD2	R	1	51	3	1248
4220	8	17	47.000	  80.000	  78.000	  48.205	  78.000	  40.205	AttR2	R	2	49	1	535
4220	8	18	50.000	  80.000	  81.000	  49.383	  42.000	  80.000	AttR1	R	5	51	1	612
4220	8	19	98.000	  38.469	  82.000	  45.976	  58.000	  65.000	ComD1	R	1	50	2	567
4220	8	20	47.685	  73.000	  59.000	  59.000	  44.685	  77.901	SimA1	R	5	51	1	890
4220	8	21	50.000	  79.000	  79.000	  50.000	  79.000	  42.000	AttR2	R	3	50	1	906
4220	8	22	81.000	  46.543	  58.000	  65.000	  44.353	  85.000	ComD2	R	5	50	3	1375
4220	8	23	49.859	  71.000	  48.859	  63.857	  50.859	  60.461	Fill4	R	3	50	1	1458
4220	8	24	83.000	  47.627	  59.000	  67.000	  44.920	  88.000	ComD2	R	2	50	3	1281
4220	8	25	81.000	  45.827	  58.000	  64.000	  42.667	  87.000	ComD2	R	3	50	1	1227
4220	8	26	53.000	  78.000	  79.000	  52.329	  46.000	  78.000	AttR1	R	4	50	1	900
4220	8	27	94.000	  40.170	  80.000	  47.200	  59.000	  64.000	ComD1	R	3	50	1	2442
4220	8	28	60.000	  61.000	  59.000	  54.034	  61.000	  53.016	Fill3	R	3	50	1	906
4220	8	29	52.000	  81.000	  80.000	  52.650	  45.000	  81.000	AttR1	R	1	49	1	2310
4220	8	30	48.857	  70.000	  47.857	  62.373	  50.857	  58.084	Fill4	R	4	50	1	852
4220	8	31	82.000	  46.683	  58.000	  66.000	  45.035	  85.000	ComD2	R	3	50	1	2380
4220	8	32	46.553	  76.000	  58.000	  61.000	  62.070	  57.000	SimA2	R	2	50	3	726
4220	8	33	75.000	  48.800	  73.000	  43.342	  76.000	  42.566	Fill2	R	2	49	1	1492
4220	8	34	53.000	  78.000	  79.000	  52.329	  79.000	  45.329	AttR2	R	3	50	1	812
4220	8	35	81.000	  46.543	  58.000	  65.000	  43.333	  87.000	ComD2	R	2	51	2	743
4220	8	36	49.000	  83.000	  81.000	  50.210	  81.000	  41.210	AttR2	R	5	51	1	939
4220	8	37	47.027	  74.000	  60.000	  58.000	  43.027	  80.879	SimA1	R	5	49	2	625
4220	8	38	97.000	  39.464	  82.000	  46.683	  58.000	  66.000	ComD1	R	6	50	2	563
4220	8	39	47.041	  74.000	  59.000	  59.000	  64.463	  54.000	SimA2	R	5	51	1	562
4220	8	40	73.000	  48.493	  71.000	  43.817	  74.000	  41.568	Fill2	R	4	50	1	646
4220	8	41	50.000	  82.000	  80.000	  51.250	  80.000	  43.250	AttR2	R	3	50	1	607
4220	8	42	92.000	  38.478	  89.000	  34.528	  95.000	  32.432	Fill1	R	4	50	1	674
4220	8	43	47.041	  74.000	  59.000	  59.000	  44.041	  79.041	SimA1	R	3	51	3	1162
4220	8	44	76.000	  46.579	  73.000	  42.767	  77.000	  39.844	Fill2	R	4	50	1	623
4220	8	45	62.000	  58.000	  60.000	  52.017	  63.000	  49.349	Fill3	R	4	50	1	922
4220	8	46	41.560	  91.000	  39.560	  82.962	  42.560	  76.409	Fill5	R	4	50	1	1159
4220	8	47	47.027	  74.000	  60.000	  58.000	  63.273	  55.000	SimA2	R	1	51	3	2940
4220	8	48	60.000	  59.000	  57.000	  54.439	  62.000	  49.903	Fill3	R	3	50	1	5801
4220	8	49	48.773	  75.000	  62.000	  59.000	  45.773	  79.916	SimA1	R	6	50	2	2452
4220	8	50	47.000	  79.000	  79.000	  47.000	  39.000	  79.000	AttR1	R	3	49	2	1372
4220	8	51	39.333	  90.000	  38.333	  78.861	  41.333	  73.210	Fill5	R	2	51	2	1199
4220	8	52	50.000	  79.000	  79.000	  50.000	  43.000	  79.000	AttR1	R	3	51	3	778
4220	8	53	46.579	  76.000	  59.000	  60.000	  64.364	  55.000	SimA2	R	1	50	2	948
4220	8	54	50.000	  80.000	  82.000	  48.780	  82.000	  40.780	AttR2	R	2	51	2	802
4220	8	55	96.000	  39.188	  81.000	  46.444	  57.000	  66.000	ComD1	R	4	49	3	580
4220	8	56	95.000	  39.000	  80.000	  46.312	  57.000	  65.000	ComD1	R	6	51	1	791
4220	8	57	98.000	  37.143	  81.000	  44.938	  56.000	  65.000	ComD1	R	5	49	2	690
4220	8	58	57.000	  60.000	  56.000	  52.607	  59.000	  50.576	Fill3	R	1	49	1	1035
4220	8	59	97.000	  38.866	  81.000	  46.543	  58.000	  65.000	ComD1	R	5	49	2	938
4220	8	60	80.000	  47.200	  59.000	  64.000	  43.402	  87.000	ComD2	R	2	51	2	646
4220	8	61	90.000	  38.000	  87.000	  34.172	  93.000	  31.462	Fill1	R	1	49	1	607
4220	8	62	100.000	  39.530	  83.000	  47.627	  59.000	  67.000	ComD1	R	4	51	2	514
4220	8	63	40.220	  91.000	  37.220	  84.203	  42.220	  74.183	Fill5	R	4	49	3	784
4220	8	64	53.268	  71.000	  52.268	  63.060	  54.268	  61.510	Fill4	R	4	50	1	706
4220	8	65	47.532	  77.000	  60.000	  61.000	  43.532	  84.075	SimA1	R	6	49	3	1054
4220	8	66	51.549	  71.000	  49.549	  64.703	  53.549	  59.571	Fill4	R	6	51	1	879
4220	8	67	47.532	  77.000	  60.000	  61.000	  65.357	  56.000	SimA2	R	3	49	2	7878
4220	8	68	48.773	  75.000	  62.000	  59.000	  66.509	  55.000	SimA2	R	5	49	2	1863
4220	8	69	95.000	  39.684	  81.000	  46.543	  58.000	  65.000	ComD1	R	1	51	3	1535
4220	8	70	49.859	  71.000	  47.859	  64.941	  50.859	  60.422	Fill4	R	5	50	3	1732
4220	8	71	73.000	  46.849	  71.000	  41.775	  74.000	  39.986	Fill2	R	1	49	1	1650
4220	8	72	59.000	  60.000	  56.000	  55.161	  62.000	  49.806	Fill3	R	5	50	3	1786
4220	8	73	52.116	  69.000	  51.116	  60.901	  53.116	  59.624	Fill4	R	3	51	3	932
4220	8	74	49.763	  76.000	  62.000	  61.000	  66.351	  57.000	SimA2	R	3	49	2	1330
4220	8	75	46.553	  76.000	  58.000	  61.000	  43.553	  81.235	SimA1	R	4	51	2	927
4220	8	76	92.000	  38.478	  91.000	  34.451	  95.000	  32.232	Fill1	R	5	51	1	796
4220	8	77	81.000	  44.938	  56.000	  65.000	  43.333	  84.000	ComD2	R	3	50	1	1135
4220	8	78	50.000	  80.000	  81.000	  49.383	  81.000	  41.383	AttR2	R	3	49	2	869
4220	8	79	80.000	  46.312	  57.000	  65.000	  43.588	  85.000	ComD2	R	4	51	2	572
4220	8	80	48.000	  82.000	  81.000	  48.593	  39.000	  82.000	AttR1	R	5	49	2	510
4220	8	81	40.864	  88.000	  39.864	  76.436	  41.864	  73.620	Fill5	R	4	50	1	1227
4220	8	82	47.685	  73.000	  59.000	  59.000	  64.463	  54.000	SimA2	R	2	49	1	847
4220	8	83	50.000	  82.000	  80.000	  51.250	  41.000	  82.000	AttR1	R	1	51	3	775
4220	8	84	47.692	  78.000	  60.000	  62.000	  44.692	  83.236	SimA1	R	3	50	1	529
4220	8	85	47.692	  78.000	  60.000	  62.000	  65.263	  57.000	SimA2	R	4	49	3	614
4220	8	86	78.000	  46.103	  76.000	  41.408	  79.000	  40.291	Fill2	R	1	51	3	682
4220	8	87	46.579	  76.000	  59.000	  60.000	  42.579	  83.140	SimA1	R	5	49	2	722
4220	8	88	47.000	  80.000	  78.000	  48.205	  38.000	  80.000	AttR1	R	2	51	2	703
4220	8	89	38.427	  89.000	  36.427	  79.721	  39.427	  73.858	Fill5	R	4	49	3	804
4220	8	90	47.000	  79.000	  79.000	  47.000	  79.000	  38.000	AttR2	R	3	50	1	767
