username: S61, Experiment time (minutes): 31
Operating system: Mac OS 10.8.5
Manufacturer: Google Pepper
Player type: PlugIn
Version: MAC 13,0,0,206

username	blkNum	trlNum	Rect1Height	Rect1Width	Rect2Height	Rect2Width	Rect3Height	Rect3Width	Effect	StimType	StimPosition	rawResp	response	RT
4355	0	1	77.000	  49.117	  74.000	  44.432	  79.000	  41.734	Fill2	R	1	51	3	14814
4355	0	2	59.000	  59.000	  58.000	  52.224	  60.000	  49.917	Fill3	R	1	49	1	13576
4355	0	3	90.000	  38.633	  88.000	  34.398	  91.000	  33.473	Fill1	R	2	49	1	6230
4355	1	1	50.000	  81.000	  82.000	  49.390	  42.000	  81.000	AttR1	R	3	50	1	9413
4355	1	2	49.986	  72.000	  48.986	  65.141	  51.986	  61.497	Fill4	R	5	51	1	3784
4355	1	3	52.000	  76.000	  74.000	  53.405	  74.000	  44.405	AttR2	R	4	51	2	6699
4355	1	4	81.000	  47.259	  58.000	  66.000	  44.512	  86.000	ComD2	R	2	49	1	30632
4355	1	5	48.800	  75.000	  61.000	  60.000	  66.545	  55.000	SimA2	R	3	51	3	2249
4355	1	6	98.000	  37.806	  82.000	  45.183	  57.000	  65.000	ComD1	R	1	50	2	3889
4355	1	7	82.000	  45.976	  58.000	  65.000	  43.837	  86.000	ComD2	R	2	49	1	3327
4355	1	8	48.635	  74.000	  61.000	  59.000	  44.635	  80.632	SimA1	R	2	51	2	5212
4355	1	9	59.000	  58.000	  56.000	  52.964	  60.000	  50.367	Fill3	R	4	50	1	3920
4355	1	10	75.000	  47.987	  72.000	  44.319	  77.000	  41.208	Fill2	R	2	50	3	3678
4355	1	11	53.014	  69.000	  50.014	  65.041	  54.014	  58.632	Fill4	R	5	51	1	1517
4355	1	12	52.000	  79.000	  77.000	  53.351	  77.000	  45.351	AttR2	R	2	51	2	3082
4355	1	13	52.000	  76.000	  74.000	  53.405	  44.000	  76.000	AttR1	R	3	50	1	1571
4355	1	14	50.000	  80.000	  80.000	  50.000	  42.000	  80.000	AttR1	R	6	50	2	11508
4355	1	15	53.000	  80.000	  81.000	  52.346	  81.000	  43.346	AttR2	R	4	51	2	14410
4355	1	16	50.690	  71.000	  49.690	  62.970	  52.690	  58.835	Fill4	R	3	50	1	4132
4355	1	17	48.325	  77.000	  61.000	  61.000	  65.281	  57.000	SimA2	R	6	50	2	2140
4355	1	18	97.000	  38.268	  80.000	  46.400	  58.000	  64.000	ComD1	R	5	51	1	2415
4355	1	19	95.000	  38.400	  79.000	  46.177	  57.000	  64.000	ComD1	R	2	51	2	2530
4355	1	20	47.685	  73.000	  59.000	  59.000	  43.685	  79.684	SimA1	R	5	49	2	2056
4355	1	21	47.838	  74.000	  59.000	  60.000	  43.838	  80.752	SimA1	R	3	50	1	1176
4355	1	22	46.579	  76.000	  59.000	  60.000	  43.579	  81.232	SimA1	R	2	50	3	1313
4355	1	23	51.240	  75.000	  63.000	  61.000	  47.240	  81.351	SimA1	R	2	50	3	1336
4355	1	24	47.355	  76.000	  59.000	  61.000	  62.052	  58.000	SimA2	R	1	51	3	1229
4355	1	25	78.000	  46.897	  76.000	  42.000	  80.000	  39.587	Fill2	R	3	50	1	3288
4355	1	26	61.000	  60.000	  59.000	  54.915	  62.000	  52.242	Fill3	R	6	51	1	7361
4355	1	27	45.627	  75.000	  58.000	  59.000	  61.107	  56.000	SimA2	R	4	50	1	4005
4355	1	28	81.000	  46.543	  58.000	  65.000	  43.837	  86.000	ComD2	R	3	49	2	5583
4355	1	29	75.000	  45.627	  73.000	  41.288	  77.000	  38.325	Fill2	R	2	49	1	1193
4355	1	30	92.000	  37.196	  89.000	  33.607	  93.000	  31.742	Fill1	R	4	50	1	3542
4355	1	31	41.101	  89.000	  39.101	  80.126	  42.101	  73.917	Fill5	R	5	51	1	1618
4355	1	32	62.000	  59.000	  60.000	  52.850	  63.000	  50.381	Fill3	R	3	50	1	1477
4355	1	33	49.000	  80.000	  81.000	  48.395	  81.000	  41.395	AttR2	R	2	51	2	1660
4355	1	34	47.838	  74.000	  59.000	  60.000	  64.364	  55.000	SimA2	R	2	49	1	1309
4355	1	35	82.000	  45.183	  57.000	  65.000	  43.081	  86.000	ComD2	R	3	49	2	906
4355	1	36	98.000	  39.796	  82.000	  47.561	  60.000	  65.000	ComD1	R	2	49	1	2448
4355	1	37	47.355	  76.000	  59.000	  61.000	  42.355	  84.972	SimA1	R	4	51	2	1272
4355	1	38	39.545	  88.000	  37.545	  79.077	  40.545	  72.388	Fill5	R	5	51	1	3112
4355	1	39	40.667	  90.000	  37.667	  83.841	  42.667	  73.852	Fill5	R	1	49	1	1247
4355	1	40	50.833	  72.000	  48.833	  64.853	  51.833	  62.045	Fill4	R	4	51	2	4372
4355	1	41	47.685	  73.000	  59.000	  59.000	  62.161	  56.000	SimA2	R	2	50	3	2623
4355	1	42	47.671	  73.000	  60.000	  58.000	  64.444	  54.000	SimA2	R	4	51	2	1298
4355	1	43	96.000	  39.875	  81.000	  47.259	  58.000	  66.000	ComD1	R	2	49	1	2072
4355	1	44	82.000	  47.561	  60.000	  65.000	  44.318	  88.000	ComD2	R	3	51	3	1336
4355	1	45	80.000	  47.125	  58.000	  65.000	  44.353	  85.000	ComD2	R	6	49	3	1460
4355	1	46	39.989	  90.000	  38.989	  78.304	  41.989	  73.734	Fill5	R	1	49	1	836
4355	1	47	46.000	  80.000	  81.000	  45.432	  39.000	  80.000	AttR1	R	2	51	2	1061
4355	1	48	53.000	  80.000	  81.000	  52.346	  45.000	  80.000	AttR1	R	4	51	2	1037
4355	1	49	92.000	  39.120	  91.000	  34.132	  95.000	  32.916	Fill1	R	2	49	1	3293
4355	1	50	49.714	  70.000	  47.714	  63.419	  50.714	  60.042	Fill4	R	1	51	3	973
4355	1	51	97.000	  38.866	  81.000	  46.543	  58.000	  65.000	ComD1	R	5	51	1	2080
4355	1	52	92.000	  39.783	  89.000	  36.315	  93.000	  34.753	Fill1	R	2	49	1	984
4355	1	53	92.000	  37.826	  91.000	  33.055	  93.000	  32.376	Fill1	R	4	50	1	1154
4355	1	54	95.000	  38.505	  92.000	  35.033	  97.000	  32.948	Fill1	R	5	51	1	897
4355	1	55	49.000	  80.000	  81.000	  48.395	  42.000	  80.000	AttR1	R	1	50	2	1415
4355	1	56	49.000	  82.000	  84.000	  47.833	  40.000	  82.000	AttR1	R	5	49	2	5890
4355	1	57	101.000	  39.050	  85.000	  46.400	  58.000	  68.000	ComD1	R	2	50	3	1257
4355	1	58	80.000	  46.400	  58.000	  64.000	  43.671	  85.000	ComD2	R	5	51	1	1545
4355	1	59	83.000	  46.120	  58.000	  66.000	  45.035	  85.000	ComD2	R	4	49	3	3575
4355	1	60	96.000	  39.271	  82.000	  45.976	  58.000	  65.000	ComD1	R	4	49	3	1986
4355	1	61	59.000	  61.000	  57.000	  55.509	  60.000	  52.300	Fill3	R	5	50	3	3685
4355	1	62	46.000	  80.000	  81.000	  45.432	  81.000	  38.432	AttR2	R	4	50	1	4797
4355	1	63	45.627	  75.000	  58.000	  59.000	  42.627	  80.278	SimA1	R	6	49	3	1952
4355	1	64	48.325	  77.000	  61.000	  61.000	  45.325	  82.097	SimA1	R	4	51	2	1565
4355	1	65	46.579	  76.000	  59.000	  60.000	  62.105	  57.000	SimA2	R	2	50	3	1519
4355	1	66	48.886	  70.000	  47.886	  62.628	  49.886	  60.037	Fill4	R	2	50	3	2556
4355	1	67	76.000	  48.158	  75.000	  42.493	  77.000	  41.351	Fill2	R	2	49	1	2537
4355	1	68	50.000	  80.000	  78.000	  51.282	  43.000	  80.000	AttR1	R	3	49	2	704
4355	1	69	48.635	  74.000	  61.000	  59.000	  66.648	  54.000	SimA2	R	3	50	1	2461
4355	1	70	75.000	  46.400	  74.000	  40.986	  76.000	  40.487	Fill2	R	1	49	1	3076
4355	1	71	95.000	  39.684	  80.000	  47.125	  58.000	  65.000	ComD1	R	1	49	1	3517
4355	1	72	60.000	  58.000	  58.000	  52.103	  63.000	  47.810	Fill3	R	3	51	3	2098
4355	1	73	50.000	  81.000	  82.000	  49.390	  82.000	  41.390	AttR2	R	6	50	2	3752
4355	1	74	79.000	  46.177	  57.000	  64.000	  43.429	  84.000	ComD2	R	6	50	2	3350
4355	1	75	59.000	  61.000	  56.000	  57.018	  61.000	  51.197	Fill3	R	6	51	1	4585
4355	1	76	85.000	  46.400	  58.000	  68.000	  46.400	  85.000	ComD2	R	2	49	1	25925
4355	1	77	48.800	  75.000	  61.000	  60.000	  45.800	  79.913	SimA1	R	2	50	3	8857
4355	1	78	38.886	  88.000	  35.886	  81.312	  40.886	  70.610	Fill5	R	3	50	1	13337
4355	1	79	50.000	  80.000	  78.000	  51.282	  78.000	  44.282	AttR2	R	5	50	3	2312
4355	1	80	49.000	  82.000	  84.000	  47.833	  84.000	  40.833	AttR2	R	2	51	2	4373
4355	1	81	51.240	  75.000	  63.000	  61.000	  66.259	  58.000	SimA2	R	6	51	1	2591
4355	1	82	52.000	  79.000	  77.000	  53.351	  43.000	  79.000	AttR1	R	2	49	1	2218
4355	1	83	97.000	  39.464	  83.000	  46.120	  58.000	  66.000	ComD1	R	4	50	1	2756
4355	1	84	73.000	  49.301	  70.000	  45.086	  76.000	  41.697	Fill2	R	5	51	1	1346
4355	1	85	39.120	  92.000	  38.120	  80.169	  41.120	  74.539	Fill5	R	4	50	1	1527
4355	1	86	92.000	  39.120	  91.000	  34.429	  94.000	  33.362	Fill1	R	3	50	1	4604
4355	1	87	49.000	  79.000	  81.000	  47.790	  81.000	  39.790	AttR2	R	1	50	2	6199
4355	1	88	47.671	  73.000	  60.000	  58.000	  43.671	  79.686	SimA1	R	3	49	2	3346
4355	1	89	49.000	  79.000	  81.000	  47.790	  42.000	  79.000	AttR1	R	1	50	2	3913
4355	1	90	50.000	  80.000	  80.000	  50.000	  80.000	  42.000	AttR2	R	5	49	2	1814
4355	2	1	47.368	  76.000	  60.000	  60.000	  42.368	  84.969	SimA1	R	5	49	2	7709
4355	2	2	39.112	  89.000	  37.112	  79.623	  40.112	  73.693	Fill5	R	4	50	1	1621
4355	2	3	95.000	  39.684	  80.000	  47.125	  58.000	  65.000	ComD1	R	5	51	1	2640
4355	2	4	48.132	  76.000	  59.000	  62.000	  63.069	  58.000	SimA2	R	3	49	2	2440
4355	2	5	47.000	  81.000	  81.000	  47.000	  81.000	  40.000	AttR2	R	5	49	2	2184
4355	2	6	49.459	  74.000	  61.000	  60.000	  46.459	  78.778	SimA1	R	2	50	3	3138
4355	2	7	38.216	  88.000	  36.216	  77.728	  40.216	  70.569	Fill5	R	4	50	1	1456
4355	2	8	81.000	  46.543	  58.000	  65.000	  43.837	  86.000	ComD2	R	5	49	2	2456
4355	2	9	47.838	  74.000	  60.000	  59.000	  43.838	  80.752	SimA1	R	3	49	2	2435
4355	2	10	53.000	  81.000	  82.000	  52.354	  46.000	  81.000	AttR1	R	6	51	1	3200
4355	2	11	59.000	  60.000	  57.000	  53.509	  60.000	  51.667	Fill3	R	5	50	3	2250
4355	2	12	90.000	  38.678	  87.000	  34.460	  91.000	  33.615	Fill1	R	5	51	1	7018
4355	2	13	52.000	  78.000	  80.000	  50.700	  80.000	  42.700	AttR2	R	5	49	2	8253
4355	2	14	61.000	  61.000	  59.000	  55.237	  63.000	  52.476	Fill3	R	5	50	3	3549
4355	2	15	80.000	  47.125	  58.000	  65.000	  43.837	  86.000	ComD2	R	3	49	2	1465
4355	2	16	49.000	  78.000	  77.000	  49.636	  41.000	  78.000	AttR1	R	2	49	1	1658
4355	2	17	79.000	  46.177	  57.000	  64.000	  42.419	  86.000	ComD2	R	5	49	2	2114
4355	2	18	49.000	  78.000	  77.000	  49.636	  77.000	  41.636	AttR2	R	4	50	1	2991
4355	2	19	90.000	  37.367	  88.000	  33.170	  92.000	  31.293	Fill1	R	4	50	1	3250
4355	2	20	92.000	  40.446	  89.000	  37.169	  95.000	  34.842	Fill1	R	2	49	1	970
4355	2	21	52.000	  79.000	  79.000	  52.000	  79.000	  44.000	AttR2	R	4	50	1	3325
4355	2	22	47.368	  76.000	  60.000	  60.000	  63.158	  57.000	SimA2	R	4	49	3	1794
4355	2	23	51.000	  80.000	  79.000	  51.646	  79.000	  42.646	AttR2	R	5	49	2	1581
4355	2	24	57.000	  59.000	  54.000	  54.037	  59.000	  48.593	Fill3	R	5	50	3	1153
4355	2	25	48.000	  78.000	  77.000	  48.623	  77.000	  39.623	AttR2	R	3	49	2	637
4355	2	26	62.000	  61.000	  61.000	  54.705	  65.000	  51.523	Fill3	R	2	49	1	1957
4355	2	27	50.000	  79.000	  81.000	  48.765	  81.000	  41.765	AttR2	R	6	51	1	3099
4355	2	28	81.000	  47.407	  60.000	  64.000	  43.146	  89.000	ComD2	R	5	49	2	6887
4355	2	29	47.532	  77.000	  60.000	  61.000	  63.103	  58.000	SimA2	R	5	51	1	1168
4355	2	30	39.775	  89.000	  38.775	  77.188	  40.775	  74.310	Fill5	R	4	50	1	1305
4355	2	31	48.132	  76.000	  59.000	  62.000	  45.132	  81.052	SimA1	R	2	51	2	1968
4355	2	32	52.000	  79.000	  79.000	  52.000	  45.000	  79.000	AttR1	R	3	49	2	7434
4355	2	33	96.000	  39.948	  81.000	  47.346	  59.000	  65.000	ComD1	R	3	49	2	4491
4355	2	34	49.282	  78.000	  62.000	  62.000	  45.282	  84.890	SimA1	R	5	49	2	2321
4355	2	35	47.000	  81.000	  81.000	  47.000	  38.000	  81.000	AttR1	R	2	51	2	1377
4355	2	36	51.000	  80.000	  79.000	  51.646	  44.000	  80.000	AttR1	R	5	49	2	874
4355	2	37	53.000	  81.000	  82.000	  52.354	  82.000	  44.354	AttR2	R	2	49	1	626
4355	2	38	47.368	  76.000	  60.000	  60.000	  42.368	  84.969	SimA1	R	3	49	2	1037
4355	2	39	81.000	  46.543	  58.000	  65.000	  43.333	  87.000	ComD2	R	4	51	2	925
4355	2	40	49.000	  78.000	  77.000	  49.636	  77.000	  40.636	AttR2	R	4	50	1	3274
4355	2	41	76.000	  49.763	  73.000	  45.479	  77.000	  43.532	Fill2	R	1	49	1	2802
4355	2	42	37.753	  89.000	  36.753	  77.028	  39.753	  71.919	Fill5	R	3	50	1	3701
4355	2	43	95.000	  40.421	  81.000	  47.407	  60.000	  64.000	ComD1	R	2	50	3	1795
4355	2	44	91.000	  38.901	  89.000	  34.742	  92.000	  33.957	Fill1	R	3	51	3	2573
4355	2	45	84.000	  46.262	  58.000	  67.000	  45.718	  85.000	ComD2	R	4	51	2	4352
4355	2	46	96.000	  39.271	  81.000	  46.543	  58.000	  65.000	ComD1	R	4	49	3	1781
4355	2	47	52.528	  72.000	  51.528	  64.354	  54.528	  61.272	Fill4	R	3	50	1	1081
4355	2	48	47.838	  74.000	  60.000	  59.000	  63.214	  56.000	SimA2	R	4	51	2	960
4355	2	49	47.200	  75.000	  59.000	  60.000	  64.364	  55.000	SimA2	R	5	49	2	836
4355	2	50	96.000	  39.333	  80.000	  47.200	  59.000	  64.000	ComD1	R	3	51	3	981
4355	2	51	47.811	  74.000	  61.000	  58.000	  42.811	  82.643	SimA1	R	6	50	2	832
4355	2	52	48.739	  69.000	  46.739	  62.432	  50.739	  57.037	Fill4	R	3	51	3	1376
4355	2	53	59.000	  59.000	  58.000	  52.103	  61.000	  50.098	Fill3	R	4	49	3	1602
4355	2	54	49.282	  78.000	  62.000	  62.000	  65.153	  59.000	SimA2	R	5	50	3	1581
4355	2	55	48.325	  77.000	  61.000	  61.000	  43.325	  85.886	SimA1	R	2	49	1	1568
4355	2	56	52.000	  78.000	  80.000	  50.700	  45.000	  78.000	AttR1	R	5	49	2	970
4355	2	57	82.000	  45.878	  57.000	  66.000	  44.786	  84.000	ComD2	R	2	51	2	1173
4355	2	58	77.000	  48.325	  75.000	  44.267	  79.000	  41.278	Fill2	R	5	49	2	5224
4355	2	59	75.000	  46.413	  73.000	  42.192	  76.000	  40.118	Fill2	R	5	49	2	1362
4355	2	60	47.811	  74.000	  61.000	  58.000	  64.327	  55.000	SimA2	R	5	49	2	720
4355	2	61	50.000	  79.000	  81.000	  48.765	  41.000	  79.000	AttR1	R	3	50	1	837
4355	2	62	50.973	  73.000	  47.973	  67.351	  51.973	  62.822	Fill4	R	3	50	1	2005
4355	2	63	89.000	  37.753	  87.000	  33.448	  92.000	  31.891	Fill1	R	3	51	3	1840
4355	2	64	96.000	  39.188	  82.000	  45.878	  57.000	  66.000	ComD1	R	5	49	2	2439
4355	2	65	73.000	  48.493	  70.000	  44.571	  76.000	  40.066	Fill2	R	3	50	1	1279
4355	2	66	47.200	  75.000	  59.000	  60.000	  42.200	  83.886	SimA1	R	4	51	2	1232
4355	2	67	47.368	  76.000	  60.000	  60.000	  64.286	  56.000	SimA2	R	2	49	1	655
4355	2	68	48.325	  77.000	  61.000	  61.000	  64.155	  58.000	SimA2	R	6	51	1	1152
4355	2	69	47.532	  77.000	  60.000	  61.000	  42.532	  86.052	SimA1	R	2	51	2	925
4355	2	70	49.000	  78.000	  77.000	  49.636	  42.000	  78.000	AttR1	R	2	49	1	810
4355	2	71	49.000	  79.000	  77.000	  50.273	  40.000	  79.000	AttR1	R	4	50	1	1021
4355	2	72	49.459	  74.000	  61.000	  60.000	  64.211	  57.000	SimA2	R	5	50	3	1248
4355	2	73	71.000	  47.324	  68.000	  43.132	  73.000	  40.164	Fill2	R	3	50	1	1544
4355	2	74	94.000	  40.234	  91.000	  37.154	  95.000	  35.232	Fill1	R	5	49	2	2477
4355	2	75	95.000	  39.684	  81.000	  46.543	  58.000	  65.000	ComD1	R	2	51	2	613
4355	2	76	48.000	  78.000	  77.000	  48.623	  40.000	  78.000	AttR1	R	4	50	1	361
4355	2	77	49.859	  71.000	  48.859	  64.000	  50.859	  61.739	Fill4	R	2	49	1	1606
4355	2	78	80.000	  47.200	  59.000	  64.000	  43.402	  87.000	ComD2	R	3	49	2	960
4355	2	79	98.000	  39.735	  81.000	  48.074	  59.000	  66.000	ComD1	R	5	49	2	749
4355	2	80	40.890	  91.000	  39.890	  80.747	  42.890	  74.563	Fill5	R	4	50	1	307
4355	2	81	81.000	  48.074	  59.000	  66.000	  44.759	  87.000	ComD2	R	3	51	3	848
4355	2	82	56.000	  60.000	  53.000	  54.340	  59.000	  49.763	Fill3	R	6	49	3	1103
4355	2	83	46.667	  72.000	  43.667	  67.328	  48.667	  59.630	Fill4	R	2	49	1	1957
4355	2	84	49.028	  71.000	  48.028	  62.172	  50.028	  59.606	Fill4	R	4	50	1	721
4355	2	85	41.109	  92.000	  40.109	  80.606	  43.109	  75.112	Fill5	R	3	50	1	1336
4355	2	86	81.000	  47.346	  59.000	  65.000	  43.580	  88.000	ComD2	R	2	49	1	1685
4355	2	87	94.000	  38.809	  79.000	  46.177	  57.000	  64.000	ComD1	R	5	50	3	1444
4355	2	88	100.000	  38.860	  84.000	  46.262	  58.000	  67.000	ComD1	R	3	51	3	1252
4355	2	89	71.000	  47.366	  70.000	  41.714	  72.000	  40.444	Fill2	R	6	51	1	2013
4355	2	90	49.000	  79.000	  77.000	  50.273	  77.000	  42.273	AttR2	R	2	49	1	2351
4355	3	1	95.000	  38.463	  80.000	  45.675	  58.000	  63.000	ComD1	R	5	50	3	2445
4355	3	2	50.000	  77.000	  79.000	  48.734	  41.000	  77.000	AttR1	R	3	49	2	681
4355	3	3	81.000	  47.259	  58.000	  66.000	  45.035	  85.000	ComD2	R	3	49	2	1968
4355	3	4	81.000	  47.346	  59.000	  65.000	  44.593	  86.000	ComD2	R	2	50	3	1307
4355	3	5	50.000	  78.000	  77.000	  50.649	  77.000	  41.649	AttR2	R	4	50	1	1088
4355	3	6	80.000	  45.600	  57.000	  64.000	  42.419	  86.000	ComD2	R	2	51	2	705
4355	3	7	49.613	  75.000	  61.000	  61.000	  65.281	  57.000	SimA2	R	4	49	3	894
4355	3	8	51.000	  82.000	  84.000	  49.786	  42.000	  82.000	AttR1	R	2	50	3	228
4355	3	9	97.000	  39.464	  83.000	  46.120	  58.000	  66.000	ComD1	R	1	51	3	71
4355	3	10	62.000	  58.000	  61.000	  52.066	  64.000	  48.766	Fill3	R	1	51	3	183
4355	3	11	80.000	  46.400	  58.000	  64.000	  43.671	  85.000	ComD2	R	3	50	1	113
4355	3	12	50.449	  69.000	  48.449	  61.570	  51.449	  59.748	Fill4	R	2	49	1	32
4355	3	13	100.000	  39.530	  82.000	  48.207	  59.000	  67.000	ComD1	R	2	50	3	1433
4355	3	14	51.000	  79.000	  81.000	  49.741	  43.000	  79.000	AttR1	R	5	51	1	1322
4355	3	15	47.838	  74.000	  59.000	  60.000	  63.214	  56.000	SimA2	R	5	51	1	1487
4355	3	16	41.568	  88.000	  39.568	  79.660	  43.568	  72.438	Fill5	R	2	49	1	1896
4355	3	17	75.000	  46.413	  73.000	  41.795	  76.000	  40.408	Fill2	R	5	51	1	5824
4355	3	18	51.000	  82.000	  84.000	  49.786	  84.000	  40.786	AttR2	R	2	49	1	1290
4355	3	19	91.000	  36.967	  90.000	  32.867	  93.000	  31.022	Fill1	R	5	50	3	1738
4355	3	20	96.000	  38.667	  80.000	  46.400	  58.000	  64.000	ComD1	R	1	49	1	1832
4355	3	21	59.000	  59.000	  57.000	  52.632	  62.000	  48.435	Fill3	R	6	49	3	1656
4355	3	22	38.227	  88.000	  36.227	  77.870	  40.227	  70.947	Fill5	R	1	49	1	2039
4355	3	23	49.613	  75.000	  61.000	  61.000	  65.281	  57.000	SimA2	R	2	49	1	1960
4355	3	24	96.000	  38.000	  80.000	  45.600	  57.000	  64.000	ComD1	R	4	49	3	1308
4355	3	25	59.000	  59.000	  56.000	  53.464	  61.000	  49.803	Fill3	R	4	50	1	3153
4355	3	26	47.838	  74.000	  59.000	  60.000	  42.838	  82.637	SimA1	R	5	50	3	1823
4355	3	27	49.000	  78.000	  79.000	  48.380	  42.000	  78.000	AttR1	R	5	51	1	1690
4355	3	28	80.000	  45.675	  58.000	  63.000	  42.488	  86.000	ComD2	R	1	49	1	914
4355	3	29	48.000	  75.000	  60.000	  60.000	  64.286	  56.000	SimA2	R	2	49	1	2680
4355	3	30	75.000	  46.413	  74.000	  40.311	  78.000	  38.641	Fill2	R	6	51	1	1600
4355	3	31	51.000	  79.000	  81.000	  49.741	  81.000	  41.741	AttR2	R	2	49	1	1362
4355	3	32	48.635	  74.000	  61.000	  59.000	  65.436	  55.000	SimA2	R	2	49	1	2944
4355	3	33	48.000	  75.000	  60.000	  60.000	  43.000	  83.721	SimA1	R	4	51	2	1966
4355	3	34	52.116	  69.000	  50.116	  62.834	  54.116	  58.874	Fill4	R	3	50	1	2272
4355	3	35	40.198	  91.000	  37.198	  84.199	  41.198	  76.096	Fill5	R	3	50	1	1759
4355	3	36	50.449	  69.000	  48.449	  61.652	  51.449	  57.979	Fill4	R	4	50	1	1269
4355	3	37	49.000	  80.000	  81.000	  48.395	  81.000	  40.395	AttR2	R	6	50	2	1053
4355	3	38	52.257	  70.000	  49.257	  64.965	  54.257	  59.826	Fill4	R	5	51	1	1342
4355	3	39	39.112	  89.000	  38.112	  77.245	  40.112	  74.142	Fill5	R	4	50	1	1026
4355	3	40	98.000	  38.469	  82.000	  45.976	  58.000	  65.000	ComD1	R	3	51	3	1613
4355	3	41	96.000	  39.875	  81.000	  47.259	  58.000	  66.000	ComD1	R	4	50	1	656
4355	3	42	50.000	  78.000	  77.000	  50.649	  41.000	  78.000	AttR1	R	6	50	2	903
4355	3	43	49.613	  75.000	  61.000	  61.000	  45.613	  81.577	SimA1	R	3	49	2	557
4355	3	44	51.000	  79.000	  81.000	  49.741	  81.000	  42.741	AttR2	R	2	51	2	1177
4355	3	45	91.000	  40.198	  88.000	  36.841	  94.000	  34.532	Fill1	R	2	49	1	1461
4355	3	46	50.000	  80.000	  79.000	  50.633	  79.000	  43.633	AttR2	R	5	51	1	1765
4355	3	47	47.838	  74.000	  60.000	  59.000	  64.364	  55.000	SimA2	R	5	50	3	2466
4355	3	48	59.000	  62.000	  56.000	  57.482	  61.000	  52.164	Fill3	R	2	49	1	1122
4355	3	49	48.649	  74.000	  60.000	  60.000	  63.158	  57.000	SimA2	R	3	51	3	2488
4355	3	50	47.838	  74.000	  60.000	  59.000	  43.838	  80.752	SimA1	R	5	49	2	1808
4355	3	51	48.635	  74.000	  61.000	  59.000	  43.635	  82.479	SimA1	R	4	51	2	1154
4355	3	52	94.000	  38.809	  79.000	  46.177	  57.000	  64.000	ComD1	R	5	51	1	1103
4355	3	53	82.000	  45.976	  58.000	  65.000	  43.333	  87.000	ComD2	R	3	50	1	676
4355	3	54	81.000	  47.346	  59.000	  65.000	  43.580	  88.000	ComD2	R	2	51	2	877
4355	3	55	62.000	  59.000	  59.000	  55.136	  63.000	  51.111	Fill3	R	4	49	3	692
4355	3	56	39.557	  88.000	  38.557	  76.044	  41.557	  70.674	Fill5	R	1	49	1	780
4355	3	57	48.649	  74.000	  60.000	  60.000	  45.649	  78.863	SimA1	R	2	49	1	1767
4355	3	58	49.000	  78.000	  79.000	  48.380	  79.000	  40.380	AttR2	R	2	49	1	1585
4355	3	59	82.000	  48.207	  59.000	  67.000	  45.965	  86.000	ComD2	R	3	51	3	2972
4355	3	60	58.000	  58.000	  55.000	  53.818	  60.000	  48.300	Fill3	R	4	50	1	3255
4355	3	61	48.800	  75.000	  61.000	  60.000	  65.357	  56.000	SimA2	R	1	49	1	1927
4355	3	62	50.110	  73.000	  48.110	  65.954	  52.110	  61.908	Fill4	R	4	49	3	1941
4355	3	63	48.800	  75.000	  61.000	  60.000	  44.800	  81.696	SimA1	R	5	50	3	2747
4355	3	64	51.000	  79.000	  81.000	  49.741	  44.000	  79.000	AttR1	R	5	49	2	2264
4355	3	65	77.000	  46.701	  75.000	  41.693	  80.000	  38.987	Fill2	R	1	49	1	1112
4355	3	66	83.000	  46.120	  58.000	  66.000	  44.512	  86.000	ComD2	R	3	49	2	1766
4355	3	67	50.000	  82.000	  84.000	  48.810	  84.000	  40.810	AttR2	R	5	49	2	1407
4355	3	68	95.000	  37.853	  93.000	  33.925	  97.000	  32.619	Fill1	R	4	50	1	1513
4355	3	69	46.579	  76.000	  59.000	  60.000	  62.105	  57.000	SimA2	R	5	51	1	1752
4355	3	70	49.000	  80.000	  82.000	  47.805	  42.000	  80.000	AttR1	R	4	50	1	1380
4355	3	71	73.000	  46.082	  70.000	  41.586	  76.000	  38.303	Fill2	R	3	50	1	656
4355	3	72	92.000	  37.837	  89.000	  34.416	  94.000	  32.415	Fill1	R	1	49	1	1456
4355	3	73	49.000	  80.000	  82.000	  47.805	  82.000	  38.805	AttR2	R	4	49	3	1456
4355	3	74	50.000	  80.000	  79.000	  50.633	  43.000	  80.000	AttR1	R	2	49	1	1279
4355	3	75	49.613	  75.000	  61.000	  61.000	  44.613	  83.406	SimA1	R	3	51	3	832
4355	3	76	40.404	  89.000	  38.404	  80.459	  41.404	  74.412	Fill5	R	4	49	3	506
4355	3	77	50.000	  82.000	  84.000	  48.810	  43.000	  82.000	AttR1	R	2	50	3	776
4355	3	78	95.000	  40.368	  81.000	  47.346	  59.000	  65.000	ComD1	R	5	49	2	786
4355	3	79	48.000	  75.000	  60.000	  60.000	  43.000	  83.721	SimA1	R	5	51	1	1909
4355	3	80	46.579	  76.000	  59.000	  60.000	  43.579	  81.232	SimA1	R	2	49	1	578
4355	3	81	48.000	  75.000	  60.000	  60.000	  63.158	  57.000	SimA2	R	2	50	3	709
4355	3	82	75.000	  48.773	  73.000	  44.027	  77.000	  41.805	Fill2	R	4	49	3	755
4355	3	83	94.000	  38.915	  92.000	  35.293	  96.000	  33.385	Fill1	R	4	50	1	560
4355	3	84	95.000	  40.368	  81.000	  47.346	  59.000	  65.000	ComD1	R	4	50	1	1045
4355	3	85	49.471	  68.000	  46.471	  63.309	  50.471	  57.836	Fill4	R	3	49	2	1253
4355	3	86	50.000	  77.000	  79.000	  48.734	  79.000	  40.734	AttR2	R	4	49	3	2262
4355	3	87	92.000	  37.837	  89.000	  34.225	  95.000	  31.589	Fill1	R	1	49	1	2044
4355	3	88	49.000	  80.000	  81.000	  48.395	  40.000	  80.000	AttR1	R	4	50	1	1228
4355	3	89	77.000	  47.506	  74.000	  43.176	  78.000	  41.551	Fill2	R	3	50	1	1456
4355	3	90	79.000	  46.177	  57.000	  64.000	  43.429	  84.000	ComD2	R	3	50	1	2392
4355	4	1	47.200	  75.000	  59.000	  60.000	  43.200	  81.944	SimA1	R	5	49	2	4309
4355	4	2	51.000	  83.000	  82.000	  51.622	  43.000	  83.000	AttR1	R	2	51	2	1899
4355	4	3	60.000	  61.000	  59.000	  54.661	  61.000	  52.639	Fill3	R	2	49	1	1970
4355	4	4	52.000	  81.000	  81.000	  52.000	  44.000	  81.000	AttR1	R	3	49	2	1893
4355	4	5	49.613	  75.000	  61.000	  61.000	  46.613	  79.827	SimA1	R	2	51	2	1637
4355	4	6	46.413	  75.000	  59.000	  59.000	  64.463	  54.000	SimA2	R	3	50	1	2109
4355	4	7	52.000	  81.000	  81.000	  52.000	  81.000	  43.000	AttR2	R	6	50	2	625
4355	4	8	46.740	  77.000	  59.000	  61.000	  64.268	  56.000	SimA2	R	2	49	1	860
4355	4	9	39.333	  90.000	  37.333	  80.116	  40.333	  74.826	Fill5	R	1	49	1	1493
4355	4	10	80.000	  47.125	  58.000	  65.000	  43.837	  86.000	ComD2	R	1	50	2	1629
4355	4	11	52.286	  70.000	  51.286	  61.869	  54.286	  59.887	Fill4	R	4	50	1	2704
4355	4	12	94.000	  38.809	  80.000	  45.600	  57.000	  64.000	ComD1	R	5	51	1	2469
4355	4	13	47.838	  74.000	  60.000	  59.000	  42.838	  82.637	SimA1	R	3	49	2	5709
4355	4	14	93.000	  40.667	  91.000	  36.725	  96.000	  34.562	Fill1	R	2	50	3	3322
4355	4	15	50.000	  79.000	  80.000	  49.375	  43.000	  79.000	AttR1	R	5	50	3	2024
4355	4	16	50.000	  81.000	  80.000	  50.625	  42.000	  81.000	AttR1	R	5	49	2	683
4355	4	17	82.000	  46.683	  58.000	  66.000	  44.000	  87.000	ComD2	R	5	49	2	594
4355	4	18	47.685	  73.000	  59.000	  59.000	  62.161	  56.000	SimA2	R	4	49	3	653
4355	4	19	80.000	  46.312	  57.000	  65.000	  44.107	  84.000	ComD2	R	6	50	2	1084
4355	4	20	47.987	  75.000	  61.000	  59.000	  44.987	  80.001	SimA1	R	5	49	2	709
4355	4	21	97.000	  38.268	  80.000	  46.400	  58.000	  64.000	ComD1	R	4	50	1	451
4355	4	22	92.000	  39.783	  91.000	  35.736	  95.000	  33.453	Fill1	R	2	50	3	5186
4355	4	23	40.667	  93.000	  37.667	  86.310	  42.667	  76.430	Fill5	R	4	50	1	1068
4355	4	24	92.000	  39.783	  90.000	  35.644	  93.000	  34.817	Fill1	R	5	51	1	1885
4355	4	25	75.000	  48.800	  73.000	  43.740	  76.000	  41.632	Fill2	R	3	50	1	1837
4355	4	26	39.783	  92.000	  36.783	  85.611	  40.783	  76.528	Fill5	R	1	49	1	981
4355	4	27	51.000	  83.000	  82.000	  51.622	  82.000	  42.622	AttR2	R	3	50	1	2568
4355	4	28	80.000	  46.400	  58.000	  64.000	  43.163	  86.000	ComD2	R	5	49	2	1579
4355	4	29	93.000	  38.065	  91.000	  34.242	  96.000	  31.958	Fill1	R	6	49	3	894
4355	4	30	46.413	  75.000	  59.000	  59.000	  41.413	  84.055	SimA1	R	5	49	2	1174
4355	4	31	50.833	  72.000	  48.833	  65.283	  52.833	  61.174	Fill4	R	4	50	1	1138
4355	4	32	48.000	  81.000	  81.000	  48.000	  81.000	  39.000	AttR2	R	3	50	1	5197
4355	4	33	90.000	  38.678	  87.000	  35.092	  91.000	  33.626	Fill1	R	3	50	1	2407
4355	4	34	47.838	  74.000	  60.000	  59.000	  65.556	  54.000	SimA2	R	4	49	3	1249
4355	4	35	50.833	  72.000	  47.833	  66.711	  51.833	  61.968	Fill4	R	3	50	1	537
4355	4	36	48.158	  76.000	  60.000	  61.000	  44.158	  82.884	SimA1	R	3	50	1	583
4355	4	37	80.000	  45.600	  57.000	  64.000	  42.918	  85.000	ComD2	R	4	51	2	2330
4355	4	38	76.000	  46.579	  75.000	  41.733	  78.000	  40.192	Fill2	R	3	50	1	2664
4355	4	39	76.000	  48.158	  73.000	  44.205	  77.000	  41.714	Fill2	R	2	49	1	2520
4355	4	40	96.000	  40.625	  81.000	  48.148	  60.000	  65.000	ComD1	R	4	49	3	1853
4355	4	41	51.304	  69.000	  48.304	  65.005	  53.304	  57.631	Fill4	R	5	49	2	1269
4355	4	42	49.000	  80.000	  81.000	  48.395	  41.000	  80.000	AttR1	R	3	49	2	2205
4355	4	43	82.000	  45.183	  57.000	  65.000	  43.588	  85.000	ComD2	R	4	51	2	1656
4355	4	44	60.000	  59.000	  58.000	  53.362	  63.000	  49.429	Fill3	R	3	51	3	1817
4355	4	45	96.000	  38.594	  80.000	  46.312	  57.000	  65.000	ComD1	R	5	49	2	882
4355	4	46	40.220	  91.000	  37.220	  84.632	  41.220	  76.517	Fill5	R	1	49	1	962
4355	4	47	76.000	  49.763	  74.000	  45.257	  77.000	  43.208	Fill2	R	5	51	1	3223
4355	4	48	97.000	  38.866	  82.000	  45.976	  58.000	  65.000	ComD1	R	3	51	3	3834
4355	4	49	49.000	  80.000	  81.000	  48.395	  81.000	  39.395	AttR2	R	2	49	1	1258
4355	4	50	91.000	  40.220	  88.000	  35.920	  92.000	  35.315	Fill1	R	3	50	1	1201
4355	4	51	96.000	  39.875	  82.000	  46.683	  58.000	  66.000	ComD1	R	4	49	3	869
4355	4	52	49.000	  80.000	  80.000	  49.000	  80.000	  42.000	AttR2	R	5	49	2	1693
4355	4	53	48.961	  76.000	  61.000	  61.000	  66.446	  56.000	SimA2	R	2	50	3	1349
4355	4	54	49.729	  70.000	  47.729	  64.259	  51.729	  58.807	Fill4	R	1	49	1	930
4355	4	55	47.987	  75.000	  61.000	  59.000	  64.268	  56.000	SimA2	R	2	49	1	1936
4355	4	56	50.000	  81.000	  80.000	  50.625	  80.000	  42.625	AttR2	R	3	50	1	1894
4355	4	57	82.000	  47.488	  59.000	  66.000	  44.759	  87.000	ComD2	R	5	49	2	814
4355	4	58	96.000	  38.594	  82.000	  45.183	  57.000	  65.000	ComD1	R	6	49	3	752
4355	4	59	80.000	  46.312	  57.000	  65.000	  43.588	  85.000	ComD2	R	3	50	1	1053
4355	4	60	40.667	  90.000	  39.667	  78.782	  42.667	  73.711	Fill5	R	2	49	1	1477
4355	4	61	81.000	  48.148	  60.000	  65.000	  43.820	  89.000	ComD2	R	1	49	1	1517
4355	4	62	47.685	  73.000	  59.000	  59.000	  44.685	  77.901	SimA1	R	3	49	2	1634
4355	4	63	49.000	  80.000	  81.000	  48.395	  42.000	  80.000	AttR1	R	4	50	1	833
4355	4	64	82.000	  45.976	  58.000	  65.000	  43.333	  87.000	ComD2	R	4	50	1	585
4355	4	65	48.000	  82.000	  84.000	  46.857	  41.000	  82.000	AttR1	R	2	49	1	1748
4355	4	66	48.000	  81.000	  81.000	  48.000	  41.000	  81.000	AttR1	R	5	49	2	658
4355	4	67	97.000	  40.144	  82.000	  47.488	  59.000	  66.000	ComD1	R	3	49	2	79
4355	4	68	51.000	  80.000	  78.000	  52.308	  78.000	  43.308	AttR2	R	3	49	2	1390
4355	4	69	95.000	  39.684	  80.000	  47.125	  58.000	  65.000	ComD1	R	6	50	2	924
4355	4	70	49.000	  80.000	  81.000	  48.395	  81.000	  40.395	AttR2	R	2	49	1	1978
4355	4	71	46.740	  77.000	  59.000	  61.000	  41.740	  86.224	SimA1	R	5	49	2	565
4355	4	72	60.000	  61.000	  58.000	  55.155	  61.000	  52.393	Fill3	R	4	50	1	863
4355	4	73	73.000	  47.685	  72.000	  42.264	  74.000	  40.581	Fill2	R	4	50	1	1599
4355	4	74	48.000	  82.000	  84.000	  46.857	  84.000	  38.857	AttR2	R	3	50	1	737
4355	4	75	59.000	  59.000	  56.000	  54.089	  60.000	  50.433	Fill3	R	2	49	1	2816
4355	4	76	49.000	  80.000	  80.000	  49.000	  41.000	  80.000	AttR1	R	3	51	3	1610
4355	4	77	48.595	  74.000	  62.000	  58.000	  66.593	  54.000	SimA2	R	5	49	2	2485
4355	4	78	49.613	  75.000	  61.000	  61.000	  64.155	  58.000	SimA2	R	4	50	1	1709
4355	4	79	76.000	  48.158	  74.000	  42.797	  79.000	  40.658	Fill2	R	3	50	1	2419
4355	4	80	51.000	  80.000	  78.000	  52.308	  42.000	  80.000	AttR1	R	5	50	3	926
4355	4	81	50.000	  79.000	  80.000	  49.375	  80.000	  41.375	AttR2	R	5	49	2	787
4355	4	82	61.000	  60.000	  60.000	  53.317	  64.000	  49.797	Fill3	R	3	50	1	1580
4355	4	83	48.158	  76.000	  60.000	  61.000	  63.103	  58.000	SimA2	R	6	51	1	1760
4355	4	84	48.595	  74.000	  62.000	  58.000	  45.595	  78.869	SimA1	R	4	49	3	1812
4355	4	85	51.108	  74.000	  49.108	  68.848	  52.108	  64.232	Fill4	R	1	49	1	976
4355	4	86	39.557	  88.000	  38.557	  76.044	  41.557	  71.589	Fill5	R	2	49	1	1186
4355	4	87	61.000	  62.000	  60.000	  55.233	  64.000	  52.469	Fill3	R	2	50	3	1885
4355	4	88	47.200	  75.000	  59.000	  60.000	  63.214	  56.000	SimA2	R	3	50	1	1205
4355	4	89	48.961	  76.000	  61.000	  61.000	  45.961	  80.961	SimA1	R	6	50	2	688
4355	4	90	97.000	  38.196	  80.000	  46.312	  57.000	  65.000	ComD1	R	1	50	2	3320
4355	5	1	53.014	  69.000	  52.014	  61.906	  55.014	  58.366	Fill4	R	5	49	2	7661
4355	5	2	47.838	  74.000	  60.000	  59.000	  64.364	  55.000	SimA2	R	5	49	2	2207
4355	5	3	48.158	  76.000	  61.000	  60.000	  45.158	  81.049	SimA1	R	2	51	2	3033
4355	5	4	50.000	  79.000	  80.000	  49.375	  80.000	  40.375	AttR2	R	3	49	2	905
4355	5	5	47.200	  75.000	  60.000	  59.000	  65.556	  54.000	SimA2	R	5	50	3	1631
4355	5	6	82.000	  45.878	  57.000	  66.000	  44.786	  84.000	ComD2	R	4	50	1	1056
4355	5	7	50.077	  78.000	  62.000	  63.000	  67.345	  58.000	SimA2	R	2	51	2	520
4355	5	8	51.000	  79.000	  80.000	  50.362	  42.000	  79.000	AttR1	R	2	49	1	309
4355	5	9	48.800	  75.000	  60.000	  61.000	  43.800	  83.562	SimA1	R	1	50	2	130
4355	5	10	40.449	  89.000	  37.449	  82.511	  42.449	  72.557	Fill5	R	3	50	1	591
4355	5	11	91.000	  39.560	  88.000	  35.784	  94.000	  33.457	Fill1	R	5	49	2	178
4355	5	12	52.159	  69.000	  50.159	  63.637	  54.159	  58.863	Fill4	R	4	49	3	268
4355	5	13	99.000	  38.667	  83.000	  46.120	  58.000	  66.000	ComD1	R	6	51	1	133
4355	5	14	97.000	  40.144	  82.000	  47.488	  59.000	  66.000	ComD1	R	2	50	3	186
4355	5	15	81.000	  46.543	  58.000	  65.000	  44.353	  85.000	ComD2	R	1	51	3	805
4355	5	16	50.077	  78.000	  62.000	  63.000	  47.077	  82.971	SimA1	R	4	51	2	368
4355	5	17	71.000	  48.169	  70.000	  42.700	  74.000	  39.554	Fill2	R	3	50	1	1146
4355	5	18	94.000	  38.936	  91.000	  35.670	  97.000	  32.701	Fill1	R	3	49	2	784
4355	5	19	50.110	  73.000	  62.000	  59.000	  65.321	  56.000	SimA2	R	2	50	3	1090
4355	5	20	59.000	  59.000	  57.000	  53.754	  61.000	  49.180	Fill3	R	3	50	1	786
4355	5	21	50.000	  72.000	  48.000	  65.875	  51.000	  60.863	Fill4	R	5	51	1	2725
4355	5	22	77.000	  47.506	  75.000	  42.907	  80.000	  40.487	Fill2	R	2	50	3	2385
4355	5	23	49.028	  71.000	  46.028	  65.373	  50.028	  61.325	Fill4	R	3	50	1	725
4355	5	24	54.000	  82.000	  80.000	  55.350	  47.000	  82.000	AttR1	R	2	51	2	1450
4355	5	25	76.000	  47.355	  74.000	  43.189	  78.000	  40.795	Fill2	R	6	49	3	530
4355	5	26	50.000	  81.000	  83.000	  48.795	  43.000	  81.000	AttR1	R	2	49	1	1000
4355	5	27	75.000	  48.000	  74.000	  43.189	  76.000	  41.303	Fill2	R	5	51	1	2618
4355	5	28	48.800	  75.000	  60.000	  61.000	  63.103	  58.000	SimA2	R	5	50	3	4316
4355	5	29	51.000	  82.000	  82.000	  51.000	  82.000	  42.000	AttR2	R	1	49	1	1282
4355	5	30	47.200	  75.000	  60.000	  59.000	  44.200	  80.090	SimA1	R	5	50	3	1867
4355	5	31	57.000	  60.000	  55.000	  54.145	  60.000	  50.067	Fill3	R	2	49	1	1042
4355	5	32	50.000	  78.000	  79.000	  49.367	  43.000	  78.000	AttR1	R	6	50	2	1314
4355	5	33	97.000	  37.608	  80.000	  45.600	  57.000	  64.000	ComD1	R	1	49	1	737
4355	5	34	51.000	  79.000	  80.000	  50.362	  80.000	  41.362	AttR2	R	4	49	3	1285
4355	5	35	46.413	  75.000	  59.000	  59.000	  42.413	  82.073	SimA1	R	3	49	2	1165
4355	5	36	39.112	  89.000	  38.112	  77.088	  41.112	  72.338	Fill5	R	5	51	1	1465
4355	5	37	82.000	  45.183	  57.000	  65.000	  44.107	  84.000	ComD2	R	3	49	2	1729
4355	5	38	83.000	  45.325	  57.000	  66.000	  44.786	  84.000	ComD2	R	1	49	1	655
4355	5	39	50.000	  80.000	  80.000	  50.000	  42.000	  80.000	AttR1	R	3	49	2	768
4355	5	40	46.877	  73.000	  58.000	  59.000	  41.877	  81.716	SimA1	R	2	50	3	1881
4355	5	41	61.000	  59.000	  59.000	  52.644	  64.000	  48.797	Fill3	R	6	51	1	1122
4355	5	42	74.000	  47.041	  73.000	  42.205	  76.000	  40.224	Fill2	R	6	51	1	1792
4355	5	43	99.000	  38.000	  83.000	  45.325	  57.000	  66.000	ComD1	R	4	50	1	993
4355	5	44	60.000	  60.000	  59.000	  53.220	  61.000	  51.934	Fill3	R	1	49	1	708
4355	5	45	50.833	  72.000	  47.833	  67.296	  51.833	  61.621	Fill4	R	6	51	1	1345
4355	5	46	50.000	  78.000	  79.000	  49.367	  79.000	  41.367	AttR2	R	3	49	2	792
4355	5	47	96.000	  39.188	  82.000	  45.878	  57.000	  66.000	ComD1	R	2	50	3	754
4355	5	48	91.000	  38.253	  88.000	  34.432	  92.000	  32.804	Fill1	R	2	49	1	856
4355	5	49	51.000	  81.000	  80.000	  51.638	  80.000	  44.638	AttR2	R	2	51	2	1104
4355	5	50	48.158	  76.000	  61.000	  60.000	  64.211	  57.000	SimA2	R	4	49	3	653
4355	5	51	96.000	  38.667	  80.000	  46.400	  58.000	  64.000	ComD1	R	4	49	3	629
4355	5	52	62.000	  59.000	  61.000	  51.885	  64.000	  50.500	Fill3	R	2	50	3	2744
4355	5	53	97.000	  40.144	  81.000	  48.074	  59.000	  66.000	ComD1	R	6	51	1	981
4355	5	54	40.667	  90.000	  38.667	  80.534	  41.667	  75.816	Fill5	R	4	50	1	976
4355	5	55	81.000	  48.074	  59.000	  66.000	  45.279	  86.000	ComD2	R	5	51	1	801
4355	5	56	98.000	  38.469	  80.000	  47.125	  58.000	  65.000	ComD1	R	1	49	1	613
4355	5	57	96.000	  39.271	  81.000	  46.543	  58.000	  65.000	ComD1	R	4	50	1	591
4355	5	58	47.532	  77.000	  60.000	  61.000	  44.532	  82.187	SimA1	R	5	50	3	1489
4355	5	59	80.000	  45.600	  57.000	  64.000	  42.419	  86.000	ComD2	R	2	50	3	8
4355	5	60	50.000	  81.000	  83.000	  48.795	  83.000	  40.795	AttR2	R	2	49	1	1388
4355	5	61	51.000	  82.000	  82.000	  51.000	  42.000	  82.000	AttR1	R	6	50	2	1329
4355	5	62	83.000	  46.120	  58.000	  66.000	  44.512	  86.000	ComD2	R	3	50	1	685
4355	5	63	41.568	  88.000	  40.568	  77.401	  43.568	  71.750	Fill5	R	1	49	1	605
4355	5	64	48.800	  75.000	  61.000	  60.000	  66.545	  55.000	SimA2	R	3	49	2	488
4355	5	65	97.000	  38.196	  82.000	  45.183	  57.000	  65.000	ComD1	R	4	50	1	648
4355	5	66	46.877	  73.000	  58.000	  59.000	  61.107	  56.000	SimA2	R	2	49	1	872
4355	5	67	50.110	  73.000	  62.000	  59.000	  46.110	  79.333	SimA1	R	4	50	1	704
4355	5	68	48.169	  71.000	  47.169	  62.520	  49.169	  59.651	Fill4	R	5	51	1	797
4355	5	69	92.000	  39.120	  89.000	  35.787	  95.000	  32.758	Fill1	R	2	50	3	2368
4355	5	70	47.838	  74.000	  60.000	  59.000	  43.838	  80.752	SimA1	R	5	49	2	1323
4355	5	71	50.000	  82.000	  84.000	  48.810	  41.000	  82.000	AttR1	R	4	51	2	921
4355	5	72	48.800	  75.000	  61.000	  60.000	  45.800	  79.913	SimA1	R	3	49	2	709
4355	5	73	54.000	  82.000	  80.000	  55.350	  80.000	  46.350	AttR2	R	6	50	2	1026
4355	5	74	49.000	  80.000	  79.000	  49.620	  42.000	  80.000	AttR1	R	1	50	2	596
4355	5	75	40.438	  89.000	  38.438	  80.155	  42.438	  72.105	Fill5	R	6	51	1	1048
4355	5	76	46.413	  75.000	  59.000	  59.000	  62.161	  56.000	SimA2	R	6	49	3	1000
4355	5	77	93.000	  39.333	  91.000	  34.879	  95.000	  34.168	Fill1	R	5	50	3	1850
4355	5	78	50.000	  79.000	  80.000	  49.375	  41.000	  79.000	AttR1	R	4	51	2	1154
4355	5	79	47.532	  77.000	  60.000	  61.000	  63.103	  58.000	SimA2	R	2	49	1	2359
4355	5	80	80.000	  46.400	  58.000	  64.000	  43.163	  86.000	ComD2	R	6	51	1	1077
4355	5	81	88.000	  38.864	  86.000	  34.512	  90.000	  33.178	Fill1	R	4	50	1	780
4355	5	82	49.000	  80.000	  79.000	  49.620	  79.000	  42.620	AttR2	R	4	50	1	1320
4355	5	83	80.000	  47.125	  58.000	  65.000	  43.333	  87.000	ComD2	R	6	51	1	1301
4355	5	84	76.000	  48.158	  73.000	  44.178	  79.000	  41.076	Fill2	R	2	49	1	769
4355	5	85	82.000	  47.488	  59.000	  66.000	  45.279	  86.000	ComD2	R	5	51	1	901
4355	5	86	51.000	  81.000	  80.000	  51.638	  42.000	  81.000	AttR1	R	5	51	1	650
4355	5	87	50.000	  80.000	  80.000	  50.000	  80.000	  41.000	AttR2	R	4	50	1	554
4355	5	88	50.000	  82.000	  84.000	  48.810	  84.000	  39.810	AttR2	R	2	49	1	551
4355	5	89	38.000	  90.000	  35.000	  82.571	  39.000	  74.718	Fill5	R	5	51	1	629
4355	5	90	61.000	  60.000	  58.000	  55.483	  64.000	  49.875	Fill3	R	3	50	1	824
4355	6	1	52.000	  79.000	  78.000	  52.667	  78.000	  43.667	AttR2	R	5	51	1	2718
4355	6	2	50.000	  82.000	  82.000	  50.000	  43.000	  82.000	AttR1	R	4	51	2	904
4355	6	3	59.000	  60.000	  58.000	  53.810	  60.000	  51.067	Fill3	R	2	49	1	782
4355	6	4	48.961	  76.000	  61.000	  61.000	  66.446	  56.000	SimA2	R	4	49	3	905
4355	6	5	98.000	  38.388	  81.000	  46.444	  57.000	  66.000	ComD1	R	6	50	2	574
4355	6	6	95.000	  39.000	  81.000	  45.741	  57.000	  65.000	ComD1	R	4	50	1	625
4355	6	7	48.000	  79.000	  79.000	  48.000	  79.000	  41.000	AttR2	R	5	51	1	1378
4355	6	8	49.000	  80.000	  78.000	  50.256	  78.000	  41.256	AttR2	R	5	49	2	637
4355	6	9	47.671	  73.000	  60.000	  58.000	  63.273	  55.000	SimA2	R	4	50	1	685
4355	6	10	95.000	  39.811	  94.000	  35.894	  98.000	  33.837	Fill1	R	6	50	2	773
4355	6	11	82.000	  46.768	  59.000	  65.000	  44.593	  86.000	ComD2	R	6	51	1	496
4355	6	12	48.649	  74.000	  60.000	  60.000	  64.286	  56.000	SimA2	R	2	50	3	552
4355	6	13	47.368	  76.000	  60.000	  60.000	  63.158	  57.000	SimA2	R	3	49	2	493
4355	6	14	96.000	  39.271	  82.000	  45.976	  58.000	  65.000	ComD1	R	2	49	1	788
4355	6	15	48.158	  76.000	  61.000	  60.000	  65.357	  56.000	SimA2	R	1	51	3	855
4355	6	16	50.571	  70.000	  47.571	  64.724	  52.571	  58.054	Fill4	R	3	50	1	368
4355	6	17	49.000	  81.000	  79.000	  50.241	  79.000	  41.241	AttR2	R	2	49	1	466
4355	6	18	47.838	  74.000	  59.000	  60.000	  63.214	  56.000	SimA2	R	5	51	1	426
4355	6	19	47.368	  76.000	  60.000	  60.000	  64.286	  56.000	SimA2	R	3	50	1	213
4355	6	20	60.000	  60.000	  58.000	  55.052	  61.000	  51.951	Fill3	R	2	49	1	160
4355	6	21	48.000	  75.000	  60.000	  60.000	  63.158	  57.000	SimA2	R	3	50	1	437
4355	6	22	52.029	  68.000	  50.029	  62.543	  54.029	  57.302	Fill4	R	1	49	1	1637
4355	6	23	82.000	  46.768	  59.000	  65.000	  44.593	  86.000	ComD2	R	6	51	1	710
4355	6	24	80.000	  47.938	  59.000	  65.000	  44.593	  86.000	ComD2	R	5	51	1	642
4355	6	25	91.000	  38.901	  89.000	  35.112	  92.000	  33.489	Fill1	R	2	50	3	978
4355	6	26	97.000	  39.536	  82.000	  46.768	  59.000	  65.000	ComD1	R	5	51	1	1317
4355	6	27	80.000	  47.938	  59.000	  65.000	  43.580	  88.000	ComD2	R	1	51	3	1083
4355	6	28	49.000	  80.000	  81.000	  48.395	  42.000	  80.000	AttR1	R	4	50	1	2555
4355	6	29	40.205	  88.000	  38.205	  78.839	  42.205	  71.082	Fill5	R	6	51	1	984
4355	6	30	48.635	  74.000	  61.000	  59.000	  66.648	  54.000	SimA2	R	3	51	3	913
4355	6	31	47.368	  76.000	  60.000	  60.000	  43.368	  83.010	SimA1	R	6	50	2	720
4355	6	32	91.000	  39.560	  89.000	  34.865	  93.000	  33.409	Fill1	R	4	50	1	1292
4355	6	33	59.000	  60.000	  56.000	  54.893	  60.000	  51.300	Fill3	R	2	49	1	2028
4355	6	34	82.000	  45.183	  57.000	  65.000	  43.081	  86.000	ComD2	R	3	50	1	1344
4355	6	35	84.000	  46.262	  58.000	  67.000	  45.186	  86.000	ComD2	R	6	50	2	829
4355	6	36	50.000	  80.000	  82.000	  48.780	  41.000	  80.000	AttR1	R	2	49	1	680
4355	6	37	46.740	  77.000	  59.000	  61.000	  64.268	  56.000	SimA2	R	2	50	3	3303
4355	6	38	47.671	  73.000	  60.000	  58.000	  44.671	  77.902	SimA1	R	3	49	2	1861
4355	6	39	50.000	  80.000	  82.000	  48.780	  82.000	  39.780	AttR2	R	3	50	1	1693
4355	6	40	48.649	  74.000	  60.000	  60.000	  43.649	  82.477	SimA1	R	5	51	1	2757
4355	6	41	91.000	  40.220	  89.000	  36.618	  93.000	  34.054	Fill1	R	2	50	3	1474
4355	6	42	49.000	  80.000	  81.000	  48.395	  81.000	  39.395	AttR2	R	5	49	2	1050
4355	6	43	50.000	  82.000	  82.000	  50.000	  82.000	  42.000	AttR2	R	1	50	2	843
4355	6	44	50.833	  72.000	  48.833	  66.307	  51.833	  62.605	Fill4	R	4	50	1	5689
4355	6	45	61.000	  58.000	  58.000	  52.569	  64.000	  48.266	Fill3	R	3	51	3	2121
4355	6	46	50.571	  70.000	  47.571	  64.345	  51.571	  59.413	Fill4	R	5	51	1	1663
4355	6	47	49.000	  81.000	  79.000	  50.241	  40.000	  81.000	AttR1	R	3	49	2	1032
4355	6	48	52.000	  79.000	  78.000	  52.667	  45.000	  79.000	AttR1	R	5	51	1	4280
4355	6	49	83.000	  46.819	  58.000	  67.000	  45.186	  86.000	ComD2	R	2	49	1	3056
4355	6	50	91.000	  38.901	  88.000	  34.659	  92.000	  33.804	Fill1	R	6	49	3	2568
4355	6	51	50.000	  82.000	  84.000	  48.810	  84.000	  40.810	AttR2	R	2	50	3	1730
4355	6	52	46.740	  77.000	  59.000	  61.000	  43.740	  82.281	SimA1	R	4	49	3	1296
4355	6	53	39.783	  92.000	  38.783	  80.577	  40.783	  76.650	Fill5	R	5	51	1	1184
4355	6	54	96.000	  39.948	  80.000	  47.938	  59.000	  65.000	ComD1	R	3	49	2	2090
4355	6	55	76.000	  48.158	  75.000	  43.413	  78.000	  40.654	Fill2	R	5	51	1	1123
4355	6	56	50.000	  82.000	  84.000	  48.810	  43.000	  82.000	AttR1	R	4	50	1	1048
4355	6	57	39.775	  89.000	  37.775	  79.655	  41.775	  72.579	Fill5	R	5	51	1	879
4355	6	58	52.528	  72.000	  51.528	  63.771	  54.528	  60.868	Fill4	R	1	49	1	1287
4355	6	59	47.838	  74.000	  59.000	  60.000	  44.838	  78.951	SimA1	R	6	50	2	648
4355	6	60	39.333	  90.000	  38.333	  78.496	  40.333	  75.099	Fill5	R	6	51	1	767
4355	6	61	92.000	  38.457	  90.000	  33.822	  95.000	  33.000	Fill1	R	4	50	1	1850
4355	6	62	96.000	  39.948	  82.000	  46.768	  59.000	  65.000	ComD1	R	6	50	2	1010
4355	6	63	47.368	  76.000	  60.000	  60.000	  42.368	  84.969	SimA1	R	2	51	2	2068
4355	6	64	82.000	  45.976	  58.000	  65.000	  43.837	  86.000	ComD2	R	2	49	1	1757
4355	6	65	73.000	  48.493	  72.000	  42.306	  75.000	  41.707	Fill2	R	5	51	1	922
4355	6	66	48.000	  79.000	  79.000	  48.000	  40.000	  79.000	AttR1	R	6	51	1	1512
4355	6	67	75.000	  47.173	  73.000	  42.397	  76.000	  40.513	Fill2	R	6	50	2	877
4355	6	68	41.109	  92.000	  38.109	  85.335	  43.109	  75.832	Fill5	R	1	51	3	741
4355	6	69	75.000	  47.200	  74.000	  41.743	  78.000	  40.231	Fill2	R	3	50	1	713
4355	6	70	99.000	  39.253	  83.000	  46.819	  58.000	  67.000	ComD1	R	2	50	3	624
4355	6	71	51.000	  79.000	  79.000	  51.000	  43.000	  79.000	AttR1	R	4	51	2	706
4355	6	72	48.961	  76.000	  61.000	  61.000	  45.961	  80.961	SimA1	R	3	51	3	1312
4355	6	73	81.000	  46.444	  57.000	  66.000	  43.744	  86.000	ComD2	R	3	50	1	597
4355	6	74	100.000	  38.860	  84.000	  46.262	  58.000	  67.000	ComD1	R	5	51	1	656
4355	6	75	76.000	  49.763	  75.000	  43.907	  78.000	  43.141	Fill2	R	2	49	1	880
4355	6	76	76.000	  47.368	  73.000	  42.616	  79.000	  40.405	Fill2	R	2	51	2	575
4355	6	77	49.000	  81.000	  79.000	  50.241	  41.000	  81.000	AttR1	R	1	50	2	1058
4355	6	78	60.000	  61.000	  59.000	  53.729	  62.000	  51.032	Fill3	R	3	51	3	898
4355	6	79	49.000	  80.000	  78.000	  50.256	  42.000	  80.000	AttR1	R	1	50	2	1154
4355	6	80	51.000	  79.000	  79.000	  51.000	  79.000	  42.000	AttR2	R	6	50	2	1921
4355	6	81	50.000	  72.000	  48.000	  65.083	  51.000	  61.843	Fill4	R	2	49	1	744
4355	6	82	81.000	  45.741	  57.000	  65.000	  43.081	  86.000	ComD2	R	2	51	2	1997
4355	6	83	49.000	  81.000	  79.000	  50.241	  79.000	  43.241	AttR2	R	2	51	2	1464
4355	6	84	48.000	  75.000	  60.000	  60.000	  43.000	  83.721	SimA1	R	5	49	2	1544
4355	6	85	97.000	  39.536	  80.000	  47.938	  59.000	  65.000	ComD1	R	6	51	1	1285
4355	6	86	62.000	  61.000	  60.000	  56.067	  64.000	  52.609	Fill3	R	3	51	3	1246
4355	6	87	48.158	  76.000	  61.000	  60.000	  45.158	  81.049	SimA1	R	5	49	2	1270
4355	6	88	97.000	  38.196	  82.000	  45.183	  57.000	  65.000	ComD1	R	3	50	1	799
4355	6	89	48.635	  74.000	  61.000	  59.000	  43.635	  82.479	SimA1	R	5	49	2	1218
4355	6	90	40.000	  90.000	  38.000	  81.263	  42.000	  73.357	Fill5	R	6	51	1	1211
4355	7	1	81.000	  45.827	  58.000	  64.000	  42.667	  87.000	ComD2	R	3	49	2	4190
4355	7	2	51.000	  82.000	  80.000	  52.275	  43.000	  82.000	AttR1	R	1	50	2	554
4355	7	3	61.000	  63.000	  59.000	  58.051	  63.000	  54.286	Fill3	R	5	51	1	864
4355	7	4	61.000	  62.000	  60.000	  55.317	  64.000	  52.484	Fill3	R	2	50	3	688
4355	7	5	97.000	  37.526	  81.000	  44.938	  56.000	  65.000	ComD1	R	6	51	1	792
4355	7	6	51.000	  82.000	  83.000	  50.386	  83.000	  41.386	AttR2	R	1	50	2	1954
4355	7	7	82.000	  45.976	  58.000	  65.000	  43.333	  87.000	ComD2	R	3	50	1	768
4355	7	8	52.000	  83.000	  83.000	  52.000	  83.000	  44.000	AttR2	R	3	49	2	658
4355	7	9	52.000	  80.000	  78.000	  53.333	  78.000	  45.333	AttR2	R	6	50	2	994
4355	7	10	51.932	  74.000	  49.932	  68.853	  53.932	  63.802	Fill4	R	2	49	1	733
4355	7	11	60.000	  61.000	  58.000	  55.793	  63.000	  51.238	Fill3	R	4	50	1	866
4355	7	12	77.000	  49.909	  74.000	  46.054	  78.000	  43.449	Fill2	R	6	50	2	1850
4355	7	13	92.000	  39.130	  91.000	  34.253	  95.000	  32.811	Fill1	R	3	50	1	682
4355	7	14	47.200	  75.000	  60.000	  59.000	  65.556	  54.000	SimA2	R	5	49	2	1147
4355	7	15	49.000	  80.000	  82.000	  47.805	  82.000	  39.805	AttR2	R	2	51	2	1240
4355	7	16	48.800	  75.000	  60.000	  61.000	  65.357	  56.000	SimA2	R	1	49	1	904
4355	7	17	97.000	  40.144	  82.000	  47.488	  59.000	  66.000	ComD1	R	3	49	2	1565
4355	7	18	81.000	  46.543	  58.000	  65.000	  44.353	  85.000	ComD2	R	1	49	1	1578
4355	7	19	97.000	  38.268	  80.000	  46.400	  58.000	  64.000	ComD1	R	4	50	1	732
4355	7	20	46.068	  73.000	  59.000	  57.000	  43.068	  78.085	SimA1	R	6	50	2	1497
4355	7	21	81.000	  44.938	  56.000	  65.000	  43.333	  84.000	ComD2	R	3	50	1	730
4355	7	22	41.772	  92.000	  38.772	  85.836	  43.772	  75.757	Fill5	R	2	49	1	810
4355	7	23	50.000	  81.000	  83.000	  48.795	  83.000	  41.795	AttR2	R	6	50	2	1393
4355	7	24	51.000	  80.000	  80.000	  51.000	  42.000	  80.000	AttR1	R	4	51	2	605
4355	7	25	92.000	  41.109	  90.000	  37.200	  94.000	  35.840	Fill1	R	6	50	2	1136
4355	7	26	47.200	  75.000	  60.000	  59.000	  43.200	  81.944	SimA1	R	3	51	3	1013
4355	7	27	46.068	  73.000	  59.000	  57.000	  62.278	  54.000	SimA2	R	2	49	1	888
4355	7	28	80.000	  46.400	  58.000	  64.000	  42.667	  87.000	ComD2	R	3	49	2	936
4355	7	29	45.789	  76.000	  58.000	  60.000	  62.143	  56.000	SimA2	R	3	51	3	1181
4355	7	30	51.000	  80.000	  80.000	  51.000	  80.000	  44.000	AttR2	R	5	49	2	1672
4355	7	31	39.333	  90.000	  37.333	  80.464	  40.333	  74.802	Fill5	R	2	49	1	1160
4355	7	32	47.838	  74.000	  60.000	  59.000	  64.364	  55.000	SimA2	R	4	49	3	950
4355	7	33	48.800	  75.000	  61.000	  60.000	  65.357	  56.000	SimA2	R	1	49	1	730
4355	7	34	96.000	  38.667	  80.000	  46.400	  58.000	  64.000	ComD1	R	2	49	1	832
4355	7	35	47.200	  75.000	  59.000	  60.000	  63.214	  56.000	SimA2	R	5	50	3	1402
4355	7	36	52.757	  74.000	  50.757	  68.720	  54.757	  63.335	Fill4	R	1	49	1	1925
4355	7	37	39.783	  92.000	  38.783	  80.964	  41.783	  75.582	Fill5	R	3	49	2	1106
4355	7	38	52.000	  80.000	  78.000	  53.333	  45.000	  80.000	AttR1	R	1	49	1	1160
4355	7	39	61.000	  64.000	  59.000	  57.831	  64.000	  53.922	Fill3	R	5	50	3	925
4355	7	40	48.800	  75.000	  60.000	  61.000	  44.800	  81.696	SimA1	R	3	50	1	1386
4355	7	41	48.000	  75.000	  60.000	  60.000	  64.286	  56.000	SimA2	R	3	49	2	2645
4355	7	42	76.000	  51.368	  74.000	  46.919	  77.000	  44.403	Fill2	R	3	50	1	741
4355	7	43	47.838	  74.000	  60.000	  59.000	  42.838	  82.637	SimA1	R	5	49	2	754
4355	7	44	49.000	  83.000	  85.000	  47.847	  85.000	  40.847	AttR2	R	1	50	2	1384
4355	7	45	51.000	  80.000	  81.000	  50.370	  42.000	  80.000	AttR1	R	4	50	1	929
4355	7	46	40.000	  90.000	  38.000	  80.658	  42.000	  73.357	Fill5	R	5	51	1	944
4355	7	47	94.000	  38.809	  80.000	  45.600	  57.000	  64.000	ComD1	R	3	51	3	741
4355	7	48	51.000	  80.000	  81.000	  50.370	  81.000	  42.370	AttR2	R	6	50	2	450
4355	7	49	74.000	  48.649	  73.000	  43.630	  75.000	  41.947	Fill2	R	4	49	3	786
4355	7	50	49.613	  75.000	  61.000	  61.000	  45.613	  81.577	SimA1	R	3	51	3	1756
4355	7	51	52.000	  83.000	  83.000	  52.000	  45.000	  83.000	AttR1	R	1	50	2	738
4355	7	52	99.000	  38.667	  81.000	  47.259	  58.000	  66.000	ComD1	R	5	51	1	1384
4355	7	53	48.000	  75.000	  60.000	  60.000	  44.000	  81.818	SimA1	R	3	49	2	810
4355	7	54	95.000	  41.737	  82.000	  48.354	  61.000	  65.000	ComD1	R	5	50	3	901
4355	7	55	47.000	  82.000	  82.000	  47.000	  40.000	  82.000	AttR1	R	5	49	2	834
4355	7	56	74.000	  49.459	  72.000	  45.139	  75.000	  43.373	Fill2	R	3	50	1	1034
4355	7	57	95.000	  39.074	  81.000	  45.827	  58.000	  64.000	ComD1	R	3	50	1	851
4355	7	58	82.000	  47.488	  59.000	  66.000	  44.250	  88.000	ComD2	R	6	51	1	2010
4355	7	59	51.000	  82.000	  83.000	  50.386	  43.000	  82.000	AttR1	R	4	51	2	597
4355	7	60	80.000	  46.400	  58.000	  64.000	  43.163	  86.000	ComD2	R	1	49	1	592
4355	7	61	91.000	  38.901	  89.000	  34.944	  93.000	  33.699	Fill1	R	4	50	1	851
4355	7	62	92.000	  39.783	  90.000	  35.178	  95.000	  33.326	Fill1	R	5	51	1	1106
4355	7	63	82.000	  48.354	  61.000	  65.000	  44.551	  89.000	ComD2	R	3	50	1	1175
4355	7	64	47.000	  82.000	  82.000	  47.000	  82.000	  40.000	AttR2	R	3	49	2	1129
4355	7	65	74.000	  47.838	  71.000	  44.211	  76.000	  40.789	Fill2	R	3	51	3	1064
4355	7	66	60.000	  60.000	  59.000	  52.814	  61.000	  52.115	Fill3	R	6	49	3	736
4355	7	67	48.000	  75.000	  60.000	  60.000	  43.000	  83.721	SimA1	R	4	49	3	1861
4355	7	68	50.000	  81.000	  83.000	  48.795	  43.000	  81.000	AttR1	R	6	50	2	701
4355	7	69	93.000	  41.323	  90.000	  38.033	  95.000	  35.558	Fill1	R	2	49	1	954
4355	7	70	50.000	  72.000	  49.000	  65.020	  51.000	  61.725	Fill4	R	4	50	1	664
4355	7	71	45.789	  76.000	  58.000	  60.000	  40.789	  85.316	SimA1	R	3	50	1	648
4355	7	72	41.532	  94.000	  39.532	  85.501	  42.532	  78.999	Fill5	R	5	50	3	784
4355	7	73	49.000	  80.000	  82.000	  47.805	  40.000	  80.000	AttR1	R	5	49	2	394
4355	7	74	47.200	  75.000	  59.000	  60.000	  42.200	  83.886	SimA1	R	2	51	2	741
4355	7	75	81.000	  47.259	  58.000	  66.000	  44.512	  86.000	ComD2	R	2	49	1	395
4355	7	76	49.000	  83.000	  85.000	  47.847	  41.000	  83.000	AttR1	R	2	49	1	725
4355	7	77	49.613	  75.000	  61.000	  61.000	  65.281	  57.000	SimA2	R	4	49	3	1042
4355	7	78	95.000	  39.684	  82.000	  45.976	  58.000	  65.000	ComD1	R	4	50	1	738
4355	7	79	80.000	  45.600	  57.000	  64.000	  43.429	  84.000	ComD2	R	6	50	2	1416
4355	7	80	76.000	  49.763	  75.000	  44.573	  77.000	  42.675	Fill2	R	2	49	1	1250
4355	7	81	51.000	  82.000	  80.000	  52.275	  80.000	  45.275	AttR2	R	1	50	2	634
4355	7	82	51.108	  74.000	  48.108	  68.263	  52.108	  64.424	Fill4	R	4	51	2	514
4355	7	83	60.000	  59.000	  57.000	  54.491	  61.000	  50.967	Fill3	R	6	49	3	441
4355	7	84	50.137	  73.000	  49.137	  64.982	  51.137	  63.398	Fill4	R	5	50	3	273
4355	7	85	48.000	  75.000	  60.000	  60.000	  65.455	  55.000	SimA2	R	1	51	3	183
4355	7	86	51.304	  69.000	  49.304	  63.179	  52.304	  58.714	Fill4	R	2	50	3	281
4355	7	87	94.000	  41.532	  93.000	  36.903	  95.000	  36.305	Fill1	R	5	49	2	282
4355	7	88	48.800	  75.000	  61.000	  60.000	  45.800	  79.913	SimA1	R	5	50	3	506
4355	7	89	41.109	  92.000	  40.109	  80.955	  42.109	  77.442	Fill5	R	5	50	3	800
4355	7	90	98.000	  38.469	  81.000	  46.543	  58.000	  65.000	ComD1	R	5	50	3	610
4355	8	1	50.000	  82.000	  80.000	  51.250	  41.000	  82.000	AttR1	R	3	50	1	3589
4355	8	2	60.000	  61.000	  59.000	  54.034	  61.000	  53.016	Fill3	R	3	50	1	597
4355	8	3	48.773	  75.000	  62.000	  59.000	  45.773	  79.916	SimA1	R	5	49	2	840
4355	8	4	53.000	  78.000	  79.000	  52.329	  46.000	  78.000	AttR1	R	5	50	3	8
4355	8	5	95.000	  39.000	  80.000	  46.312	  57.000	  65.000	ComD1	R	5	51	1	242
4355	8	6	49.000	  83.000	  81.000	  50.210	  81.000	  41.210	AttR2	R	4	50	1	59
4355	8	7	81.000	  46.444	  57.000	  66.000	  43.744	  86.000	ComD2	R	2	49	1	74
4355	8	8	76.000	  49.763	  74.000	  45.419	  77.000	  43.000	Fill2	R	4	50	1	507
4355	8	9	40.864	  88.000	  39.864	  76.436	  41.864	  73.620	Fill5	R	1	50	2	384
4355	8	10	47.000	  79.000	  79.000	  47.000	  79.000	  38.000	AttR2	R	6	49	3	234
4355	8	11	60.000	  59.000	  57.000	  54.439	  62.000	  49.903	Fill3	R	1	49	1	226
4355	8	12	80.000	  46.312	  57.000	  65.000	  43.588	  85.000	ComD2	R	6	50	2	173
4355	8	13	47.027	  74.000	  60.000	  58.000	  63.273	  55.000	SimA2	R	1	51	3	48
4355	8	14	80.000	  47.200	  59.000	  64.000	  43.402	  87.000	ComD2	R	2	51	2	320
4355	8	15	98.000	  37.143	  81.000	  44.938	  56.000	  65.000	ComD1	R	4	50	1	534
4355	8	16	49.859	  71.000	  47.859	  64.941	  50.859	  60.422	Fill4	R	1	49	1	426
4355	8	17	94.000	  39.489	  81.000	  45.827	  58.000	  64.000	ComD1	R	2	50	3	277
4355	8	18	47.685	  73.000	  59.000	  59.000	  44.685	  77.901	SimA1	R	4	51	2	774
4355	8	19	90.000	  38.000	  87.000	  34.172	  93.000	  31.462	Fill1	R	1	49	1	1112
4355	8	20	97.000	  38.866	  81.000	  46.543	  58.000	  65.000	ComD1	R	6	50	2	685
4355	8	21	50.000	  80.000	  81.000	  49.383	  42.000	  80.000	AttR1	R	4	51	2	693
4355	8	22	47.692	  78.000	  60.000	  62.000	  65.263	  57.000	SimA2	R	4	49	3	1140
4355	8	23	46.553	  76.000	  58.000	  61.000	  62.070	  57.000	SimA2	R	5	50	3	1050
4355	8	24	47.027	  74.000	  60.000	  58.000	  43.027	  80.879	SimA1	R	2	51	2	377
4355	8	25	52.116	  69.000	  51.116	  60.901	  53.116	  59.624	Fill4	R	4	49	3	277
4355	8	26	49.859	  71.000	  48.859	  63.857	  50.859	  60.461	Fill4	R	3	50	1	220
4355	8	27	75.000	  48.800	  73.000	  43.342	  76.000	  42.566	Fill2	R	5	51	1	1016
4355	8	28	82.000	  45.976	  58.000	  65.000	  43.333	  87.000	ComD2	R	1	50	2	1762
4355	8	29	92.000	  38.478	  89.000	  34.528	  95.000	  32.432	Fill1	R	2	49	1	848
4355	8	30	47.692	  78.000	  60.000	  62.000	  44.692	  83.236	SimA1	R	6	50	2	592
4355	8	31	98.000	  38.469	  82.000	  45.976	  58.000	  65.000	ComD1	R	2	49	1	674
4355	8	32	48.000	  82.000	  81.000	  48.593	  39.000	  82.000	AttR1	R	1	50	2	1035
4355	8	33	47.000	  80.000	  78.000	  48.205	  38.000	  80.000	AttR1	R	3	49	2	521
4355	8	34	76.000	  46.579	  73.000	  42.767	  77.000	  39.844	Fill2	R	3	50	1	600
4355	8	35	62.000	  58.000	  60.000	  52.017	  63.000	  49.349	Fill3	R	3	50	1	474
4355	8	36	50.000	  80.000	  82.000	  48.780	  82.000	  40.780	AttR2	R	6	50	2	754
4355	8	37	38.427	  89.000	  36.427	  79.721	  39.427	  73.858	Fill5	R	6	50	2	912
4355	8	38	48.773	  75.000	  62.000	  59.000	  66.509	  55.000	SimA2	R	5	50	3	389
4355	8	39	52.000	  81.000	  80.000	  52.650	  45.000	  81.000	AttR1	R	3	50	1	360
4355	8	40	49.944	  72.000	  62.000	  58.000	  45.944	  78.268	SimA1	R	6	49	3	309
4355	8	41	51.549	  71.000	  49.549	  64.703	  53.549	  59.571	Fill4	R	4	51	2	267
4355	8	42	81.000	  46.543	  58.000	  65.000	  43.333	  87.000	ComD2	R	3	50	1	211
4355	8	43	92.000	  39.783	  91.000	  35.044	  93.000	  35.011	Fill1	R	5	49	2	126
4355	8	44	47.000	  80.000	  78.000	  48.205	  78.000	  40.205	AttR2	R	5	50	3	178
4355	8	45	48.000	  82.000	  81.000	  48.593	  81.000	  39.593	AttR2	R	5	51	1	229
4355	8	46	62.000	  61.000	  59.000	  57.017	  63.000	  53.000	Fill3	R	1	50	2	73
4355	8	47	47.685	  73.000	  59.000	  59.000	  64.463	  54.000	SimA2	R	5	50	3	881
4355	8	48	49.000	  83.000	  81.000	  50.210	  42.000	  83.000	AttR1	R	4	50	1	521
4355	8	49	50.000	  80.000	  82.000	  48.780	  42.000	  80.000	AttR1	R	4	49	3	236
4355	8	50	73.000	  48.493	  71.000	  43.817	  74.000	  41.568	Fill2	R	4	51	2	317
4355	8	51	81.000	  45.827	  58.000	  64.000	  42.667	  87.000	ComD2	R	3	50	1	385
4355	8	52	100.000	  39.530	  83.000	  47.627	  59.000	  67.000	ComD1	R	3	51	3	261
4355	8	53	47.532	  77.000	  60.000	  61.000	  43.532	  84.075	SimA1	R	4	49	3	1269
4355	8	54	47.041	  74.000	  59.000	  59.000	  64.463	  54.000	SimA2	R	2	49	1	1356
4355	8	55	47.532	  77.000	  60.000	  61.000	  65.357	  56.000	SimA2	R	6	51	1	698
4355	8	56	41.560	  91.000	  39.560	  82.962	  42.560	  76.409	Fill5	R	5	51	1	673
4355	8	57	49.763	  76.000	  62.000	  61.000	  46.763	  80.876	SimA1	R	2	49	1	1170
4355	8	58	50.000	  79.000	  79.000	  50.000	  79.000	  42.000	AttR2	R	4	51	2	789
4355	8	59	81.000	  46.543	  58.000	  65.000	  44.353	  85.000	ComD2	R	4	50	1	641
4355	8	60	96.000	  39.188	  81.000	  46.444	  57.000	  66.000	ComD1	R	4	50	1	368
4355	8	61	50.000	  82.000	  80.000	  51.250	  80.000	  43.250	AttR2	R	4	51	2	410
4355	8	62	94.000	  40.170	  80.000	  47.200	  59.000	  64.000	ComD1	R	1	49	1	309
4355	8	63	97.000	  39.464	  82.000	  46.683	  58.000	  66.000	ComD1	R	4	50	1	306
4355	8	64	46.553	  76.000	  58.000	  61.000	  43.553	  81.235	SimA1	R	2	51	2	336
4355	8	65	50.000	  80.000	  81.000	  49.383	  81.000	  41.383	AttR2	R	5	49	2	325
4355	8	66	40.227	  88.000	  38.227	  78.949	  41.227	  73.665	Fill5	R	6	50	2	282
4355	8	67	49.763	  76.000	  62.000	  61.000	  66.351	  57.000	SimA2	R	4	50	1	322
4355	8	68	47.000	  79.000	  79.000	  47.000	  39.000	  79.000	AttR1	R	3	51	3	352
4355	8	69	53.268	  71.000	  52.268	  63.060	  54.268	  61.510	Fill4	R	5	50	3	174
4355	8	70	95.000	  39.811	  94.000	  35.585	  96.000	  34.656	Fill1	R	5	50	3	216
4355	8	71	83.000	  47.627	  59.000	  67.000	  44.920	  88.000	ComD2	R	2	49	1	218
4355	8	72	78.000	  46.103	  76.000	  41.408	  79.000	  40.291	Fill2	R	4	51	2	301
4355	8	73	49.944	  72.000	  62.000	  58.000	  65.382	  55.000	SimA2	R	5	51	1	1099
4355	8	74	52.000	  81.000	  80.000	  52.650	  80.000	  43.650	AttR2	R	2	50	3	616
4355	8	75	93.000	  38.667	  90.000	  34.778	  94.000	  33.670	Fill1	R	4	49	3	275
4355	8	76	81.000	  44.938	  56.000	  65.000	  43.333	  84.000	ComD2	R	4	50	1	50
4355	8	77	57.000	  60.000	  56.000	  52.607	  59.000	  50.576	Fill3	R	2	50	3	419
4355	8	78	40.220	  91.000	  37.220	  84.203	  42.220	  74.183	Fill5	R	3	51	3	293
4355	8	79	46.579	  76.000	  59.000	  60.000	  64.364	  55.000	SimA2	R	3	49	2	325
4355	8	80	47.041	  74.000	  59.000	  59.000	  44.041	  79.041	SimA1	R	2	50	3	147
4355	8	81	95.000	  39.684	  81.000	  46.543	  58.000	  65.000	ComD1	R	2	51	2	193
4355	8	82	39.333	  90.000	  38.333	  78.861	  41.333	  73.210	Fill5	R	5	49	2	154
4355	8	83	82.000	  46.683	  58.000	  66.000	  45.035	  85.000	ComD2	R	5	50	3	240
4355	8	84	50.000	  79.000	  79.000	  50.000	  43.000	  79.000	AttR1	R	5	50	3	7
4355	8	85	46.579	  76.000	  59.000	  60.000	  42.579	  83.140	SimA1	R	6	51	1	249
4355	8	86	48.857	  70.000	  47.857	  62.373	  50.857	  58.084	Fill4	R	5	49	2	337
4355	8	87	59.000	  60.000	  56.000	  55.161	  62.000	  49.806	Fill3	R	4	51	2	199
4355	8	88	53.000	  78.000	  79.000	  52.329	  79.000	  45.329	AttR2	R	4	50	1	169
4355	8	89	73.000	  46.849	  71.000	  41.775	  74.000	  39.986	Fill2	R	5	49	2	149
4355	8	90	92.000	  38.478	  91.000	  34.451	  95.000	  32.232	Fill1	R	1	50	2	81
