username: S74, Experiment time (minutes): 45
Operating system: Mac OS 10.8.5
Manufacturer: Google Pepper
Player type: PlugIn
Version: MAC 13,0,0,206

username	blkNum	trlNum	Rect1Height	Rect1Width	Rect2Height	Rect2Width	Rect3Height	Rect3Width	Effect	StimType	StimPosition	rawResp	response	RT
6358	0	1	77.000	  49.117	  74.000	  44.432	  79.000	  41.734	Fill2	R	2	49	1	5486
6358	0	2	90.000	  38.633	  88.000	  34.398	  91.000	  33.473	Fill1	R	3	50	1	5402
6358	0	3	59.000	  59.000	  58.000	  52.224	  60.000	  49.917	Fill3	R	2	49	1	5102
6358	1	1	47.355	  76.000	  59.000	  61.000	  42.355	  84.972	SimA1	R	4	49	3	5069
6358	1	2	50.833	  72.000	  48.833	  64.853	  51.833	  62.045	Fill4	R	6	51	1	5058
6358	1	3	79.000	  46.177	  57.000	  64.000	  43.429	  84.000	ComD2	R	3	49	2	7161
6358	1	4	92.000	  39.783	  89.000	  36.315	  93.000	  34.753	Fill1	R	1	49	1	6957
6358	1	5	96.000	  39.271	  82.000	  45.976	  58.000	  65.000	ComD1	R	2	51	2	3596
6358	1	6	92.000	  37.196	  89.000	  33.607	  93.000	  31.742	Fill1	R	6	51	1	3342
6358	1	7	60.000	  58.000	  58.000	  52.103	  63.000	  47.810	Fill3	R	3	50	1	3916
6358	1	8	76.000	  48.158	  75.000	  42.493	  77.000	  41.351	Fill2	R	5	51	1	4920
6358	1	9	59.000	  58.000	  56.000	  52.964	  60.000	  50.367	Fill3	R	6	49	3	3518
6358	1	10	50.000	  80.000	  78.000	  51.282	  78.000	  44.282	AttR2	R	5	49	2	2804
6358	1	11	49.000	  79.000	  81.000	  47.790	  81.000	  39.790	AttR2	R	5	49	2	3262
6358	1	12	50.000	  81.000	  82.000	  49.390	  42.000	  81.000	AttR1	R	4	50	1	2723
6358	1	13	59.000	  61.000	  56.000	  57.018	  61.000	  51.197	Fill3	R	5	51	1	2460
6358	1	14	47.671	  73.000	  60.000	  58.000	  64.444	  54.000	SimA2	R	5	50	3	2684
6358	1	15	73.000	  49.301	  70.000	  45.086	  76.000	  41.697	Fill2	R	4	50	1	2580
6358	1	16	52.000	  79.000	  77.000	  53.351	  77.000	  45.351	AttR2	R	5	49	2	1399
6358	1	17	81.000	  46.543	  58.000	  65.000	  43.837	  86.000	ComD2	R	3	49	2	3178
6358	1	18	39.120	  92.000	  38.120	  80.169	  41.120	  74.539	Fill5	R	4	50	1	2252
6358	1	19	80.000	  47.125	  58.000	  65.000	  44.353	  85.000	ComD2	R	3	50	1	4100
6358	1	20	82.000	  45.183	  57.000	  65.000	  43.081	  86.000	ComD2	R	2	51	2	5673
6358	1	21	46.579	  76.000	  59.000	  60.000	  43.579	  81.232	SimA1	R	5	51	1	2321
6358	1	22	97.000	  39.464	  83.000	  46.120	  58.000	  66.000	ComD1	R	3	49	2	7397
6358	1	23	81.000	  47.259	  58.000	  66.000	  44.512	  86.000	ComD2	R	2	49	1	2513
6358	1	24	40.667	  90.000	  37.667	  83.841	  42.667	  73.852	Fill5	R	1	49	1	1334
6358	1	25	48.800	  75.000	  61.000	  60.000	  66.545	  55.000	SimA2	R	1	49	1	2516
6358	1	26	53.014	  69.000	  50.014	  65.041	  54.014	  58.632	Fill4	R	6	51	1	1297
6358	1	27	51.240	  75.000	  63.000	  61.000	  66.259	  58.000	SimA2	R	5	50	3	3921
6358	1	28	97.000	  38.866	  81.000	  46.543	  58.000	  65.000	ComD1	R	5	50	3	7576
6358	1	29	49.000	  79.000	  81.000	  47.790	  42.000	  79.000	AttR1	R	2	49	1	955
6358	1	30	49.986	  72.000	  48.986	  65.141	  51.986	  61.497	Fill4	R	6	51	1	1360
6358	1	31	51.240	  75.000	  63.000	  61.000	  47.240	  81.351	SimA1	R	3	49	2	2654
6358	1	32	96.000	  39.875	  81.000	  47.259	  58.000	  66.000	ComD1	R	3	49	2	1854
6358	1	33	95.000	  39.684	  80.000	  47.125	  58.000	  65.000	ComD1	R	4	51	2	1646
6358	1	34	59.000	  61.000	  57.000	  55.509	  60.000	  52.300	Fill3	R	3	50	1	1621
6358	1	35	47.685	  73.000	  59.000	  59.000	  43.685	  79.684	SimA1	R	3	51	3	4304
6358	1	36	98.000	  39.796	  82.000	  47.561	  60.000	  65.000	ComD1	R	3	49	2	2661
6358	1	37	95.000	  38.400	  79.000	  46.177	  57.000	  64.000	ComD1	R	2	51	2	3647
6358	1	38	48.325	  77.000	  61.000	  61.000	  45.325	  82.097	SimA1	R	1	49	1	1517
6358	1	39	48.800	  75.000	  61.000	  60.000	  45.800	  79.913	SimA1	R	1	49	1	2260
6358	1	40	48.635	  74.000	  61.000	  59.000	  66.648	  54.000	SimA2	R	3	49	2	2827
6358	1	41	92.000	  39.120	  91.000	  34.132	  95.000	  32.916	Fill1	R	3	50	1	1125
6358	1	42	39.545	  88.000	  37.545	  79.077	  40.545	  72.388	Fill5	R	6	51	1	1804
6358	1	43	53.000	  80.000	  81.000	  52.346	  45.000	  80.000	AttR1	R	3	50	1	3365
6358	1	44	47.685	  73.000	  59.000	  59.000	  62.161	  56.000	SimA2	R	6	49	3	3185
6358	1	45	97.000	  38.268	  80.000	  46.400	  58.000	  64.000	ComD1	R	5	49	2	1508
6358	1	46	61.000	  60.000	  59.000	  54.915	  62.000	  52.242	Fill3	R	4	50	1	1072
6358	1	47	75.000	  47.987	  72.000	  44.319	  77.000	  41.208	Fill2	R	5	51	1	1496
6358	1	48	49.000	  80.000	  81.000	  48.395	  42.000	  80.000	AttR1	R	5	49	2	2112
6358	1	49	47.355	  76.000	  59.000	  61.000	  62.052	  58.000	SimA2	R	5	50	3	1645
6358	1	50	92.000	  39.120	  91.000	  34.429	  94.000	  33.362	Fill1	R	4	50	1	1621
6358	1	51	78.000	  46.897	  76.000	  42.000	  80.000	  39.587	Fill2	R	2	49	1	1464
6358	1	52	50.000	  80.000	  78.000	  51.282	  43.000	  80.000	AttR1	R	4	51	2	4841
6358	1	53	52.000	  76.000	  74.000	  53.405	  74.000	  44.405	AttR2	R	1	50	2	2248
6358	1	54	39.989	  90.000	  38.989	  78.304	  41.989	  73.734	Fill5	R	2	49	1	1632
6358	1	55	50.690	  71.000	  49.690	  62.970	  52.690	  58.835	Fill4	R	4	50	1	897
6358	1	56	45.627	  75.000	  58.000	  59.000	  61.107	  56.000	SimA2	R	1	49	1	2424
6358	1	57	52.000	  76.000	  74.000	  53.405	  44.000	  76.000	AttR1	R	5	49	2	1212
6358	1	58	75.000	  46.400	  74.000	  40.986	  76.000	  40.487	Fill2	R	4	50	1	1190
6358	1	59	82.000	  45.976	  58.000	  65.000	  43.837	  86.000	ComD2	R	3	49	2	1953
6358	1	60	46.000	  80.000	  81.000	  45.432	  39.000	  80.000	AttR1	R	2	49	1	6381
6358	1	61	48.886	  70.000	  47.886	  62.628	  49.886	  60.037	Fill4	R	5	51	1	1096
6358	1	62	49.714	  70.000	  47.714	  63.419	  50.714	  60.042	Fill4	R	3	50	1	760
6358	1	63	41.101	  89.000	  39.101	  80.126	  42.101	  73.917	Fill5	R	3	51	3	1029
6358	1	64	47.671	  73.000	  60.000	  58.000	  43.671	  79.686	SimA1	R	6	51	1	1336
6358	1	65	95.000	  38.505	  92.000	  35.033	  97.000	  32.948	Fill1	R	1	49	1	773
6358	1	66	62.000	  59.000	  60.000	  52.850	  63.000	  50.381	Fill3	R	6	51	1	1096
6358	1	67	83.000	  46.120	  58.000	  66.000	  45.035	  85.000	ComD2	R	4	51	2	1784
6358	1	68	52.000	  79.000	  77.000	  53.351	  43.000	  79.000	AttR1	R	4	50	1	955
6358	1	69	50.000	  80.000	  80.000	  50.000	  42.000	  80.000	AttR1	R	4	50	1	4328
6358	1	70	85.000	  46.400	  58.000	  68.000	  46.400	  85.000	ComD2	R	2	51	2	4109
6358	1	71	92.000	  37.826	  91.000	  33.055	  93.000	  32.376	Fill1	R	6	51	1	947
6358	1	72	98.000	  37.806	  82.000	  45.183	  57.000	  65.000	ComD1	R	2	51	2	984
6358	1	73	46.579	  76.000	  59.000	  60.000	  62.105	  57.000	SimA2	R	6	51	1	2172
6358	1	74	47.838	  74.000	  59.000	  60.000	  64.364	  55.000	SimA2	R	3	50	1	2005
6358	1	75	38.886	  88.000	  35.886	  81.312	  40.886	  70.610	Fill5	R	5	51	1	4977
6358	1	76	53.000	  80.000	  81.000	  52.346	  81.000	  43.346	AttR2	R	5	49	2	4899
6358	1	77	46.000	  80.000	  81.000	  45.432	  81.000	  38.432	AttR2	R	4	50	1	2720
6358	1	78	49.000	  82.000	  84.000	  47.833	  40.000	  82.000	AttR1	R	6	51	1	6437
6358	1	79	80.000	  46.400	  58.000	  64.000	  43.671	  85.000	ComD2	R	2	50	3	1830
6358	1	80	50.000	  81.000	  82.000	  49.390	  82.000	  41.390	AttR2	R	6	50	2	977
6358	1	81	101.000	  39.050	  85.000	  46.400	  58.000	  68.000	ComD1	R	5	49	2	2668
6358	1	82	82.000	  47.561	  60.000	  65.000	  44.318	  88.000	ComD2	R	2	50	3	4373
6358	1	83	49.000	  80.000	  81.000	  48.395	  81.000	  41.395	AttR2	R	1	50	2	1973
6358	1	84	48.635	  74.000	  61.000	  59.000	  44.635	  80.632	SimA1	R	2	50	3	3761
6358	1	85	49.000	  82.000	  84.000	  47.833	  84.000	  40.833	AttR2	R	3	49	2	1909
6358	1	86	75.000	  45.627	  73.000	  41.288	  77.000	  38.325	Fill2	R	4	50	1	1724
6358	1	87	47.838	  74.000	  59.000	  60.000	  43.838	  80.752	SimA1	R	4	50	1	2000
6358	1	88	48.325	  77.000	  61.000	  61.000	  65.281	  57.000	SimA2	R	4	49	3	5531
6358	1	89	45.627	  75.000	  58.000	  59.000	  42.627	  80.278	SimA1	R	1	49	1	5280
6358	1	90	50.000	  80.000	  80.000	  50.000	  80.000	  42.000	AttR2	R	2	51	2	1440
6358	2	1	38.216	  88.000	  36.216	  77.728	  40.216	  70.569	Fill5	R	3	50	1	12765
6358	2	2	96.000	  39.333	  80.000	  47.200	  59.000	  64.000	ComD1	R	2	51	2	1609
6358	2	3	52.000	  79.000	  79.000	  52.000	  45.000	  79.000	AttR1	R	5	49	2	4724
6358	2	4	47.811	  74.000	  61.000	  58.000	  42.811	  82.643	SimA1	R	5	51	1	2065
6358	2	5	49.028	  71.000	  48.028	  62.172	  50.028	  59.606	Fill4	R	4	50	1	1649
6358	2	6	49.282	  78.000	  62.000	  62.000	  65.153	  59.000	SimA2	R	4	50	1	3601
6358	2	7	47.838	  74.000	  60.000	  59.000	  43.838	  80.752	SimA1	R	2	49	1	1627
6358	2	8	47.368	  76.000	  60.000	  60.000	  63.158	  57.000	SimA2	R	3	50	1	3605
6358	2	9	53.000	  81.000	  82.000	  52.354	  46.000	  81.000	AttR1	R	3	50	1	1057
6358	2	10	96.000	  39.948	  81.000	  47.346	  59.000	  65.000	ComD1	R	4	51	2	3672
6358	2	11	46.667	  72.000	  43.667	  67.328	  48.667	  59.630	Fill4	R	2	50	3	2497
6358	2	12	62.000	  61.000	  61.000	  54.705	  65.000	  51.523	Fill3	R	4	50	1	3784
6358	2	13	50.973	  73.000	  47.973	  67.351	  51.973	  62.822	Fill4	R	4	50	1	1419
6358	2	14	47.532	  77.000	  60.000	  61.000	  42.532	  86.052	SimA1	R	2	49	1	1469
6358	2	15	61.000	  61.000	  59.000	  55.237	  63.000	  52.476	Fill3	R	2	50	3	1133
6358	2	16	49.000	  79.000	  77.000	  50.273	  40.000	  79.000	AttR1	R	2	49	1	2795
6358	2	17	40.890	  91.000	  39.890	  80.747	  42.890	  74.563	Fill5	R	1	49	1	4918
6358	2	18	73.000	  48.493	  70.000	  44.571	  76.000	  40.066	Fill2	R	5	51	1	6340
6358	2	19	71.000	  47.324	  68.000	  43.132	  73.000	  40.164	Fill2	R	2	49	1	2457
6358	2	20	47.368	  76.000	  60.000	  60.000	  42.368	  84.969	SimA1	R	2	49	1	1080
6358	2	21	49.000	  78.000	  77.000	  49.636	  42.000	  78.000	AttR1	R	3	50	1	1137
6358	2	22	81.000	  46.543	  58.000	  65.000	  43.333	  87.000	ComD2	R	4	50	1	3022
6358	2	23	47.000	  81.000	  81.000	  47.000	  38.000	  81.000	AttR1	R	4	50	1	1057
6358	2	24	90.000	  37.367	  88.000	  33.170	  92.000	  31.293	Fill1	R	3	50	1	1425
6358	2	25	50.000	  79.000	  81.000	  48.765	  81.000	  41.765	AttR2	R	3	50	1	6628
6358	2	26	91.000	  38.901	  89.000	  34.742	  92.000	  33.957	Fill1	R	1	49	1	2319
6358	2	27	94.000	  40.234	  91.000	  37.154	  95.000	  35.232	Fill1	R	2	49	1	2732
6358	2	28	90.000	  38.678	  87.000	  34.460	  91.000	  33.615	Fill1	R	2	49	1	1065
6358	2	29	56.000	  60.000	  53.000	  54.340	  59.000	  49.763	Fill3	R	4	50	1	6408
6358	2	30	81.000	  47.407	  60.000	  64.000	  43.146	  89.000	ComD2	R	4	50	1	1300
6358	2	31	39.112	  89.000	  37.112	  79.623	  40.112	  73.693	Fill5	R	1	49	1	2001
6358	2	32	47.811	  74.000	  61.000	  58.000	  64.327	  55.000	SimA2	R	5	50	3	1355
6358	2	33	47.200	  75.000	  59.000	  60.000	  64.364	  55.000	SimA2	R	3	50	1	1576
6358	2	34	48.325	  77.000	  61.000	  61.000	  64.155	  58.000	SimA2	R	3	50	1	956
6358	2	35	81.000	  47.346	  59.000	  65.000	  43.580	  88.000	ComD2	R	2	49	1	4241
6358	2	36	100.000	  38.860	  84.000	  46.262	  58.000	  67.000	ComD1	R	5	49	2	1241
6358	2	37	80.000	  47.125	  58.000	  65.000	  43.837	  86.000	ComD2	R	5	50	3	1440
6358	2	38	52.000	  78.000	  80.000	  50.700	  45.000	  78.000	AttR1	R	2	50	3	1529
6358	2	39	98.000	  39.735	  81.000	  48.074	  59.000	  66.000	ComD1	R	4	51	2	1334
6358	2	40	95.000	  40.421	  81.000	  47.407	  60.000	  64.000	ComD1	R	3	49	2	1260
6358	2	41	47.838	  74.000	  60.000	  59.000	  63.214	  56.000	SimA2	R	2	49	1	1620
6358	2	42	77.000	  48.325	  75.000	  44.267	  79.000	  41.278	Fill2	R	5	50	3	3229
6358	2	43	75.000	  46.413	  73.000	  42.192	  76.000	  40.118	Fill2	R	5	49	2	3552
6358	2	44	48.000	  78.000	  77.000	  48.623	  40.000	  78.000	AttR1	R	4	50	1	886
6358	2	45	48.000	  78.000	  77.000	  48.623	  77.000	  39.623	AttR2	R	2	51	2	1822
6358	2	46	89.000	  37.753	  87.000	  33.448	  92.000	  31.891	Fill1	R	5	51	1	1809
6358	2	47	49.282	  78.000	  62.000	  62.000	  45.282	  84.890	SimA1	R	4	50	1	2492
6358	2	48	47.532	  77.000	  60.000	  61.000	  63.103	  58.000	SimA2	R	5	51	1	940
6358	2	49	47.200	  75.000	  59.000	  60.000	  42.200	  83.886	SimA1	R	5	49	2	1848
6358	2	50	47.368	  76.000	  60.000	  60.000	  64.286	  56.000	SimA2	R	2	49	1	2456
6358	2	51	51.000	  80.000	  79.000	  51.646	  79.000	  42.646	AttR2	R	6	51	1	2065
6358	2	52	52.528	  72.000	  51.528	  64.354	  54.528	  61.272	Fill4	R	4	50	1	1249
6358	2	53	57.000	  59.000	  54.000	  54.037	  59.000	  48.593	Fill3	R	1	49	1	3401
6358	2	54	96.000	  39.271	  81.000	  46.543	  58.000	  65.000	ComD1	R	2	51	2	3156
6358	2	55	49.000	  78.000	  77.000	  49.636	  41.000	  78.000	AttR1	R	3	50	1	3105
6358	2	56	37.753	  89.000	  36.753	  77.028	  39.753	  71.919	Fill5	R	6	51	1	1854
6358	2	57	71.000	  47.366	  70.000	  41.714	  72.000	  40.444	Fill2	R	5	51	1	1254
6358	2	58	82.000	  45.878	  57.000	  66.000	  44.786	  84.000	ComD2	R	1	49	1	1454
6358	2	59	48.132	  76.000	  59.000	  62.000	  63.069	  58.000	SimA2	R	2	50	3	1294
6358	2	60	39.775	  89.000	  38.775	  77.188	  40.775	  74.310	Fill5	R	6	51	1	942
6358	2	61	48.739	  69.000	  46.739	  62.432	  50.739	  57.037	Fill4	R	5	51	1	1860
6358	2	62	52.000	  79.000	  79.000	  52.000	  79.000	  44.000	AttR2	R	4	50	1	1892
6358	2	63	95.000	  39.684	  81.000	  46.543	  58.000	  65.000	ComD1	R	6	50	2	2620
6358	2	64	53.000	  81.000	  82.000	  52.354	  82.000	  44.354	AttR2	R	3	49	2	2782
6358	2	65	48.325	  77.000	  61.000	  61.000	  43.325	  85.886	SimA1	R	6	51	1	1200
6358	2	66	81.000	  46.543	  58.000	  65.000	  43.837	  86.000	ComD2	R	5	51	1	6484
6358	2	67	52.000	  78.000	  80.000	  50.700	  80.000	  42.700	AttR2	R	5	49	2	1147
6358	2	68	50.000	  79.000	  81.000	  48.765	  41.000	  79.000	AttR1	R	4	50	1	1041
6358	2	69	49.000	  78.000	  77.000	  49.636	  77.000	  41.636	AttR2	R	1	49	1	3881
6358	2	70	49.459	  74.000	  61.000	  60.000	  64.211	  57.000	SimA2	R	2	49	1	2209
6358	2	71	59.000	  59.000	  58.000	  52.103	  61.000	  50.098	Fill3	R	6	51	1	1252
6358	2	72	96.000	  39.188	  82.000	  45.878	  57.000	  66.000	ComD1	R	5	50	3	3965
6358	2	73	84.000	  46.262	  58.000	  67.000	  45.718	  85.000	ComD2	R	3	49	2	2385
6358	2	74	51.000	  80.000	  79.000	  51.646	  44.000	  80.000	AttR1	R	2	49	1	1196
6358	2	75	49.859	  71.000	  48.859	  64.000	  50.859	  61.739	Fill4	R	3	50	1	902
6358	2	76	59.000	  60.000	  57.000	  53.509	  60.000	  51.667	Fill3	R	2	49	1	1403
6358	2	77	80.000	  47.200	  59.000	  64.000	  43.402	  87.000	ComD2	R	4	51	2	8996
6358	2	78	94.000	  38.809	  79.000	  46.177	  57.000	  64.000	ComD1	R	1	51	3	1857
6358	2	79	47.368	  76.000	  60.000	  60.000	  42.368	  84.969	SimA1	R	5	49	2	2609
6358	2	80	49.000	  78.000	  77.000	  49.636	  77.000	  40.636	AttR2	R	3	50	1	1595
6358	2	81	48.132	  76.000	  59.000	  62.000	  45.132	  81.052	SimA1	R	4	49	3	2269
6358	2	82	47.000	  81.000	  81.000	  47.000	  81.000	  40.000	AttR2	R	1	50	2	1430
6358	2	83	76.000	  49.763	  73.000	  45.479	  77.000	  43.532	Fill2	R	1	49	1	1880
6358	2	84	49.000	  79.000	  77.000	  50.273	  77.000	  42.273	AttR2	R	4	51	2	849
6358	2	85	92.000	  40.446	  89.000	  37.169	  95.000	  34.842	Fill1	R	4	50	1	1217
6358	2	86	79.000	  46.177	  57.000	  64.000	  42.419	  86.000	ComD2	R	2	50	3	4042
6358	2	87	81.000	  48.074	  59.000	  66.000	  44.759	  87.000	ComD2	R	3	50	1	1188
6358	2	88	95.000	  39.684	  80.000	  47.125	  58.000	  65.000	ComD1	R	6	50	2	4557
6358	2	89	49.459	  74.000	  61.000	  60.000	  46.459	  78.778	SimA1	R	3	49	2	2283
6358	2	90	41.109	  92.000	  40.109	  80.606	  43.109	  75.112	Fill5	R	6	49	3	1500
6358	3	1	62.000	  58.000	  61.000	  52.066	  64.000	  48.766	Fill3	R	4	50	1	4862
6358	3	2	49.000	  80.000	  81.000	  48.395	  40.000	  80.000	AttR1	R	1	50	2	2061
6358	3	3	91.000	  36.967	  90.000	  32.867	  93.000	  31.022	Fill1	R	2	49	1	1453
6358	3	4	81.000	  47.346	  59.000	  65.000	  44.593	  86.000	ComD2	R	1	49	1	2397
6358	3	5	100.000	  39.530	  82.000	  48.207	  59.000	  67.000	ComD1	R	5	49	2	4473
6358	3	6	51.000	  82.000	  84.000	  49.786	  42.000	  82.000	AttR1	R	4	50	1	1000
6358	3	7	95.000	  40.368	  81.000	  47.346	  59.000	  65.000	ComD1	R	5	49	2	1435
6358	3	8	75.000	  46.413	  73.000	  41.795	  76.000	  40.408	Fill2	R	3	50	1	1084
6358	3	9	50.449	  69.000	  48.449	  61.652	  51.449	  57.979	Fill4	R	2	49	1	851
6358	3	10	40.198	  91.000	  37.198	  84.199	  41.198	  76.096	Fill5	R	5	50	3	1355
6358	3	11	59.000	  59.000	  57.000	  52.632	  62.000	  48.435	Fill3	R	3	50	1	1616
6358	3	12	51.000	  79.000	  81.000	  49.741	  81.000	  41.741	AttR2	R	2	49	1	1379
6358	3	13	50.110	  73.000	  48.110	  65.954	  52.110	  61.908	Fill4	R	5	51	1	1102
6358	3	14	47.838	  74.000	  59.000	  60.000	  63.214	  56.000	SimA2	R	4	49	3	1516
6358	3	15	91.000	  40.198	  88.000	  36.841	  94.000	  34.532	Fill1	R	4	50	1	768
6358	3	16	39.557	  88.000	  38.557	  76.044	  41.557	  70.674	Fill5	R	3	50	1	2019
6358	3	17	80.000	  46.400	  58.000	  64.000	  43.671	  85.000	ComD2	R	3	49	2	1877
6358	3	18	51.000	  82.000	  84.000	  49.786	  84.000	  40.786	AttR2	R	4	50	1	716
6358	3	19	48.635	  74.000	  61.000	  59.000	  65.436	  55.000	SimA2	R	2	50	3	1420
6358	3	20	47.838	  74.000	  60.000	  59.000	  64.364	  55.000	SimA2	R	2	50	3	1821
6358	3	21	73.000	  46.082	  70.000	  41.586	  76.000	  38.303	Fill2	R	4	50	1	1696
6358	3	22	79.000	  46.177	  57.000	  64.000	  43.429	  84.000	ComD2	R	4	49	3	2232
6358	3	23	50.000	  77.000	  79.000	  48.734	  79.000	  40.734	AttR2	R	6	51	1	1648
6358	3	24	50.000	  82.000	  84.000	  48.810	  84.000	  40.810	AttR2	R	6	51	1	1512
6358	3	25	75.000	  48.773	  73.000	  44.027	  77.000	  41.805	Fill2	R	3	50	1	1134
6358	3	26	49.000	  80.000	  82.000	  47.805	  82.000	  38.805	AttR2	R	5	49	2	772
6358	3	27	49.613	  75.000	  61.000	  61.000	  45.613	  81.577	SimA1	R	5	49	2	2006
6358	3	28	94.000	  38.809	  79.000	  46.177	  57.000	  64.000	ComD1	R	3	49	2	1824
6358	3	29	58.000	  58.000	  55.000	  53.818	  60.000	  48.300	Fill3	R	6	51	1	2155
6358	3	30	48.649	  74.000	  60.000	  60.000	  45.649	  78.863	SimA1	R	4	50	1	1801
6358	3	31	59.000	  59.000	  56.000	  53.464	  61.000	  49.803	Fill3	R	1	49	1	1643
6358	3	32	95.000	  38.463	  80.000	  45.675	  58.000	  63.000	ComD1	R	4	49	3	18476
6358	3	33	49.000	  78.000	  79.000	  48.380	  42.000	  78.000	AttR1	R	4	50	1	1219
6358	3	34	92.000	  37.837	  89.000	  34.225	  95.000	  31.589	Fill1	R	2	49	1	957
6358	3	35	50.000	  80.000	  79.000	  50.633	  43.000	  80.000	AttR1	R	5	51	1	3115
6358	3	36	83.000	  46.120	  58.000	  66.000	  44.512	  86.000	ComD2	R	3	51	3	1201
6358	3	37	48.800	  75.000	  61.000	  60.000	  44.800	  81.696	SimA1	R	2	49	1	1059
6358	3	38	94.000	  38.915	  92.000	  35.293	  96.000	  33.385	Fill1	R	2	49	1	1547
6358	3	39	97.000	  39.464	  83.000	  46.120	  58.000	  66.000	ComD1	R	6	50	2	984
6358	3	40	50.000	  77.000	  79.000	  48.734	  41.000	  77.000	AttR1	R	4	50	1	1115
6358	3	41	51.000	  79.000	  81.000	  49.741	  43.000	  79.000	AttR1	R	6	51	1	2288
6358	3	42	75.000	  46.413	  74.000	  40.311	  78.000	  38.641	Fill2	R	1	49	1	1288
6358	3	43	52.257	  70.000	  49.257	  64.965	  54.257	  59.826	Fill4	R	1	49	1	1464
6358	3	44	41.568	  88.000	  39.568	  79.660	  43.568	  72.438	Fill5	R	5	51	1	3048
6358	3	45	49.613	  75.000	  61.000	  61.000	  65.281	  57.000	SimA2	R	4	50	1	1160
6358	3	46	50.000	  78.000	  77.000	  50.649	  77.000	  41.649	AttR2	R	2	49	1	1357
6358	3	47	96.000	  38.000	  80.000	  45.600	  57.000	  64.000	ComD1	R	6	50	2	1011
6358	3	48	82.000	  48.207	  59.000	  67.000	  45.965	  86.000	ComD2	R	6	51	1	1270
6358	3	49	95.000	  40.368	  81.000	  47.346	  59.000	  65.000	ComD1	R	2	51	2	1934
6358	3	50	98.000	  38.469	  82.000	  45.976	  58.000	  65.000	ComD1	R	2	51	2	1755
6358	3	51	48.635	  74.000	  61.000	  59.000	  43.635	  82.479	SimA1	R	5	50	3	1625
6358	3	52	52.116	  69.000	  50.116	  62.834	  54.116	  58.874	Fill4	R	2	49	1	1363
6358	3	53	51.000	  79.000	  81.000	  49.741	  81.000	  42.741	AttR2	R	3	50	1	2360
6358	3	54	49.000	  78.000	  79.000	  48.380	  79.000	  40.380	AttR2	R	1	50	2	3389
6358	3	55	80.000	  45.675	  58.000	  63.000	  42.488	  86.000	ComD2	R	1	49	1	2137
6358	3	56	49.000	  80.000	  81.000	  48.395	  81.000	  40.395	AttR2	R	5	49	2	1846
6358	3	57	81.000	  47.346	  59.000	  65.000	  43.580	  88.000	ComD2	R	3	50	1	1357
6358	3	58	39.112	  89.000	  38.112	  77.245	  40.112	  74.142	Fill5	R	4	49	3	1635
6358	3	59	38.227	  88.000	  36.227	  77.870	  40.227	  70.947	Fill5	R	2	49	1	1788
6358	3	60	46.579	  76.000	  59.000	  60.000	  43.579	  81.232	SimA1	R	6	49	3	1693
6358	3	61	48.000	  75.000	  60.000	  60.000	  64.286	  56.000	SimA2	R	3	49	2	6693
6358	3	62	77.000	  47.506	  74.000	  43.176	  78.000	  41.551	Fill2	R	3	50	1	2718
6358	3	63	92.000	  37.837	  89.000	  34.416	  94.000	  32.415	Fill1	R	5	51	1	2252
6358	3	64	62.000	  59.000	  59.000	  55.136	  63.000	  51.111	Fill3	R	4	50	1	1115
6358	3	65	49.000	  80.000	  82.000	  47.805	  42.000	  80.000	AttR1	R	3	49	2	1128
6358	3	66	48.000	  75.000	  60.000	  60.000	  43.000	  83.721	SimA1	R	6	51	1	1461
6358	3	67	49.471	  68.000	  46.471	  63.309	  50.471	  57.836	Fill4	R	4	50	1	1229
6358	3	68	50.000	  82.000	  84.000	  48.810	  43.000	  82.000	AttR1	R	6	51	1	2088
6358	3	69	47.838	  74.000	  59.000	  60.000	  42.838	  82.637	SimA1	R	1	49	1	2200
6358	3	70	50.000	  80.000	  79.000	  50.633	  79.000	  43.633	AttR2	R	3	50	1	3971
6358	3	71	48.649	  74.000	  60.000	  60.000	  63.158	  57.000	SimA2	R	4	49	3	3566
6358	3	72	81.000	  47.259	  58.000	  66.000	  45.035	  85.000	ComD2	R	5	49	2	3361
6358	3	73	49.613	  75.000	  61.000	  61.000	  65.281	  57.000	SimA2	R	2	49	1	1482
6358	3	74	80.000	  45.600	  57.000	  64.000	  42.419	  86.000	ComD2	R	6	49	3	2958
6358	3	75	96.000	  38.667	  80.000	  46.400	  58.000	  64.000	ComD1	R	4	51	2	1996
6358	3	76	47.838	  74.000	  60.000	  59.000	  43.838	  80.752	SimA1	R	1	49	1	1838
6358	3	77	46.579	  76.000	  59.000	  60.000	  62.105	  57.000	SimA2	R	3	51	3	5685
6358	3	78	96.000	  39.875	  81.000	  47.259	  58.000	  66.000	ComD1	R	2	51	2	1718
6358	3	79	40.404	  89.000	  38.404	  80.459	  41.404	  74.412	Fill5	R	4	50	1	1820
6358	3	80	51.000	  79.000	  81.000	  49.741	  44.000	  79.000	AttR1	R	6	51	1	5198
6358	3	81	50.000	  78.000	  77.000	  50.649	  41.000	  78.000	AttR1	R	4	50	1	961
6358	3	82	48.800	  75.000	  61.000	  60.000	  65.357	  56.000	SimA2	R	6	51	1	4006
6358	3	83	95.000	  37.853	  93.000	  33.925	  97.000	  32.619	Fill1	R	3	50	1	1265
6358	3	84	49.613	  75.000	  61.000	  61.000	  44.613	  83.406	SimA1	R	2	49	1	2569
6358	3	85	82.000	  45.976	  58.000	  65.000	  43.333	  87.000	ComD2	R	1	49	1	2652
6358	3	86	48.000	  75.000	  60.000	  60.000	  63.158	  57.000	SimA2	R	4	49	3	1315
6358	3	87	48.000	  75.000	  60.000	  60.000	  43.000	  83.721	SimA1	R	6	51	1	1313
6358	3	88	77.000	  46.701	  75.000	  41.693	  80.000	  38.987	Fill2	R	6	51	1	966
6358	3	89	59.000	  62.000	  56.000	  57.482	  61.000	  52.164	Fill3	R	5	51	1	1104
6358	3	90	50.449	  69.000	  48.449	  61.570	  51.449	  59.748	Fill4	R	4	50	1	934
6358	4	1	48.158	  76.000	  60.000	  61.000	  63.103	  58.000	SimA2	R	5	51	1	5013
6358	4	2	50.000	  79.000	  80.000	  49.375	  43.000	  79.000	AttR1	R	2	49	1	974
6358	4	3	61.000	  62.000	  60.000	  55.233	  64.000	  52.469	Fill3	R	1	49	1	1609
6358	4	4	47.987	  75.000	  61.000	  59.000	  64.268	  56.000	SimA2	R	3	51	3	1931
6358	4	5	97.000	  40.144	  82.000	  47.488	  59.000	  66.000	ComD1	R	6	50	2	904
6358	4	6	49.613	  75.000	  61.000	  61.000	  46.613	  79.827	SimA1	R	5	51	1	1261
6358	4	7	76.000	  48.158	  73.000	  44.205	  77.000	  41.714	Fill2	R	6	51	1	1485
6358	4	8	46.413	  75.000	  59.000	  59.000	  64.463	  54.000	SimA2	R	2	49	1	2302
6358	4	9	97.000	  38.268	  80.000	  46.400	  58.000	  64.000	ComD1	R	2	51	2	1332
6358	4	10	94.000	  38.809	  80.000	  45.600	  57.000	  64.000	ComD1	R	4	51	2	1160
6358	4	11	40.667	  93.000	  37.667	  86.310	  42.667	  76.430	Fill5	R	4	49	3	1238
6358	4	12	48.595	  74.000	  62.000	  58.000	  66.593	  54.000	SimA2	R	6	51	1	1429
6358	4	13	48.000	  81.000	  81.000	  48.000	  81.000	  39.000	AttR2	R	3	50	1	1753
6358	4	14	46.740	  77.000	  59.000	  61.000	  41.740	  86.224	SimA1	R	6	51	1	1358
6358	4	15	47.685	  73.000	  59.000	  59.000	  62.161	  56.000	SimA2	R	1	49	1	747
6358	4	16	40.667	  90.000	  39.667	  78.782	  42.667	  73.711	Fill5	R	1	49	1	1584
6358	4	17	40.220	  91.000	  37.220	  84.632	  41.220	  76.517	Fill5	R	5	51	1	1091
6358	4	18	82.000	  45.976	  58.000	  65.000	  43.333	  87.000	ComD2	R	5	51	1	4244
6358	4	19	60.000	  61.000	  58.000	  55.155	  61.000	  52.393	Fill3	R	5	51	1	7444
6358	4	20	48.000	  82.000	  84.000	  46.857	  41.000	  82.000	AttR1	R	4	50	1	1724
6358	4	21	80.000	  46.400	  58.000	  64.000	  43.163	  86.000	ComD2	R	3	49	2	2392
6358	4	22	81.000	  48.148	  60.000	  65.000	  43.820	  89.000	ComD2	R	5	51	1	1292
6358	4	23	51.000	  80.000	  78.000	  52.308	  42.000	  80.000	AttR1	R	1	50	2	860
6358	4	24	39.557	  88.000	  38.557	  76.044	  41.557	  71.589	Fill5	R	2	49	1	1108
6358	4	25	51.108	  74.000	  49.108	  68.848	  52.108	  64.232	Fill4	R	2	49	1	1185
6358	4	26	39.783	  92.000	  36.783	  85.611	  40.783	  76.528	Fill5	R	4	49	3	1277
6358	4	27	47.987	  75.000	  61.000	  59.000	  44.987	  80.001	SimA1	R	2	50	3	1187
6358	4	28	47.685	  73.000	  59.000	  59.000	  44.685	  77.901	SimA1	R	4	49	3	1046
6358	4	29	96.000	  38.594	  82.000	  45.183	  57.000	  65.000	ComD1	R	4	51	2	1014
6358	4	30	82.000	  45.183	  57.000	  65.000	  43.588	  85.000	ComD2	R	1	50	2	1897
6358	4	31	61.000	  60.000	  60.000	  53.317	  64.000	  49.797	Fill3	R	5	51	1	2121
6358	4	32	92.000	  39.783	  90.000	  35.644	  93.000	  34.817	Fill1	R	5	51	1	798
6358	4	33	49.000	  80.000	  80.000	  49.000	  41.000	  80.000	AttR1	R	1	49	1	1329
6358	4	34	76.000	  48.158	  74.000	  42.797	  79.000	  40.658	Fill2	R	3	50	1	1126
6358	4	35	50.000	  81.000	  80.000	  50.625	  42.000	  81.000	AttR1	R	4	50	1	1371
6358	4	36	75.000	  48.800	  73.000	  43.740	  76.000	  41.632	Fill2	R	6	51	1	1422
6358	4	37	49.613	  75.000	  61.000	  61.000	  64.155	  58.000	SimA2	R	3	51	3	3969
6358	4	38	50.000	  79.000	  80.000	  49.375	  80.000	  41.375	AttR2	R	4	50	1	924
6358	4	39	95.000	  39.684	  80.000	  47.125	  58.000	  65.000	ComD1	R	5	49	2	1288
6358	4	40	96.000	  40.625	  81.000	  48.148	  60.000	  65.000	ComD1	R	2	51	2	1537
6358	4	41	90.000	  38.678	  87.000	  35.092	  91.000	  33.626	Fill1	R	6	51	1	1141
6358	4	42	93.000	  38.065	  91.000	  34.242	  96.000	  31.958	Fill1	R	3	50	1	1404
6358	4	43	96.000	  39.875	  82.000	  46.683	  58.000	  66.000	ComD1	R	6	50	2	1189
6358	4	44	47.838	  74.000	  60.000	  59.000	  42.838	  82.637	SimA1	R	2	49	1	1569
6358	4	45	60.000	  61.000	  59.000	  54.661	  61.000	  52.639	Fill3	R	5	51	1	1468
6358	4	46	60.000	  59.000	  58.000	  53.362	  63.000	  49.429	Fill3	R	4	50	1	1524
6358	4	47	82.000	  47.488	  59.000	  66.000	  44.759	  87.000	ComD2	R	2	50	3	1841
6358	4	48	49.000	  80.000	  80.000	  49.000	  80.000	  42.000	AttR2	R	1	50	2	1417
6358	4	49	47.200	  75.000	  59.000	  60.000	  63.214	  56.000	SimA2	R	5	50	3	1636
6358	4	50	80.000	  46.312	  57.000	  65.000	  44.107	  84.000	ComD2	R	1	50	2	2108
6358	4	51	48.961	  76.000	  61.000	  61.000	  45.961	  80.961	SimA1	R	1	49	1	1169
6358	4	52	82.000	  46.683	  58.000	  66.000	  44.000	  87.000	ComD2	R	2	49	1	2460
6358	4	53	51.000	  83.000	  82.000	  51.622	  43.000	  83.000	AttR1	R	4	51	2	908
6358	4	54	46.740	  77.000	  59.000	  61.000	  64.268	  56.000	SimA2	R	4	50	1	1393
6358	4	55	49.000	  80.000	  81.000	  48.395	  42.000	  80.000	AttR1	R	4	50	1	1388
6358	4	56	49.000	  80.000	  81.000	  48.395	  81.000	  40.395	AttR2	R	5	51	1	911
6358	4	57	97.000	  38.866	  82.000	  45.976	  58.000	  65.000	ComD1	R	2	51	2	1116
6358	4	58	96.000	  38.594	  80.000	  46.312	  57.000	  65.000	ComD1	R	2	51	2	1306
6358	4	59	93.000	  40.667	  91.000	  36.725	  96.000	  34.562	Fill1	R	3	50	1	902
6358	4	60	48.961	  76.000	  61.000	  61.000	  66.446	  56.000	SimA2	R	2	50	3	2292
6358	4	61	51.304	  69.000	  48.304	  65.005	  53.304	  57.631	Fill4	R	4	50	1	1420
6358	4	62	52.000	  81.000	  81.000	  52.000	  81.000	  43.000	AttR2	R	3	50	1	1406
6358	4	63	50.833	  72.000	  48.833	  65.283	  52.833	  61.174	Fill4	R	4	50	1	2152
6358	4	64	76.000	  49.763	  74.000	  45.257	  77.000	  43.208	Fill2	R	4	51	2	1686
6358	4	65	92.000	  39.783	  91.000	  35.736	  95.000	  33.453	Fill1	R	2	49	1	862
6358	4	66	51.000	  83.000	  82.000	  51.622	  82.000	  42.622	AttR2	R	1	49	1	1966
6358	4	67	50.833	  72.000	  47.833	  66.711	  51.833	  61.968	Fill4	R	2	49	1	1200
6358	4	68	91.000	  40.220	  88.000	  35.920	  92.000	  35.315	Fill1	R	6	51	1	892
6358	4	69	50.000	  81.000	  80.000	  50.625	  80.000	  42.625	AttR2	R	2	49	1	4340
6358	4	70	52.000	  81.000	  81.000	  52.000	  44.000	  81.000	AttR1	R	3	50	1	2569
6358	4	71	48.000	  81.000	  81.000	  48.000	  41.000	  81.000	AttR1	R	3	50	1	1628
6358	4	72	73.000	  47.685	  72.000	  42.264	  74.000	  40.581	Fill2	R	2	49	1	1014
6358	4	73	49.000	  80.000	  81.000	  48.395	  81.000	  39.395	AttR2	R	2	51	2	1297
6358	4	74	39.333	  90.000	  37.333	  80.116	  40.333	  74.826	Fill5	R	3	50	1	4713
6358	4	75	49.729	  70.000	  47.729	  64.259	  51.729	  58.807	Fill4	R	5	51	1	918
6358	4	76	80.000	  46.312	  57.000	  65.000	  43.588	  85.000	ComD2	R	4	50	1	1187
6358	4	77	47.838	  74.000	  60.000	  59.000	  65.556	  54.000	SimA2	R	4	49	3	1629
6358	4	78	48.595	  74.000	  62.000	  58.000	  45.595	  78.869	SimA1	R	1	49	1	1120
6358	4	79	51.000	  80.000	  78.000	  52.308	  78.000	  43.308	AttR2	R	6	51	1	1165
6358	4	80	48.000	  82.000	  84.000	  46.857	  84.000	  38.857	AttR2	R	3	50	1	1265
6358	4	81	97.000	  38.196	  80.000	  46.312	  57.000	  65.000	ComD1	R	4	51	2	1185
6358	4	82	76.000	  46.579	  75.000	  41.733	  78.000	  40.192	Fill2	R	4	50	1	1564
6358	4	83	49.000	  80.000	  81.000	  48.395	  41.000	  80.000	AttR1	R	1	49	1	2889
6358	4	84	59.000	  59.000	  56.000	  54.089	  60.000	  50.433	Fill3	R	5	51	1	761
6358	4	85	80.000	  47.125	  58.000	  65.000	  43.837	  86.000	ComD2	R	1	49	1	1694
6358	4	86	47.200	  75.000	  59.000	  60.000	  43.200	  81.944	SimA1	R	5	51	1	1479
6358	4	87	52.286	  70.000	  51.286	  61.869	  54.286	  59.887	Fill4	R	4	50	1	862
6358	4	88	46.413	  75.000	  59.000	  59.000	  41.413	  84.055	SimA1	R	5	51	1	1381
6358	4	89	48.158	  76.000	  60.000	  61.000	  44.158	  82.884	SimA1	R	1	49	1	1592
6358	4	90	80.000	  45.600	  57.000	  64.000	  42.918	  85.000	ComD2	R	5	49	2	2372
6358	5	1	50.000	  81.000	  83.000	  48.795	  83.000	  40.795	AttR2	R	5	51	1	7077
6358	5	2	47.200	  75.000	  60.000	  59.000	  65.556	  54.000	SimA2	R	4	50	1	909
6358	5	3	48.800	  75.000	  61.000	  60.000	  45.800	  79.913	SimA1	R	5	51	1	1563
6358	5	4	62.000	  59.000	  61.000	  51.885	  64.000	  50.500	Fill3	R	5	51	1	1649
6358	5	5	88.000	  38.864	  86.000	  34.512	  90.000	  33.178	Fill1	R	2	49	1	752
6358	5	6	46.413	  75.000	  59.000	  59.000	  62.161	  56.000	SimA2	R	1	49	1	3893
6358	5	7	51.000	  81.000	  80.000	  51.638	  42.000	  81.000	AttR1	R	4	50	1	1118
6358	5	8	50.000	  79.000	  80.000	  49.375	  41.000	  79.000	AttR1	R	4	50	1	884
6358	5	9	50.077	  78.000	  62.000	  63.000	  47.077	  82.971	SimA1	R	6	51	1	1363
6358	5	10	46.877	  73.000	  58.000	  59.000	  61.107	  56.000	SimA2	R	4	50	1	2424
6358	5	11	74.000	  47.041	  73.000	  42.205	  76.000	  40.224	Fill2	R	1	49	1	1043
6358	5	12	96.000	  39.271	  81.000	  46.543	  58.000	  65.000	ComD1	R	3	49	2	2731
6358	5	13	76.000	  47.355	  74.000	  43.189	  78.000	  40.795	Fill2	R	5	51	1	1616
6358	5	14	81.000	  48.074	  59.000	  66.000	  45.279	  86.000	ComD2	R	1	50	2	2428
6358	5	15	50.000	  80.000	  80.000	  50.000	  80.000	  41.000	AttR2	R	5	49	2	685
6358	5	16	47.532	  77.000	  60.000	  61.000	  63.103	  58.000	SimA2	R	6	51	1	941
6358	5	17	80.000	  45.600	  57.000	  64.000	  42.419	  86.000	ComD2	R	3	50	1	1555
6358	5	18	94.000	  38.936	  91.000	  35.670	  97.000	  32.701	Fill1	R	1	49	1	1120
6358	5	19	80.000	  47.125	  58.000	  65.000	  43.333	  87.000	ComD2	R	6	51	1	2525
6358	5	20	93.000	  39.333	  91.000	  34.879	  95.000	  34.168	Fill1	R	4	50	1	1268
6358	5	21	48.158	  76.000	  61.000	  60.000	  45.158	  81.049	SimA1	R	2	49	1	1531
6358	5	22	76.000	  48.158	  73.000	  44.178	  79.000	  41.076	Fill2	R	5	51	1	1248
6358	5	23	97.000	  40.144	  82.000	  47.488	  59.000	  66.000	ComD1	R	2	51	2	1264
6358	5	24	38.000	  90.000	  35.000	  82.571	  39.000	  74.718	Fill5	R	4	50	1	832
6358	5	25	47.200	  75.000	  60.000	  59.000	  44.200	  80.090	SimA1	R	5	50	3	1712
6358	5	26	99.000	  38.667	  83.000	  46.120	  58.000	  66.000	ComD1	R	6	49	3	1061
6358	5	27	59.000	  59.000	  57.000	  53.754	  61.000	  49.180	Fill3	R	4	50	1	1101
6358	5	28	50.000	  78.000	  79.000	  49.367	  43.000	  78.000	AttR1	R	6	51	1	1291
6358	5	29	60.000	  60.000	  59.000	  53.220	  61.000	  51.934	Fill3	R	5	51	1	2956
6358	5	30	82.000	  45.878	  57.000	  66.000	  44.786	  84.000	ComD2	R	4	49	3	1761
6358	5	31	52.159	  69.000	  50.159	  63.637	  54.159	  58.863	Fill4	R	1	49	1	1421
6358	5	32	50.000	  80.000	  80.000	  50.000	  42.000	  80.000	AttR1	R	6	51	1	1040
6358	5	33	53.014	  69.000	  52.014	  61.906	  55.014	  58.366	Fill4	R	3	50	1	1072
6358	5	34	41.568	  88.000	  40.568	  77.401	  43.568	  71.750	Fill5	R	5	51	1	2592
6358	5	35	98.000	  38.469	  80.000	  47.125	  58.000	  65.000	ComD1	R	5	49	2	1275
6358	5	36	91.000	  38.253	  88.000	  34.432	  92.000	  32.804	Fill1	R	5	51	1	1843
6358	5	37	97.000	  37.608	  80.000	  45.600	  57.000	  64.000	ComD1	R	2	51	2	1747
6358	5	38	47.532	  77.000	  60.000	  61.000	  44.532	  82.187	SimA1	R	2	49	1	1952
6358	5	39	46.877	  73.000	  58.000	  59.000	  41.877	  81.716	SimA1	R	4	50	1	2477
6358	5	40	50.077	  78.000	  62.000	  63.000	  67.345	  58.000	SimA2	R	4	49	3	2517
6358	5	41	50.833	  72.000	  47.833	  67.296	  51.833	  61.621	Fill4	R	6	50	2	3052
6358	5	42	49.028	  71.000	  46.028	  65.373	  50.028	  61.325	Fill4	R	5	51	1	931
6358	5	43	83.000	  46.120	  58.000	  66.000	  44.512	  86.000	ComD2	R	5	49	2	1385
6358	5	44	51.000	  79.000	  80.000	  50.362	  42.000	  79.000	AttR1	R	2	49	1	2755
6358	5	45	81.000	  46.543	  58.000	  65.000	  44.353	  85.000	ComD2	R	5	50	3	1392
6358	5	46	46.413	  75.000	  59.000	  59.000	  42.413	  82.073	SimA1	R	2	50	3	1692
6358	5	47	83.000	  45.325	  57.000	  66.000	  44.786	  84.000	ComD2	R	4	49	3	1883
6358	5	48	54.000	  82.000	  80.000	  55.350	  47.000	  82.000	AttR1	R	3	50	1	1516
6358	5	49	50.000	  81.000	  83.000	  48.795	  43.000	  81.000	AttR1	R	6	51	1	920
6358	5	50	50.110	  73.000	  62.000	  59.000	  46.110	  79.333	SimA1	R	2	49	1	1358
6358	5	51	75.000	  48.000	  74.000	  43.189	  76.000	  41.303	Fill2	R	3	50	1	1388
6358	5	52	97.000	  38.196	  82.000	  45.183	  57.000	  65.000	ComD1	R	5	49	2	1037
6358	5	53	51.000	  82.000	  82.000	  51.000	  82.000	  42.000	AttR2	R	3	49	2	1149
6358	5	54	61.000	  59.000	  59.000	  52.644	  64.000	  48.797	Fill3	R	4	50	1	2011
6358	5	55	80.000	  46.400	  58.000	  64.000	  43.163	  86.000	ComD2	R	2	49	1	1541
6358	5	56	40.438	  89.000	  38.438	  80.155	  42.438	  72.105	Fill5	R	3	50	1	1340
6358	5	57	77.000	  47.506	  75.000	  42.907	  80.000	  40.487	Fill2	R	2	49	1	816
6358	5	58	48.800	  75.000	  60.000	  61.000	  63.103	  58.000	SimA2	R	5	51	1	939
6358	5	59	50.000	  82.000	  84.000	  48.810	  84.000	  39.810	AttR2	R	4	51	2	2280
6358	5	60	91.000	  39.560	  88.000	  35.784	  94.000	  33.457	Fill1	R	5	51	1	856
6358	5	61	71.000	  48.169	  70.000	  42.700	  74.000	  39.554	Fill2	R	4	50	1	760
6358	5	62	54.000	  82.000	  80.000	  55.350	  80.000	  46.350	AttR2	R	1	50	2	942
6358	5	63	40.667	  90.000	  38.667	  80.534	  41.667	  75.816	Fill5	R	5	51	1	1276
6358	5	64	51.000	  82.000	  82.000	  51.000	  42.000	  82.000	AttR1	R	3	49	2	1212
6358	5	65	97.000	  40.144	  81.000	  48.074	  59.000	  66.000	ComD1	R	5	49	2	901
6358	5	66	40.449	  89.000	  37.449	  82.511	  42.449	  72.557	Fill5	R	4	50	1	867
6358	5	67	47.838	  74.000	  60.000	  59.000	  43.838	  80.752	SimA1	R	4	50	1	1627
6358	5	68	92.000	  39.120	  89.000	  35.787	  95.000	  32.758	Fill1	R	5	51	1	877
6358	5	69	51.000	  79.000	  80.000	  50.362	  80.000	  41.362	AttR2	R	2	51	2	1469
6358	5	70	48.158	  76.000	  61.000	  60.000	  64.211	  57.000	SimA2	R	1	49	1	880
6358	5	71	50.110	  73.000	  62.000	  59.000	  65.321	  56.000	SimA2	R	4	50	1	1078
6358	5	72	48.169	  71.000	  47.169	  62.520	  49.169	  59.651	Fill4	R	6	51	1	958
6358	5	73	50.000	  82.000	  84.000	  48.810	  41.000	  82.000	AttR1	R	1	49	1	891
6358	5	74	82.000	  47.488	  59.000	  66.000	  45.279	  86.000	ComD2	R	3	50	1	1443
6358	5	75	96.000	  39.188	  82.000	  45.878	  57.000	  66.000	ComD1	R	4	49	3	771
6358	5	76	50.000	  79.000	  80.000	  49.375	  80.000	  40.375	AttR2	R	3	50	1	622
6358	5	77	50.000	  72.000	  48.000	  65.875	  51.000	  60.863	Fill4	R	4	50	1	657
6358	5	78	96.000	  38.667	  80.000	  46.400	  58.000	  64.000	ComD1	R	3	49	2	1376
6358	5	79	82.000	  45.183	  57.000	  65.000	  44.107	  84.000	ComD2	R	3	51	3	1164
6358	5	80	39.112	  89.000	  38.112	  77.088	  41.112	  72.338	Fill5	R	2	49	1	1761
6358	5	81	48.800	  75.000	  61.000	  60.000	  66.545	  55.000	SimA2	R	5	51	1	2237
6358	5	82	47.838	  74.000	  60.000	  59.000	  64.364	  55.000	SimA2	R	4	50	1	1678
6358	5	83	49.000	  80.000	  79.000	  49.620	  42.000	  80.000	AttR1	R	1	49	1	3846
6358	5	84	49.000	  80.000	  79.000	  49.620	  79.000	  42.620	AttR2	R	3	49	2	1806
6358	5	85	57.000	  60.000	  55.000	  54.145	  60.000	  50.067	Fill3	R	5	51	1	1920
6358	5	86	99.000	  38.000	  83.000	  45.325	  57.000	  66.000	ComD1	R	3	51	3	870
6358	5	87	61.000	  60.000	  58.000	  55.483	  64.000	  49.875	Fill3	R	4	50	1	894
6358	5	88	51.000	  81.000	  80.000	  51.638	  80.000	  44.638	AttR2	R	3	50	1	1213
6358	5	89	48.800	  75.000	  60.000	  61.000	  43.800	  83.562	SimA1	R	2	49	1	1265
6358	5	90	50.000	  78.000	  79.000	  49.367	  79.000	  41.367	AttR2	R	3	49	2	2616
6358	6	1	48.000	  75.000	  60.000	  60.000	  43.000	  83.721	SimA1	R	5	51	1	2685
6358	6	2	46.740	  77.000	  59.000	  61.000	  43.740	  82.281	SimA1	R	5	51	1	912
6358	6	3	47.671	  73.000	  60.000	  58.000	  44.671	  77.902	SimA1	R	3	51	3	1542
6358	6	4	62.000	  61.000	  60.000	  56.067	  64.000	  52.609	Fill3	R	4	50	1	1092
6358	6	5	75.000	  47.173	  73.000	  42.397	  76.000	  40.513	Fill2	R	1	49	1	1124
6358	6	6	49.000	  80.000	  78.000	  50.256	  42.000	  80.000	AttR1	R	4	50	1	968
6358	6	7	49.000	  80.000	  78.000	  50.256	  78.000	  41.256	AttR2	R	3	49	2	1243
6358	6	8	48.000	  75.000	  60.000	  60.000	  63.158	  57.000	SimA2	R	2	49	1	1731
6358	6	9	59.000	  60.000	  58.000	  53.810	  60.000	  51.067	Fill3	R	5	51	1	1464
6358	6	10	81.000	  46.444	  57.000	  66.000	  43.744	  86.000	ComD2	R	3	49	2	1345
6358	6	11	82.000	  45.976	  58.000	  65.000	  43.837	  86.000	ComD2	R	5	51	1	1614
6358	6	12	76.000	  48.158	  75.000	  43.413	  78.000	  40.654	Fill2	R	2	49	1	720
6358	6	13	40.000	  90.000	  38.000	  81.263	  42.000	  73.357	Fill5	R	1	49	1	1726
6358	6	14	80.000	  47.938	  59.000	  65.000	  44.593	  86.000	ComD2	R	5	50	3	3451
6358	6	15	48.635	  74.000	  61.000	  59.000	  43.635	  82.479	SimA1	R	4	50	1	1204
6358	6	16	91.000	  40.220	  89.000	  36.618	  93.000	  34.054	Fill1	R	1	49	1	855
6358	6	17	47.838	  74.000	  59.000	  60.000	  44.838	  78.951	SimA1	R	5	51	1	1230
6358	6	18	39.775	  89.000	  37.775	  79.655	  41.775	  72.579	Fill5	R	6	49	3	1162
6358	6	19	52.000	  79.000	  78.000	  52.667	  45.000	  79.000	AttR1	R	5	49	2	1285
6358	6	20	50.000	  80.000	  82.000	  48.780	  82.000	  39.780	AttR2	R	4	50	1	742
6358	6	21	97.000	  39.536	  80.000	  47.938	  59.000	  65.000	ComD1	R	2	51	2	1628
6358	6	22	48.961	  76.000	  61.000	  61.000	  66.446	  56.000	SimA2	R	5	50	3	1581
6358	6	23	76.000	  47.368	  73.000	  42.616	  79.000	  40.405	Fill2	R	3	50	1	777
6358	6	24	50.000	  80.000	  82.000	  48.780	  41.000	  80.000	AttR1	R	5	49	2	916
6358	6	25	48.635	  74.000	  61.000	  59.000	  66.648	  54.000	SimA2	R	2	49	1	1401
6358	6	26	47.671	  73.000	  60.000	  58.000	  63.273	  55.000	SimA2	R	2	49	1	764
6358	6	27	52.000	  79.000	  78.000	  52.667	  78.000	  43.667	AttR2	R	3	49	2	1153
6358	6	28	97.000	  38.196	  82.000	  45.183	  57.000	  65.000	ComD1	R	5	49	2	1629
6358	6	29	48.158	  76.000	  61.000	  60.000	  45.158	  81.049	SimA1	R	5	50	3	752
6358	6	30	73.000	  48.493	  72.000	  42.306	  75.000	  41.707	Fill2	R	3	50	1	750
6358	6	31	52.528	  72.000	  51.528	  63.771	  54.528	  60.868	Fill4	R	4	50	1	732
6358	6	32	98.000	  38.388	  81.000	  46.444	  57.000	  66.000	ComD1	R	3	49	2	1376
6358	6	33	47.368	  76.000	  60.000	  60.000	  63.158	  57.000	SimA2	R	4	49	3	1748
6358	6	34	47.368	  76.000	  60.000	  60.000	  42.368	  84.969	SimA1	R	5	51	1	1505
6358	6	35	52.029	  68.000	  50.029	  62.543	  54.029	  57.302	Fill4	R	4	50	1	758
6358	6	36	49.000	  80.000	  81.000	  48.395	  42.000	  80.000	AttR1	R	5	51	1	1028
6358	6	37	50.000	  82.000	  84.000	  48.810	  84.000	  40.810	AttR2	R	4	50	1	1142
6358	6	38	47.368	  76.000	  60.000	  60.000	  43.368	  83.010	SimA1	R	4	50	1	1636
6358	6	39	50.571	  70.000	  47.571	  64.724	  52.571	  58.054	Fill4	R	3	50	1	1708
6358	6	40	60.000	  61.000	  59.000	  53.729	  62.000	  51.032	Fill3	R	4	49	3	1177
6358	6	41	50.000	  82.000	  84.000	  48.810	  43.000	  82.000	AttR1	R	6	50	2	2828
6358	6	42	48.649	  74.000	  60.000	  60.000	  64.286	  56.000	SimA2	R	2	50	3	1933
6358	6	43	50.833	  72.000	  48.833	  66.307	  51.833	  62.605	Fill4	R	4	50	1	948
6358	6	44	95.000	  39.811	  94.000	  35.894	  98.000	  33.837	Fill1	R	5	51	1	1233
6358	6	45	41.109	  92.000	  38.109	  85.335	  43.109	  75.832	Fill5	R	6	49	3	841
6358	6	46	39.783	  92.000	  38.783	  80.577	  40.783	  76.650	Fill5	R	4	50	1	1681
6358	6	47	92.000	  38.457	  90.000	  33.822	  95.000	  33.000	Fill1	R	6	51	1	1121
6358	6	48	47.838	  74.000	  59.000	  60.000	  63.214	  56.000	SimA2	R	4	50	1	1118
6358	6	49	84.000	  46.262	  58.000	  67.000	  45.186	  86.000	ComD2	R	6	50	2	924
6358	6	50	95.000	  39.000	  81.000	  45.741	  57.000	  65.000	ComD1	R	2	51	2	1049
6358	6	51	48.000	  79.000	  79.000	  48.000	  40.000	  79.000	AttR1	R	5	49	2	753
6358	6	52	50.000	  82.000	  82.000	  50.000	  82.000	  42.000	AttR2	R	4	50	1	734
6358	6	53	40.205	  88.000	  38.205	  78.839	  42.205	  71.082	Fill5	R	4	50	1	708
6358	6	54	75.000	  47.200	  74.000	  41.743	  78.000	  40.231	Fill2	R	6	51	1	714
6358	6	55	82.000	  45.183	  57.000	  65.000	  43.081	  86.000	ComD2	R	3	50	1	1078
6358	6	56	48.649	  74.000	  60.000	  60.000	  43.649	  82.477	SimA1	R	6	51	1	1350
6358	6	57	100.000	  38.860	  84.000	  46.262	  58.000	  67.000	ComD1	R	5	49	2	700
6358	6	58	50.571	  70.000	  47.571	  64.345	  51.571	  59.413	Fill4	R	3	50	1	2432
6358	6	59	96.000	  39.948	  82.000	  46.768	  59.000	  65.000	ComD1	R	4	51	2	2288
6358	6	60	76.000	  49.763	  75.000	  43.907	  78.000	  43.141	Fill2	R	3	51	3	1417
6358	6	61	47.368	  76.000	  60.000	  60.000	  64.286	  56.000	SimA2	R	5	51	1	851
6358	6	62	46.740	  77.000	  59.000	  61.000	  64.268	  56.000	SimA2	R	3	51	3	955
6358	6	63	49.000	  80.000	  81.000	  48.395	  81.000	  39.395	AttR2	R	6	50	2	1129
6358	6	64	82.000	  46.768	  59.000	  65.000	  44.593	  86.000	ComD2	R	2	49	1	1125
6358	6	65	51.000	  79.000	  79.000	  51.000	  79.000	  42.000	AttR2	R	2	51	2	756
6358	6	66	59.000	  60.000	  56.000	  54.893	  60.000	  51.300	Fill3	R	5	51	1	1337
6358	6	67	49.000	  81.000	  79.000	  50.241	  40.000	  81.000	AttR1	R	5	49	2	1398
6358	6	68	49.000	  81.000	  79.000	  50.241	  79.000	  41.241	AttR2	R	2	51	2	1185
6358	6	69	49.000	  81.000	  79.000	  50.241	  41.000	  81.000	AttR1	R	5	51	1	916
6358	6	70	60.000	  60.000	  58.000	  55.052	  61.000	  51.951	Fill3	R	3	51	3	881
6358	6	71	91.000	  38.901	  89.000	  35.112	  92.000	  33.489	Fill1	R	4	50	1	1185
6358	6	72	82.000	  46.768	  59.000	  65.000	  44.593	  86.000	ComD2	R	3	50	1	996
6358	6	73	96.000	  39.271	  82.000	  45.976	  58.000	  65.000	ComD1	R	4	51	2	1078
6358	6	74	80.000	  47.938	  59.000	  65.000	  43.580	  88.000	ComD2	R	5	51	1	1070
6358	6	75	48.000	  79.000	  79.000	  48.000	  79.000	  41.000	AttR2	R	1	49	1	2173
6358	6	76	81.000	  45.741	  57.000	  65.000	  43.081	  86.000	ComD2	R	4	49	3	1185
6358	6	77	99.000	  39.253	  83.000	  46.819	  58.000	  67.000	ComD1	R	4	51	2	764
6358	6	78	91.000	  38.901	  88.000	  34.659	  92.000	  33.804	Fill1	R	4	50	1	1065
6358	6	79	48.158	  76.000	  61.000	  60.000	  65.357	  56.000	SimA2	R	3	50	1	1761
6358	6	80	83.000	  46.819	  58.000	  67.000	  45.186	  86.000	ComD2	R	3	50	1	1575
6358	6	81	91.000	  39.560	  89.000	  34.865	  93.000	  33.409	Fill1	R	4	50	1	817
6358	6	82	61.000	  58.000	  58.000	  52.569	  64.000	  48.266	Fill3	R	4	50	1	1491
6358	6	83	96.000	  39.948	  80.000	  47.938	  59.000	  65.000	ComD1	R	3	49	2	1116
6358	6	84	50.000	  72.000	  48.000	  65.083	  51.000	  61.843	Fill4	R	2	49	1	1393
6358	6	85	97.000	  39.536	  82.000	  46.768	  59.000	  65.000	ComD1	R	6	50	2	948
6358	6	86	50.000	  82.000	  82.000	  50.000	  43.000	  82.000	AttR1	R	3	50	1	953
6358	6	87	48.961	  76.000	  61.000	  61.000	  45.961	  80.961	SimA1	R	4	50	1	1734
6358	6	88	49.000	  81.000	  79.000	  50.241	  79.000	  43.241	AttR2	R	3	50	1	764
6358	6	89	51.000	  79.000	  79.000	  51.000	  43.000	  79.000	AttR1	R	1	50	2	953
6358	6	90	39.333	  90.000	  38.333	  78.496	  40.333	  75.099	Fill5	R	1	49	1	751
6358	7	1	51.000	  80.000	  81.000	  50.370	  42.000	  80.000	AttR1	R	6	50	2	2190
6358	7	2	48.800	  75.000	  60.000	  61.000	  44.800	  81.696	SimA1	R	5	51	1	1230
6358	7	3	94.000	  41.532	  93.000	  36.903	  95.000	  36.305	Fill1	R	3	50	1	1162
6358	7	4	95.000	  41.737	  82.000	  48.354	  61.000	  65.000	ComD1	R	3	49	2	1014
6358	7	5	61.000	  62.000	  60.000	  55.317	  64.000	  52.484	Fill3	R	2	50	3	1649
6358	7	6	74.000	  47.838	  71.000	  44.211	  76.000	  40.789	Fill2	R	1	49	1	1513
6358	7	7	39.333	  90.000	  37.333	  80.464	  40.333	  74.802	Fill5	R	1	49	1	894
6358	7	8	92.000	  41.109	  90.000	  37.200	  94.000	  35.840	Fill1	R	5	51	1	878
6358	7	9	51.000	  82.000	  83.000	  50.386	  83.000	  41.386	AttR2	R	2	51	2	814
6358	7	10	52.000	  80.000	  78.000	  53.333	  45.000	  80.000	AttR1	R	2	51	2	953
6358	7	11	48.800	  75.000	  61.000	  60.000	  65.357	  56.000	SimA2	R	3	51	3	1710
6358	7	12	77.000	  49.909	  74.000	  46.054	  78.000	  43.449	Fill2	R	2	49	1	1572
6358	7	13	41.772	  92.000	  38.772	  85.836	  43.772	  75.757	Fill5	R	5	51	1	1462
6358	7	14	47.200	  75.000	  60.000	  59.000	  65.556	  54.000	SimA2	R	6	51	1	1182
6358	7	15	61.000	  64.000	  59.000	  57.831	  64.000	  53.922	Fill3	R	2	49	1	1625
6358	7	16	80.000	  46.400	  58.000	  64.000	  43.163	  86.000	ComD2	R	4	51	2	3012
6358	7	17	95.000	  39.074	  81.000	  45.827	  58.000	  64.000	ComD1	R	4	49	3	2238
6358	7	18	52.757	  74.000	  50.757	  68.720	  54.757	  63.335	Fill4	R	3	50	1	926
6358	7	19	52.000	  83.000	  83.000	  52.000	  83.000	  44.000	AttR2	R	1	50	2	1124
6358	7	20	49.000	  83.000	  85.000	  47.847	  85.000	  40.847	AttR2	R	4	51	2	1089
6358	7	21	97.000	  40.144	  82.000	  47.488	  59.000	  66.000	ComD1	R	3	49	2	1081
6358	7	22	51.000	  82.000	  80.000	  52.275	  43.000	  82.000	AttR1	R	4	50	1	1121
6358	7	23	49.000	  80.000	  82.000	  47.805	  40.000	  80.000	AttR1	R	1	49	1	3958
6358	7	24	82.000	  48.354	  61.000	  65.000	  44.551	  89.000	ComD2	R	5	50	3	1675
6358	7	25	46.068	  73.000	  59.000	  57.000	  62.278	  54.000	SimA2	R	2	50	3	2021
6358	7	26	51.304	  69.000	  49.304	  63.179	  52.304	  58.714	Fill4	R	4	50	1	2222
6358	7	27	48.000	  75.000	  60.000	  60.000	  43.000	  83.721	SimA1	R	3	50	1	4113
6358	7	28	51.000	  80.000	  81.000	  50.370	  81.000	  42.370	AttR2	R	4	50	1	821
6358	7	29	82.000	  45.976	  58.000	  65.000	  43.333	  87.000	ComD2	R	2	49	1	1104
6358	7	30	47.000	  82.000	  82.000	  47.000	  40.000	  82.000	AttR1	R	2	49	1	1821
6358	7	31	41.532	  94.000	  39.532	  85.501	  42.532	  78.999	Fill5	R	3	50	1	1728
6358	7	32	51.108	  74.000	  48.108	  68.263	  52.108	  64.424	Fill4	R	5	51	1	909
6358	7	33	50.137	  73.000	  49.137	  64.982	  51.137	  63.398	Fill4	R	5	51	1	1091
6358	7	34	95.000	  39.684	  82.000	  45.976	  58.000	  65.000	ComD1	R	3	49	2	1299
6358	7	35	48.800	  75.000	  61.000	  60.000	  45.800	  79.913	SimA1	R	2	49	1	1304
6358	7	36	40.000	  90.000	  38.000	  80.658	  42.000	  73.357	Fill5	R	5	51	1	1077
6358	7	37	49.000	  83.000	  85.000	  47.847	  41.000	  83.000	AttR1	R	4	50	1	909
6358	7	38	91.000	  38.901	  89.000	  34.944	  93.000	  33.699	Fill1	R	4	50	1	675
6358	7	39	51.000	  82.000	  83.000	  50.386	  43.000	  82.000	AttR1	R	2	49	1	979
6358	7	40	98.000	  38.469	  81.000	  46.543	  58.000	  65.000	ComD1	R	5	49	2	2302
6358	7	41	50.000	  81.000	  83.000	  48.795	  83.000	  41.795	AttR2	R	5	49	2	1899
6358	7	42	45.789	  76.000	  58.000	  60.000	  62.143	  56.000	SimA2	R	5	51	1	1424
6358	7	43	81.000	  45.827	  58.000	  64.000	  42.667	  87.000	ComD2	R	6	51	1	1564
6358	7	44	47.200	  75.000	  59.000	  60.000	  42.200	  83.886	SimA1	R	5	49	2	737
6358	7	45	50.000	  81.000	  83.000	  48.795	  43.000	  81.000	AttR1	R	5	50	3	1093
6358	7	46	81.000	  44.938	  56.000	  65.000	  43.333	  84.000	ComD2	R	3	49	2	2157
6358	7	47	45.789	  76.000	  58.000	  60.000	  40.789	  85.316	SimA1	R	5	49	2	827
6358	7	48	92.000	  39.130	  91.000	  34.253	  95.000	  32.811	Fill1	R	3	50	1	678
6358	7	49	51.000	  80.000	  80.000	  51.000	  80.000	  44.000	AttR2	R	3	50	1	1309
6358	7	50	60.000	  61.000	  58.000	  55.793	  63.000	  51.238	Fill3	R	4	50	1	2043
6358	7	51	74.000	  49.459	  72.000	  45.139	  75.000	  43.373	Fill2	R	4	50	1	867
6358	7	52	82.000	  47.488	  59.000	  66.000	  44.250	  88.000	ComD2	R	3	49	2	2571
6358	7	53	51.932	  74.000	  49.932	  68.853	  53.932	  63.802	Fill4	R	1	49	1	702
6358	7	54	80.000	  45.600	  57.000	  64.000	  43.429	  84.000	ComD2	R	4	51	2	1219
6358	7	55	61.000	  63.000	  59.000	  58.051	  63.000	  54.286	Fill3	R	2	49	1	837
6358	7	56	60.000	  59.000	  57.000	  54.491	  61.000	  50.967	Fill3	R	3	51	3	829
6358	7	57	76.000	  51.368	  74.000	  46.919	  77.000	  44.403	Fill2	R	6	51	1	960
6358	7	58	81.000	  46.543	  58.000	  65.000	  44.353	  85.000	ComD2	R	2	49	1	997
6358	7	59	48.000	  75.000	  60.000	  60.000	  44.000	  81.818	SimA1	R	2	50	3	1552
6358	7	60	48.000	  75.000	  60.000	  60.000	  65.455	  55.000	SimA2	R	3	51	3	1437
6358	7	61	47.838	  74.000	  60.000	  59.000	  42.838	  82.637	SimA1	R	3	51	3	2030
6358	7	62	76.000	  49.763	  75.000	  44.573	  77.000	  42.675	Fill2	R	5	51	1	1145
6358	7	63	48.800	  75.000	  60.000	  61.000	  65.357	  56.000	SimA2	R	2	50	3	1294
6358	7	64	52.000	  83.000	  83.000	  52.000	  45.000	  83.000	AttR1	R	3	50	1	1325
6358	7	65	48.000	  75.000	  60.000	  60.000	  64.286	  56.000	SimA2	R	1	49	1	1131
6358	7	66	39.783	  92.000	  38.783	  80.964	  41.783	  75.582	Fill5	R	2	49	1	2177
6358	7	67	50.000	  72.000	  49.000	  65.020	  51.000	  61.725	Fill4	R	6	51	1	939
6358	7	68	96.000	  38.667	  80.000	  46.400	  58.000	  64.000	ComD1	R	3	49	2	1177
6358	7	69	47.200	  75.000	  60.000	  59.000	  43.200	  81.944	SimA1	R	4	50	1	707
6358	7	70	41.109	  92.000	  40.109	  80.955	  42.109	  77.442	Fill5	R	3	50	1	2096
6358	7	71	51.000	  82.000	  80.000	  52.275	  80.000	  45.275	AttR2	R	3	50	1	2761
6358	7	72	92.000	  39.783	  90.000	  35.178	  95.000	  33.326	Fill1	R	6	51	1	862
6358	7	73	93.000	  41.323	  90.000	  38.033	  95.000	  35.558	Fill1	R	6	51	1	965
6358	7	74	94.000	  38.809	  80.000	  45.600	  57.000	  64.000	ComD1	R	3	49	2	880
6358	7	75	97.000	  38.268	  80.000	  46.400	  58.000	  64.000	ComD1	R	6	50	2	928
6358	7	76	99.000	  38.667	  81.000	  47.259	  58.000	  66.000	ComD1	R	2	51	2	1317
6358	7	77	47.200	  75.000	  59.000	  60.000	  63.214	  56.000	SimA2	R	4	49	3	1460
6358	7	78	97.000	  37.526	  81.000	  44.938	  56.000	  65.000	ComD1	R	6	50	2	868
6358	7	79	49.613	  75.000	  61.000	  61.000	  65.281	  57.000	SimA2	R	4	49	3	1876
6358	7	80	81.000	  47.259	  58.000	  66.000	  44.512	  86.000	ComD2	R	4	49	3	4203
6358	7	81	46.068	  73.000	  59.000	  57.000	  43.068	  78.085	SimA1	R	6	49	3	2966
6358	7	82	52.000	  80.000	  78.000	  53.333	  78.000	  45.333	AttR2	R	3	50	1	1360
6358	7	83	49.613	  75.000	  61.000	  61.000	  45.613	  81.577	SimA1	R	1	49	1	1173
6358	7	84	49.000	  80.000	  82.000	  47.805	  82.000	  39.805	AttR2	R	6	51	1	1464
6358	7	85	74.000	  48.649	  73.000	  43.630	  75.000	  41.947	Fill2	R	6	51	1	1088
6358	7	86	60.000	  60.000	  59.000	  52.814	  61.000	  52.115	Fill3	R	3	50	1	1393
6358	7	87	51.000	  80.000	  80.000	  51.000	  42.000	  80.000	AttR1	R	2	49	1	1275
6358	7	88	47.000	  82.000	  82.000	  47.000	  82.000	  40.000	AttR2	R	3	49	2	859
6358	7	89	80.000	  46.400	  58.000	  64.000	  42.667	  87.000	ComD2	R	4	50	1	820
6358	7	90	47.838	  74.000	  60.000	  59.000	  64.364	  55.000	SimA2	R	2	50	3	1189
6358	8	1	48.000	  82.000	  81.000	  48.593	  39.000	  82.000	AttR1	R	3	50	1	1381
6358	8	2	92.000	  39.783	  91.000	  35.044	  93.000	  35.011	Fill1	R	2	49	1	909
6358	8	3	47.685	  73.000	  59.000	  59.000	  44.685	  77.901	SimA1	R	5	50	3	1251
6358	8	4	49.859	  71.000	  48.859	  63.857	  50.859	  60.461	Fill4	R	1	49	1	875
6358	8	5	47.000	  79.000	  79.000	  47.000	  39.000	  79.000	AttR1	R	2	49	1	1172
6358	8	6	95.000	  39.811	  94.000	  35.585	  96.000	  34.656	Fill1	R	2	49	1	830
6358	8	7	75.000	  48.800	  73.000	  43.342	  76.000	  42.566	Fill2	R	3	50	1	664
6358	8	8	50.000	  82.000	  80.000	  51.250	  80.000	  43.250	AttR2	R	2	51	2	704
6358	8	9	98.000	  38.469	  82.000	  45.976	  58.000	  65.000	ComD1	R	2	51	2	949
6358	8	10	53.000	  78.000	  79.000	  52.329	  79.000	  45.329	AttR2	R	1	50	2	1475
6358	8	11	47.027	  74.000	  60.000	  58.000	  43.027	  80.879	SimA1	R	5	51	1	1627
6358	8	12	48.857	  70.000	  47.857	  62.373	  50.857	  58.084	Fill4	R	5	51	1	893
6358	8	13	62.000	  58.000	  60.000	  52.017	  63.000	  49.349	Fill3	R	2	49	1	838
6358	8	14	50.000	  80.000	  81.000	  49.383	  81.000	  41.383	AttR2	R	3	49	2	757
6358	8	15	53.268	  71.000	  52.268	  63.060	  54.268	  61.510	Fill4	R	5	51	1	699
6358	8	16	49.944	  72.000	  62.000	  58.000	  65.382	  55.000	SimA2	R	1	49	1	800
6358	8	17	92.000	  38.478	  91.000	  34.451	  95.000	  32.232	Fill1	R	6	51	1	852
6358	8	18	92.000	  38.478	  89.000	  34.528	  95.000	  32.432	Fill1	R	4	50	1	572
6358	8	19	90.000	  38.000	  87.000	  34.172	  93.000	  31.462	Fill1	R	2	49	1	726
6358	8	20	49.763	  76.000	  62.000	  61.000	  46.763	  80.876	SimA1	R	2	49	1	2923
6358	8	21	50.000	  79.000	  79.000	  50.000	  43.000	  79.000	AttR1	R	2	49	1	961
6358	8	22	49.944	  72.000	  62.000	  58.000	  45.944	  78.268	SimA1	R	1	51	3	718
6358	8	23	52.000	  81.000	  80.000	  52.650	  80.000	  43.650	AttR2	R	3	50	1	675
6358	8	24	94.000	  40.170	  80.000	  47.200	  59.000	  64.000	ComD1	R	5	49	2	755
6358	8	25	48.000	  82.000	  81.000	  48.593	  81.000	  39.593	AttR2	R	4	51	2	721
6358	8	26	47.000	  80.000	  78.000	  48.205	  78.000	  40.205	AttR2	R	2	49	1	733
6358	8	27	47.692	  78.000	  60.000	  62.000	  44.692	  83.236	SimA1	R	2	49	1	1299
6358	8	28	94.000	  39.489	  81.000	  45.827	  58.000	  64.000	ComD1	R	3	51	3	1248
6358	8	29	96.000	  39.188	  81.000	  46.444	  57.000	  66.000	ComD1	R	5	49	2	881
6358	8	30	40.864	  88.000	  39.864	  76.436	  41.864	  73.620	Fill5	R	4	50	1	745
6358	8	31	98.000	  37.143	  81.000	  44.938	  56.000	  65.000	ComD1	R	5	49	2	796
6358	8	32	59.000	  60.000	  56.000	  55.161	  62.000	  49.806	Fill3	R	3	50	1	849
6358	8	33	47.027	  74.000	  60.000	  58.000	  63.273	  55.000	SimA2	R	5	49	2	1081
6358	8	34	81.000	  44.938	  56.000	  65.000	  43.333	  84.000	ComD2	R	2	49	1	1824
6358	8	35	80.000	  47.200	  59.000	  64.000	  43.402	  87.000	ComD2	R	4	50	1	1323
6358	8	36	76.000	  46.579	  73.000	  42.767	  77.000	  39.844	Fill2	R	4	50	1	761
6358	8	37	60.000	  59.000	  57.000	  54.439	  62.000	  49.903	Fill3	R	1	49	1	989
6358	8	38	81.000	  46.444	  57.000	  66.000	  43.744	  86.000	ComD2	R	6	50	2	1713
6358	8	39	97.000	  39.464	  82.000	  46.683	  58.000	  66.000	ComD1	R	5	50	3	934
6358	8	40	50.000	  79.000	  79.000	  50.000	  79.000	  42.000	AttR2	R	3	49	2	1084
6358	8	41	50.000	  80.000	  82.000	  48.780	  82.000	  40.780	AttR2	R	3	49	2	1253
6358	8	42	49.859	  71.000	  47.859	  64.941	  50.859	  60.422	Fill4	R	4	50	1	836
6358	8	43	83.000	  47.627	  59.000	  67.000	  44.920	  88.000	ComD2	R	5	49	2	1060
6358	8	44	38.427	  89.000	  36.427	  79.721	  39.427	  73.858	Fill5	R	3	51	3	1300
6358	8	45	39.333	  90.000	  38.333	  78.861	  41.333	  73.210	Fill5	R	2	49	1	1232
6358	8	46	49.000	  83.000	  81.000	  50.210	  81.000	  41.210	AttR2	R	6	50	2	1017
6358	8	47	76.000	  49.763	  74.000	  45.419	  77.000	  43.000	Fill2	R	2	49	1	747
6358	8	48	93.000	  38.667	  90.000	  34.778	  94.000	  33.670	Fill1	R	3	50	1	745
6358	8	49	73.000	  48.493	  71.000	  43.817	  74.000	  41.568	Fill2	R	4	50	1	1197
6358	8	50	40.227	  88.000	  38.227	  78.949	  41.227	  73.665	Fill5	R	4	50	1	880
6358	8	51	81.000	  46.543	  58.000	  65.000	  43.333	  87.000	ComD2	R	5	51	1	1561
6358	8	52	47.532	  77.000	  60.000	  61.000	  43.532	  84.075	SimA1	R	5	51	1	1134
6358	8	53	82.000	  45.976	  58.000	  65.000	  43.333	  87.000	ComD2	R	6	51	1	2332
6358	8	54	40.220	  91.000	  37.220	  84.203	  42.220	  74.183	Fill5	R	2	50	3	1408
6358	8	55	41.560	  91.000	  39.560	  82.962	  42.560	  76.409	Fill5	R	3	50	1	1588
6358	8	56	78.000	  46.103	  76.000	  41.408	  79.000	  40.291	Fill2	R	4	50	1	697
6358	8	57	60.000	  61.000	  59.000	  54.034	  61.000	  53.016	Fill3	R	5	50	3	1075
6358	8	58	73.000	  46.849	  71.000	  41.775	  74.000	  39.986	Fill2	R	2	49	1	595
6358	8	59	50.000	  80.000	  82.000	  48.780	  42.000	  80.000	AttR1	R	4	50	1	718
6358	8	60	52.116	  69.000	  51.116	  60.901	  53.116	  59.624	Fill4	R	5	51	1	772
6358	8	61	47.041	  74.000	  59.000	  59.000	  64.463	  54.000	SimA2	R	2	49	1	677
6358	8	62	47.000	  79.000	  79.000	  47.000	  79.000	  38.000	AttR2	R	6	50	2	589
6358	8	63	46.579	  76.000	  59.000	  60.000	  42.579	  83.140	SimA1	R	2	49	1	945
6358	8	64	48.773	  75.000	  62.000	  59.000	  45.773	  79.916	SimA1	R	6	49	3	830
6358	8	65	48.773	  75.000	  62.000	  59.000	  66.509	  55.000	SimA2	R	1	50	2	625
6358	8	66	95.000	  39.000	  80.000	  46.312	  57.000	  65.000	ComD1	R	3	51	3	804
6358	8	67	50.000	  80.000	  81.000	  49.383	  42.000	  80.000	AttR1	R	5	49	2	670
6358	8	68	47.692	  78.000	  60.000	  62.000	  65.263	  57.000	SimA2	R	5	51	1	1406
6358	8	69	80.000	  46.312	  57.000	  65.000	  43.588	  85.000	ComD2	R	5	49	2	568
6358	8	70	95.000	  39.684	  81.000	  46.543	  58.000	  65.000	ComD1	R	3	51	3	699
6358	8	71	50.000	  82.000	  80.000	  51.250	  41.000	  82.000	AttR1	R	6	51	1	1056
6358	8	72	62.000	  61.000	  59.000	  57.017	  63.000	  53.000	Fill3	R	5	51	1	1601
6358	8	73	49.763	  76.000	  62.000	  61.000	  66.351	  57.000	SimA2	R	3	49	2	1219
6358	8	74	47.685	  73.000	  59.000	  59.000	  64.463	  54.000	SimA2	R	4	50	1	670
6358	8	75	51.549	  71.000	  49.549	  64.703	  53.549	  59.571	Fill4	R	4	50	1	645
6358	8	76	81.000	  45.827	  58.000	  64.000	  42.667	  87.000	ComD2	R	6	51	1	1662
6358	8	77	82.000	  46.683	  58.000	  66.000	  45.035	  85.000	ComD2	R	3	49	2	1414
6358	8	78	53.000	  78.000	  79.000	  52.329	  46.000	  78.000	AttR1	R	5	51	1	1465
6358	8	79	49.000	  83.000	  81.000	  50.210	  42.000	  83.000	AttR1	R	2	49	1	945
6358	8	80	46.553	  76.000	  58.000	  61.000	  43.553	  81.235	SimA1	R	5	51	1	1559
6358	8	81	52.000	  81.000	  80.000	  52.650	  45.000	  81.000	AttR1	R	4	50	1	875
6358	8	82	46.579	  76.000	  59.000	  60.000	  64.364	  55.000	SimA2	R	3	51	3	1549
6358	8	83	46.553	  76.000	  58.000	  61.000	  62.070	  57.000	SimA2	R	5	50	3	2784
6358	8	84	81.000	  46.543	  58.000	  65.000	  44.353	  85.000	ComD2	R	4	49	3	1276
6358	8	85	47.041	  74.000	  59.000	  59.000	  44.041	  79.041	SimA1	R	5	51	1	1604
6358	8	86	57.000	  60.000	  56.000	  52.607	  59.000	  50.576	Fill3	R	1	49	1	1382
6358	8	87	97.000	  38.866	  81.000	  46.543	  58.000	  65.000	ComD1	R	2	51	2	1777
6358	8	88	47.000	  80.000	  78.000	  48.205	  38.000	  80.000	AttR1	R	2	49	1	732
6358	8	89	47.532	  77.000	  60.000	  61.000	  65.357	  56.000	SimA2	R	1	51	3	1329
6358	8	90	100.000	  39.530	  83.000	  47.627	  59.000	  67.000	ComD1	R	6	49	3	2070
