username: S78, Experiment time (minutes): 38
Operating system: Mac OS 10.8.5
Manufacturer: Google Pepper
Player type: PlugIn
Version: MAC 11,7,700,202

username	blkNum	trlNum	Rect1Height	Rect1Width	Rect2Height	Rect2Width	Rect3Height	Rect3Width	Effect	StimType	StimPosition	rawResp	response	RT
6336	0	1	90.000	  38.633	  88.000	  34.398	  91.000	  33.473	Fill1	R	5	51	1	3889
6336	0	2	77.000	  49.117	  74.000	  44.432	  79.000	  41.734	Fill2	R	3	50	1	3892
6336	0	3	59.000	  59.000	  58.000	  52.224	  60.000	  49.917	Fill3	R	6	51	1	4269
6336	1	1	101.000	  39.050	  85.000	  46.400	  58.000	  68.000	ComD1	R	3	51	3	5870
6336	1	2	49.000	  80.000	  81.000	  48.395	  42.000	  80.000	AttR1	R	6	51	1	3941
6336	1	3	49.000	  80.000	  81.000	  48.395	  81.000	  41.395	AttR2	R	1	49	1	3725
6336	1	4	50.000	  81.000	  82.000	  49.390	  42.000	  81.000	AttR1	R	1	49	1	6297
6336	1	5	98.000	  37.806	  82.000	  45.183	  57.000	  65.000	ComD1	R	3	51	3	3456
6336	1	6	47.838	  74.000	  59.000	  60.000	  43.838	  80.752	SimA1	R	6	51	1	4641
6336	1	7	97.000	  38.866	  81.000	  46.543	  58.000	  65.000	ComD1	R	4	51	2	4577
6336	1	8	76.000	  48.158	  75.000	  42.493	  77.000	  41.351	Fill2	R	6	51	1	5227
6336	1	9	50.690	  71.000	  49.690	  62.970	  52.690	  58.835	Fill4	R	5	51	1	3871
6336	1	10	96.000	  39.875	  81.000	  47.259	  58.000	  66.000	ComD1	R	4	49	3	12382
6336	1	11	62.000	  59.000	  60.000	  52.850	  63.000	  50.381	Fill3	R	6	50	2	2465
6336	1	12	92.000	  37.196	  89.000	  33.607	  93.000	  31.742	Fill1	R	3	50	1	1785
6336	1	13	46.000	  80.000	  81.000	  45.432	  81.000	  38.432	AttR2	R	4	50	1	3172
6336	1	14	53.000	  80.000	  81.000	  52.346	  81.000	  43.346	AttR2	R	6	51	1	3037
6336	1	15	48.635	  74.000	  61.000	  59.000	  66.648	  54.000	SimA2	R	2	49	1	1790
6336	1	16	41.101	  89.000	  39.101	  80.126	  42.101	  73.917	Fill5	R	3	50	1	2560
6336	1	17	98.000	  39.796	  82.000	  47.561	  60.000	  65.000	ComD1	R	4	50	1	6950
6336	1	18	52.000	  76.000	  74.000	  53.405	  44.000	  76.000	AttR1	R	5	51	1	4235
6336	1	19	82.000	  45.976	  58.000	  65.000	  43.837	  86.000	ComD2	R	2	51	2	3812
6336	1	20	92.000	  37.826	  91.000	  33.055	  93.000	  32.376	Fill1	R	4	50	1	4950
6336	1	21	78.000	  46.897	  76.000	  42.000	  80.000	  39.587	Fill2	R	4	50	1	1348
6336	1	22	50.000	  80.000	  78.000	  51.282	  78.000	  44.282	AttR2	R	5	49	2	1313
6336	1	23	49.000	  79.000	  81.000	  47.790	  81.000	  39.790	AttR2	R	2	49	1	1806
6336	1	24	49.000	  79.000	  81.000	  47.790	  42.000	  79.000	AttR1	R	2	49	1	2617
6336	1	25	45.627	  75.000	  58.000	  59.000	  42.627	  80.278	SimA1	R	1	49	1	3811
6336	1	26	46.000	  80.000	  81.000	  45.432	  39.000	  80.000	AttR1	R	2	49	1	1996
6336	1	27	50.000	  80.000	  80.000	  50.000	  80.000	  42.000	AttR2	R	3	49	2	2056
6336	1	28	53.000	  80.000	  81.000	  52.346	  45.000	  80.000	AttR1	R	1	50	2	6880
6336	1	29	39.989	  90.000	  38.989	  78.304	  41.989	  73.734	Fill5	R	4	50	1	4417
6336	1	30	52.000	  79.000	  77.000	  53.351	  43.000	  79.000	AttR1	R	3	49	2	2220
6336	1	31	48.886	  70.000	  47.886	  62.628	  49.886	  60.037	Fill4	R	4	50	1	2838
6336	1	32	59.000	  58.000	  56.000	  52.964	  60.000	  50.367	Fill3	R	2	49	1	2773
6336	1	33	73.000	  49.301	  70.000	  45.086	  76.000	  41.697	Fill2	R	2	49	1	5272
6336	1	34	47.685	  73.000	  59.000	  59.000	  43.685	  79.684	SimA1	R	2	49	1	2079
6336	1	35	97.000	  38.268	  80.000	  46.400	  58.000	  64.000	ComD1	R	1	51	3	3624
6336	1	36	49.986	  72.000	  48.986	  65.141	  51.986	  61.497	Fill4	R	5	51	1	2763
6336	1	37	48.800	  75.000	  61.000	  60.000	  66.545	  55.000	SimA2	R	5	51	1	5704
6336	1	38	80.000	  46.400	  58.000	  64.000	  43.671	  85.000	ComD2	R	1	50	2	4797
6336	1	39	47.838	  74.000	  59.000	  60.000	  64.364	  55.000	SimA2	R	2	49	1	2417
6336	1	40	53.014	  69.000	  50.014	  65.041	  54.014	  58.632	Fill4	R	5	51	1	1300
6336	1	41	39.545	  88.000	  37.545	  79.077	  40.545	  72.388	Fill5	R	4	50	1	1680
6336	1	42	60.000	  58.000	  58.000	  52.103	  63.000	  47.810	Fill3	R	6	51	1	2688
6336	1	43	47.355	  76.000	  59.000	  61.000	  42.355	  84.972	SimA1	R	6	49	3	4264
6336	1	44	92.000	  39.120	  91.000	  34.429	  94.000	  33.362	Fill1	R	3	50	1	2192
6336	1	45	51.240	  75.000	  63.000	  61.000	  47.240	  81.351	SimA1	R	4	50	1	2868
6336	1	46	52.000	  76.000	  74.000	  53.405	  74.000	  44.405	AttR2	R	2	51	2	1835
6336	1	47	85.000	  46.400	  58.000	  68.000	  46.400	  85.000	ComD2	R	6	49	3	13548
6336	1	48	50.833	  72.000	  48.833	  64.853	  51.833	  62.045	Fill4	R	4	50	1	5880
6336	1	49	50.000	  80.000	  80.000	  50.000	  42.000	  80.000	AttR1	R	3	50	1	2176
6336	1	50	81.000	  46.543	  58.000	  65.000	  43.837	  86.000	ComD2	R	5	50	3	1220
6336	1	51	75.000	  45.627	  73.000	  41.288	  77.000	  38.325	Fill2	R	2	49	1	1509
6336	1	52	75.000	  47.987	  72.000	  44.319	  77.000	  41.208	Fill2	R	4	50	1	1019
6336	1	53	96.000	  39.271	  82.000	  45.976	  58.000	  65.000	ComD1	R	6	50	2	1410
6336	1	54	49.000	  82.000	  84.000	  47.833	  84.000	  40.833	AttR2	R	5	49	2	976
6336	1	55	61.000	  60.000	  59.000	  54.915	  62.000	  52.242	Fill3	R	2	49	1	1083
6336	1	56	47.671	  73.000	  60.000	  58.000	  43.671	  79.686	SimA1	R	3	49	2	1740
6336	1	57	49.000	  82.000	  84.000	  47.833	  40.000	  82.000	AttR1	R	1	49	1	1425
6336	1	58	95.000	  38.400	  79.000	  46.177	  57.000	  64.000	ComD1	R	3	51	3	876
6336	1	59	47.671	  73.000	  60.000	  58.000	  64.444	  54.000	SimA2	R	3	51	3	779
6336	1	60	95.000	  38.505	  92.000	  35.033	  97.000	  32.948	Fill1	R	2	49	1	2077
6336	1	61	82.000	  45.183	  57.000	  65.000	  43.081	  86.000	ComD2	R	2	51	2	1439
6336	1	62	59.000	  61.000	  56.000	  57.018	  61.000	  51.197	Fill3	R	1	49	1	4925
6336	1	63	48.325	  77.000	  61.000	  61.000	  65.281	  57.000	SimA2	R	3	50	1	2844
6336	1	64	50.000	  80.000	  78.000	  51.282	  43.000	  80.000	AttR1	R	1	49	1	2907
6336	1	65	50.000	  81.000	  82.000	  49.390	  82.000	  41.390	AttR2	R	1	17	0	6024
6336	1	66	39.120	  92.000	  38.120	  80.169	  41.120	  74.539	Fill5	R	2	49	1	3412
6336	1	67	48.800	  75.000	  61.000	  60.000	  45.800	  79.913	SimA1	R	1	50	2	3774
6336	1	68	92.000	  39.783	  89.000	  36.315	  93.000	  34.753	Fill1	R	3	49	2	2482
6336	1	69	75.000	  46.400	  74.000	  40.986	  76.000	  40.487	Fill2	R	5	51	1	2392
6336	1	70	95.000	  39.684	  80.000	  47.125	  58.000	  65.000	ComD1	R	2	51	2	1435
6336	1	71	81.000	  47.259	  58.000	  66.000	  44.512	  86.000	ComD2	R	3	51	3	1715
6336	1	72	48.325	  77.000	  61.000	  61.000	  45.325	  82.097	SimA1	R	5	49	2	2201
6336	1	73	52.000	  79.000	  77.000	  53.351	  77.000	  45.351	AttR2	R	3	50	1	1419
6336	1	74	49.714	  70.000	  47.714	  63.419	  50.714	  60.042	Fill4	R	2	49	1	1869
6336	1	75	47.355	  76.000	  59.000	  61.000	  62.052	  58.000	SimA2	R	3	50	1	1158
6336	1	76	46.579	  76.000	  59.000	  60.000	  43.579	  81.232	SimA1	R	2	51	2	947
6336	1	77	79.000	  46.177	  57.000	  64.000	  43.429	  84.000	ComD2	R	4	51	2	1792
6336	1	78	97.000	  39.464	  83.000	  46.120	  58.000	  66.000	ComD1	R	5	49	2	1220
6336	1	79	59.000	  61.000	  57.000	  55.509	  60.000	  52.300	Fill3	R	2	49	1	2078
6336	1	80	83.000	  46.120	  58.000	  66.000	  45.035	  85.000	ComD2	R	3	49	2	1070
6336	1	81	38.886	  88.000	  35.886	  81.312	  40.886	  70.610	Fill5	R	4	50	1	1814
6336	1	82	40.667	  90.000	  37.667	  83.841	  42.667	  73.852	Fill5	R	4	49	3	1777
6336	1	83	80.000	  47.125	  58.000	  65.000	  44.353	  85.000	ComD2	R	5	49	2	1468
6336	1	84	48.635	  74.000	  61.000	  59.000	  44.635	  80.632	SimA1	R	1	50	2	980
6336	1	85	46.579	  76.000	  59.000	  60.000	  62.105	  57.000	SimA2	R	2	49	1	1413
6336	1	86	92.000	  39.120	  91.000	  34.132	  95.000	  32.916	Fill1	R	5	51	1	1528
6336	1	87	82.000	  47.561	  60.000	  65.000	  44.318	  88.000	ComD2	R	5	51	1	1405
6336	1	88	45.627	  75.000	  58.000	  59.000	  61.107	  56.000	SimA2	R	1	51	3	3160
6336	1	89	51.240	  75.000	  63.000	  61.000	  66.259	  58.000	SimA2	R	4	50	1	1709
6336	1	90	47.685	  73.000	  59.000	  59.000	  62.161	  56.000	SimA2	R	1	49	1	1347
6336	2	1	100.000	  38.860	  84.000	  46.262	  58.000	  67.000	ComD1	R	2	50	3	5118
6336	2	2	47.838	  74.000	  60.000	  59.000	  43.838	  80.752	SimA1	R	6	50	2	3081
6336	2	3	47.000	  81.000	  81.000	  47.000	  81.000	  40.000	AttR2	R	4	51	2	2624
6336	2	4	48.325	  77.000	  61.000	  61.000	  64.155	  58.000	SimA2	R	1	49	1	1075
6336	2	5	71.000	  47.324	  68.000	  43.132	  73.000	  40.164	Fill2	R	4	50	1	2795
6336	2	6	49.000	  78.000	  77.000	  49.636	  41.000	  78.000	AttR1	R	4	50	1	2862
6336	2	7	96.000	  39.188	  82.000	  45.878	  57.000	  66.000	ComD1	R	3	49	2	1805
6336	2	8	47.532	  77.000	  60.000	  61.000	  63.103	  58.000	SimA2	R	3	50	1	1945
6336	2	9	52.000	  78.000	  80.000	  50.700	  80.000	  42.700	AttR2	R	2	51	2	4238
6336	2	10	76.000	  49.763	  73.000	  45.479	  77.000	  43.532	Fill2	R	4	50	1	1510
6336	2	11	48.132	  76.000	  59.000	  62.000	  45.132	  81.052	SimA1	R	5	49	2	1909
6336	2	12	47.811	  74.000	  61.000	  58.000	  42.811	  82.643	SimA1	R	3	51	3	3633
6336	2	13	39.775	  89.000	  38.775	  77.188	  40.775	  74.310	Fill5	R	5	51	1	1113
6336	2	14	49.000	  78.000	  77.000	  49.636	  42.000	  78.000	AttR1	R	4	51	2	2269
6336	2	15	49.859	  71.000	  48.859	  64.000	  50.859	  61.739	Fill4	R	6	51	1	1605
6336	2	16	47.200	  75.000	  59.000	  60.000	  42.200	  83.886	SimA1	R	4	51	2	2177
6336	2	17	73.000	  48.493	  70.000	  44.571	  76.000	  40.066	Fill2	R	3	50	1	2619
6336	2	18	48.000	  78.000	  77.000	  48.623	  77.000	  39.623	AttR2	R	3	50	1	2278
6336	2	19	81.000	  46.543	  58.000	  65.000	  43.333	  87.000	ComD2	R	4	51	2	8030
6336	2	20	94.000	  40.234	  91.000	  37.154	  95.000	  35.232	Fill1	R	3	50	1	2618
6336	2	21	48.132	  76.000	  59.000	  62.000	  63.069	  58.000	SimA2	R	5	51	1	5315
6336	2	22	81.000	  47.407	  60.000	  64.000	  43.146	  89.000	ComD2	R	4	50	1	3576
6336	2	23	53.000	  81.000	  82.000	  52.354	  82.000	  44.354	AttR2	R	1	50	2	1131
6336	2	24	47.838	  74.000	  60.000	  59.000	  63.214	  56.000	SimA2	R	5	51	1	912
6336	2	25	81.000	  47.346	  59.000	  65.000	  43.580	  88.000	ComD2	R	2	51	2	909
6336	2	26	81.000	  46.543	  58.000	  65.000	  43.837	  86.000	ComD2	R	4	49	3	1139
6336	2	27	47.368	  76.000	  60.000	  60.000	  64.286	  56.000	SimA2	R	4	50	1	1490
6336	2	28	50.000	  79.000	  81.000	  48.765	  41.000	  79.000	AttR1	R	2	49	1	1928
6336	2	29	95.000	  39.684	  81.000	  46.543	  58.000	  65.000	ComD1	R	5	49	2	1589
6336	2	30	94.000	  38.809	  79.000	  46.177	  57.000	  64.000	ComD1	R	5	51	1	2752
6336	2	31	80.000	  47.125	  58.000	  65.000	  43.837	  86.000	ComD2	R	2	51	2	2877
6336	2	32	98.000	  39.735	  81.000	  48.074	  59.000	  66.000	ComD1	R	6	49	3	3806
6336	2	33	37.753	  89.000	  36.753	  77.028	  39.753	  71.919	Fill5	R	5	51	1	3529
6336	2	34	59.000	  60.000	  57.000	  53.509	  60.000	  51.667	Fill3	R	2	49	1	2389
6336	2	35	50.973	  73.000	  47.973	  67.351	  51.973	  62.822	Fill4	R	2	49	1	2552
6336	2	36	51.000	  80.000	  79.000	  51.646	  44.000	  80.000	AttR1	R	2	49	1	3213
6336	2	37	48.000	  78.000	  77.000	  48.623	  40.000	  78.000	AttR1	R	2	49	1	2081
6336	2	38	52.528	  72.000	  51.528	  64.354	  54.528	  61.272	Fill4	R	3	50	1	1361
6336	2	39	82.000	  45.878	  57.000	  66.000	  44.786	  84.000	ComD2	R	5	51	1	11894
6336	2	40	90.000	  37.367	  88.000	  33.170	  92.000	  31.293	Fill1	R	4	51	2	3518
6336	2	41	62.000	  61.000	  61.000	  54.705	  65.000	  51.523	Fill3	R	3	50	1	2171
6336	2	42	47.811	  74.000	  61.000	  58.000	  64.327	  55.000	SimA2	R	6	51	1	2582
6336	2	43	77.000	  48.325	  75.000	  44.267	  79.000	  41.278	Fill2	R	4	50	1	1760
6336	2	44	49.459	  74.000	  61.000	  60.000	  64.211	  57.000	SimA2	R	5	51	1	3533
6336	2	45	49.282	  78.000	  62.000	  62.000	  45.282	  84.890	SimA1	R	6	51	1	2659
6336	2	46	89.000	  37.753	  87.000	  33.448	  92.000	  31.891	Fill1	R	1	49	1	1755
6336	2	47	47.368	  76.000	  60.000	  60.000	  42.368	  84.969	SimA1	R	2	49	1	2361
6336	2	48	49.000	  78.000	  77.000	  49.636	  77.000	  41.636	AttR2	R	4	51	2	2733
6336	2	49	40.890	  91.000	  39.890	  80.747	  42.890	  74.563	Fill5	R	2	49	1	1677
6336	2	50	49.282	  78.000	  62.000	  62.000	  65.153	  59.000	SimA2	R	6	51	1	1499
6336	2	51	52.000	  79.000	  79.000	  52.000	  79.000	  44.000	AttR2	R	3	49	2	1601
6336	2	52	47.532	  77.000	  60.000	  61.000	  42.532	  86.052	SimA1	R	1	51	3	1564
6336	2	53	47.368	  76.000	  60.000	  60.000	  63.158	  57.000	SimA2	R	5	51	1	5344
6336	2	54	52.000	  79.000	  79.000	  52.000	  45.000	  79.000	AttR1	R	5	49	2	1805
6336	2	55	49.000	  78.000	  77.000	  49.636	  77.000	  40.636	AttR2	R	1	49	1	1752
6336	2	56	75.000	  46.413	  73.000	  42.192	  76.000	  40.118	Fill2	R	2	49	1	1245
6336	2	57	79.000	  46.177	  57.000	  64.000	  42.419	  86.000	ComD2	R	4	51	2	1238
6336	2	58	46.667	  72.000	  43.667	  67.328	  48.667	  59.630	Fill4	R	4	49	3	1622
6336	2	59	95.000	  40.421	  81.000	  47.407	  60.000	  64.000	ComD1	R	4	49	3	729
6336	2	60	61.000	  61.000	  59.000	  55.237	  63.000	  52.476	Fill3	R	5	51	1	806
6336	2	61	59.000	  59.000	  58.000	  52.103	  61.000	  50.098	Fill3	R	4	50	1	2201
6336	2	62	57.000	  59.000	  54.000	  54.037	  59.000	  48.593	Fill3	R	3	50	1	1044
6336	2	63	47.368	  76.000	  60.000	  60.000	  42.368	  84.969	SimA1	R	4	49	3	1555
6336	2	64	53.000	  81.000	  82.000	  52.354	  46.000	  81.000	AttR1	R	6	50	2	2120
6336	2	65	52.000	  78.000	  80.000	  50.700	  45.000	  78.000	AttR1	R	3	50	1	5061
6336	2	66	96.000	  39.333	  80.000	  47.200	  59.000	  64.000	ComD1	R	5	51	1	1685
6336	2	67	47.000	  81.000	  81.000	  47.000	  38.000	  81.000	AttR1	R	4	51	2	1149
6336	2	68	56.000	  60.000	  53.000	  54.340	  59.000	  49.763	Fill3	R	3	50	1	1883
6336	2	69	90.000	  38.678	  87.000	  34.460	  91.000	  33.615	Fill1	R	4	50	1	1459
6336	2	70	96.000	  39.948	  81.000	  47.346	  59.000	  65.000	ComD1	R	4	49	3	1171
6336	2	71	48.325	  77.000	  61.000	  61.000	  43.325	  85.886	SimA1	R	6	49	3	2533
6336	2	72	92.000	  40.446	  89.000	  37.169	  95.000	  34.842	Fill1	R	5	50	3	2148
6336	2	73	38.216	  88.000	  36.216	  77.728	  40.216	  70.569	Fill5	R	3	50	1	2057
6336	2	74	49.000	  79.000	  77.000	  50.273	  77.000	  42.273	AttR2	R	2	49	1	15367
6336	2	75	84.000	  46.262	  58.000	  67.000	  45.718	  85.000	ComD2	R	5	50	3	1004
6336	2	76	50.000	  79.000	  81.000	  48.765	  81.000	  41.765	AttR2	R	5	51	1	757
6336	2	77	71.000	  47.366	  70.000	  41.714	  72.000	  40.444	Fill2	R	5	51	1	1131
6336	2	78	96.000	  39.271	  81.000	  46.543	  58.000	  65.000	ComD1	R	2	49	1	1088
6336	2	79	80.000	  47.200	  59.000	  64.000	  43.402	  87.000	ComD2	R	1	49	1	1137
6336	2	80	51.000	  80.000	  79.000	  51.646	  79.000	  42.646	AttR2	R	6	51	1	693
6336	2	81	48.739	  69.000	  46.739	  62.432	  50.739	  57.037	Fill4	R	3	50	1	1149
6336	2	82	95.000	  39.684	  80.000	  47.125	  58.000	  65.000	ComD1	R	4	49	3	860
6336	2	83	49.000	  79.000	  77.000	  50.273	  40.000	  79.000	AttR1	R	5	51	1	819
6336	2	84	81.000	  48.074	  59.000	  66.000	  44.759	  87.000	ComD2	R	3	49	2	1085
6336	2	85	49.028	  71.000	  48.028	  62.172	  50.028	  59.606	Fill4	R	2	49	1	911
6336	2	86	47.200	  75.000	  59.000	  60.000	  64.364	  55.000	SimA2	R	2	49	1	1076
6336	2	87	91.000	  38.901	  89.000	  34.742	  92.000	  33.957	Fill1	R	4	51	2	1468
6336	2	88	49.459	  74.000	  61.000	  60.000	  46.459	  78.778	SimA1	R	2	51	2	1699
6336	2	89	39.112	  89.000	  37.112	  79.623	  40.112	  73.693	Fill5	R	2	49	1	1400
6336	2	90	41.109	  92.000	  40.109	  80.606	  43.109	  75.112	Fill5	R	1	49	1	771
6336	3	1	48.635	  74.000	  61.000	  59.000	  43.635	  82.479	SimA1	R	5	49	2	1902
6336	3	2	95.000	  40.368	  81.000	  47.346	  59.000	  65.000	ComD1	R	4	49	3	1470
6336	3	3	83.000	  46.120	  58.000	  66.000	  44.512	  86.000	ComD2	R	3	49	2	566
6336	3	4	50.000	  82.000	  84.000	  48.810	  43.000	  82.000	AttR1	R	2	49	1	1033
6336	3	5	96.000	  39.875	  81.000	  47.259	  58.000	  66.000	ComD1	R	3	51	3	1608
6336	3	6	82.000	  48.207	  59.000	  67.000	  45.965	  86.000	ComD2	R	3	49	2	1259
6336	3	7	59.000	  59.000	  57.000	  52.632	  62.000	  48.435	Fill3	R	4	50	1	1043
6336	3	8	49.471	  68.000	  46.471	  63.309	  50.471	  57.836	Fill4	R	5	51	1	971
6336	3	9	81.000	  47.346	  59.000	  65.000	  44.593	  86.000	ComD2	R	1	50	2	1413
6336	3	10	48.649	  74.000	  60.000	  60.000	  45.649	  78.863	SimA1	R	3	50	1	6417
6336	3	11	49.000	  78.000	  79.000	  48.380	  42.000	  78.000	AttR1	R	4	50	1	2171
6336	3	12	58.000	  58.000	  55.000	  53.818	  60.000	  48.300	Fill3	R	5	51	1	1414
6336	3	13	94.000	  38.915	  92.000	  35.293	  96.000	  33.385	Fill1	R	2	49	1	922
6336	3	14	77.000	  47.506	  74.000	  43.176	  78.000	  41.551	Fill2	R	6	51	1	973
6336	3	15	49.000	  80.000	  82.000	  47.805	  42.000	  80.000	AttR1	R	5	51	1	1575
6336	3	16	75.000	  48.773	  73.000	  44.027	  77.000	  41.805	Fill2	R	6	51	1	1227
6336	3	17	95.000	  38.463	  80.000	  45.675	  58.000	  63.000	ComD1	R	5	50	3	966
6336	3	18	48.000	  75.000	  60.000	  60.000	  63.158	  57.000	SimA2	R	4	50	1	2440
6336	3	19	59.000	  59.000	  56.000	  53.464	  61.000	  49.803	Fill3	R	3	50	1	2976
6336	3	20	75.000	  46.413	  73.000	  41.795	  76.000	  40.408	Fill2	R	5	51	1	1243
6336	3	21	79.000	  46.177	  57.000	  64.000	  43.429	  84.000	ComD2	R	4	51	2	2643
6336	3	22	52.257	  70.000	  49.257	  64.965	  54.257	  59.826	Fill4	R	4	50	1	1660
6336	3	23	81.000	  47.346	  59.000	  65.000	  43.580	  88.000	ComD2	R	5	49	2	1851
6336	3	24	96.000	  38.000	  80.000	  45.600	  57.000	  64.000	ComD1	R	5	50	3	1228
6336	3	25	77.000	  46.701	  75.000	  41.693	  80.000	  38.987	Fill2	R	5	51	1	2086
6336	3	26	100.000	  39.530	  82.000	  48.207	  59.000	  67.000	ComD1	R	4	49	3	1222
6336	3	27	51.000	  79.000	  81.000	  49.741	  43.000	  79.000	AttR1	R	4	49	3	2536
6336	3	28	49.000	  78.000	  79.000	  48.380	  79.000	  40.380	AttR2	R	6	51	1	789
6336	3	29	62.000	  59.000	  59.000	  55.136	  63.000	  51.111	Fill3	R	5	51	1	5288
6336	3	30	46.579	  76.000	  59.000	  60.000	  62.105	  57.000	SimA2	R	6	49	3	1407
6336	3	31	50.110	  73.000	  48.110	  65.954	  52.110	  61.908	Fill4	R	3	50	1	1611
6336	3	32	49.613	  75.000	  61.000	  61.000	  65.281	  57.000	SimA2	R	5	51	1	1301
6336	3	33	47.838	  74.000	  59.000	  60.000	  63.214	  56.000	SimA2	R	5	51	1	1084
6336	3	34	50.000	  80.000	  79.000	  50.633	  43.000	  80.000	AttR1	R	2	51	2	3419
6336	3	35	81.000	  47.259	  58.000	  66.000	  45.035	  85.000	ComD2	R	3	51	3	1398
6336	3	36	52.116	  69.000	  50.116	  62.834	  54.116	  58.874	Fill4	R	4	50	1	1377
6336	3	37	95.000	  37.853	  93.000	  33.925	  97.000	  32.619	Fill1	R	1	49	1	1147
6336	3	38	50.000	  82.000	  84.000	  48.810	  84.000	  40.810	AttR2	R	2	51	2	2145
6336	3	39	92.000	  37.837	  89.000	  34.416	  94.000	  32.415	Fill1	R	4	50	1	949
6336	3	40	49.000	  80.000	  81.000	  48.395	  40.000	  80.000	AttR1	R	5	51	1	2308
6336	3	41	91.000	  36.967	  90.000	  32.867	  93.000	  31.022	Fill1	R	5	51	1	1535
6336	3	42	39.112	  89.000	  38.112	  77.245	  40.112	  74.142	Fill5	R	3	50	1	3142
6336	3	43	48.800	  75.000	  61.000	  60.000	  44.800	  81.696	SimA1	R	5	51	1	1907
6336	3	44	48.000	  75.000	  60.000	  60.000	  64.286	  56.000	SimA2	R	4	50	1	1168
6336	3	45	50.000	  77.000	  79.000	  48.734	  41.000	  77.000	AttR1	R	1	49	1	2715
6336	3	46	50.000	  77.000	  79.000	  48.734	  79.000	  40.734	AttR2	R	2	49	1	1096
6336	3	47	98.000	  38.469	  82.000	  45.976	  58.000	  65.000	ComD1	R	1	50	2	1745
6336	3	48	48.635	  74.000	  61.000	  59.000	  65.436	  55.000	SimA2	R	5	51	1	1966
6336	3	49	47.838	  74.000	  60.000	  59.000	  64.364	  55.000	SimA2	R	4	49	3	1866
6336	3	50	48.000	  75.000	  60.000	  60.000	  43.000	  83.721	SimA1	R	5	51	1	3121
6336	3	51	48.800	  75.000	  61.000	  60.000	  65.357	  56.000	SimA2	R	6	49	3	2142
6336	3	52	48.000	  75.000	  60.000	  60.000	  43.000	  83.721	SimA1	R	2	49	1	2196
6336	3	53	59.000	  62.000	  56.000	  57.482	  61.000	  52.164	Fill3	R	2	50	3	1589
6336	3	54	50.000	  78.000	  77.000	  50.649	  77.000	  41.649	AttR2	R	6	51	1	1112
6336	3	55	75.000	  46.413	  74.000	  40.311	  78.000	  38.641	Fill2	R	5	51	1	1030
6336	3	56	51.000	  82.000	  84.000	  49.786	  84.000	  40.786	AttR2	R	3	50	1	807
6336	3	57	94.000	  38.809	  79.000	  46.177	  57.000	  64.000	ComD1	R	3	51	3	851
6336	3	58	80.000	  45.600	  57.000	  64.000	  42.419	  86.000	ComD2	R	4	51	2	1036
6336	3	59	41.568	  88.000	  39.568	  79.660	  43.568	  72.438	Fill5	R	1	51	3	2155
6336	3	60	95.000	  40.368	  81.000	  47.346	  59.000	  65.000	ComD1	R	3	51	3	1825
6336	3	61	50.000	  78.000	  77.000	  50.649	  41.000	  78.000	AttR1	R	6	50	2	1292
6336	3	62	73.000	  46.082	  70.000	  41.586	  76.000	  38.303	Fill2	R	5	51	1	1179
6336	3	63	62.000	  58.000	  61.000	  52.066	  64.000	  48.766	Fill3	R	3	50	1	1477
6336	3	64	92.000	  37.837	  89.000	  34.225	  95.000	  31.589	Fill1	R	4	50	1	2966
6336	3	65	49.613	  75.000	  61.000	  61.000	  65.281	  57.000	SimA2	R	2	49	1	1969
6336	3	66	51.000	  82.000	  84.000	  49.786	  42.000	  82.000	AttR1	R	4	51	2	1644
6336	3	67	49.613	  75.000	  61.000	  61.000	  45.613	  81.577	SimA1	R	2	49	1	2963
6336	3	68	97.000	  39.464	  83.000	  46.120	  58.000	  66.000	ComD1	R	5	49	2	2319
6336	3	69	80.000	  45.675	  58.000	  63.000	  42.488	  86.000	ComD2	R	4	51	2	2453
6336	3	70	51.000	  79.000	  81.000	  49.741	  81.000	  42.741	AttR2	R	5	49	2	1725
6336	3	71	50.449	  69.000	  48.449	  61.570	  51.449	  59.748	Fill4	R	5	51	1	4700
6336	3	72	50.000	  80.000	  79.000	  50.633	  79.000	  43.633	AttR2	R	2	49	1	792
6336	3	73	51.000	  79.000	  81.000	  49.741	  81.000	  41.741	AttR2	R	1	49	1	692
6336	3	74	91.000	  40.198	  88.000	  36.841	  94.000	  34.532	Fill1	R	2	51	2	963
6336	3	75	38.227	  88.000	  36.227	  77.870	  40.227	  70.947	Fill5	R	4	50	1	1009
6336	3	76	82.000	  45.976	  58.000	  65.000	  43.333	  87.000	ComD2	R	5	49	2	1092
6336	3	77	50.449	  69.000	  48.449	  61.652	  51.449	  57.979	Fill4	R	2	49	1	1963
6336	3	78	48.649	  74.000	  60.000	  60.000	  63.158	  57.000	SimA2	R	2	49	1	2281
6336	3	79	51.000	  79.000	  81.000	  49.741	  44.000	  79.000	AttR1	R	5	51	1	920
6336	3	80	49.000	  80.000	  82.000	  47.805	  82.000	  38.805	AttR2	R	3	49	2	1013
6336	3	81	39.557	  88.000	  38.557	  76.044	  41.557	  70.674	Fill5	R	4	50	1	2073
6336	3	82	49.000	  80.000	  81.000	  48.395	  81.000	  40.395	AttR2	R	4	50	1	1968
6336	3	83	40.198	  91.000	  37.198	  84.199	  41.198	  76.096	Fill5	R	3	50	1	1234
6336	3	84	40.404	  89.000	  38.404	  80.459	  41.404	  74.412	Fill5	R	4	50	1	1899
6336	3	85	47.838	  74.000	  59.000	  60.000	  42.838	  82.637	SimA1	R	5	49	2	1291
6336	3	86	49.613	  75.000	  61.000	  61.000	  44.613	  83.406	SimA1	R	4	51	2	1379
6336	3	87	80.000	  46.400	  58.000	  64.000	  43.671	  85.000	ComD2	R	1	50	2	1742
6336	3	88	46.579	  76.000	  59.000	  60.000	  43.579	  81.232	SimA1	R	3	49	2	1428
6336	3	89	47.838	  74.000	  60.000	  59.000	  43.838	  80.752	SimA1	R	3	49	2	1518
6336	3	90	96.000	  38.667	  80.000	  46.400	  58.000	  64.000	ComD1	R	4	51	2	4267
6336	4	1	73.000	  47.685	  72.000	  42.264	  74.000	  40.581	Fill2	R	5	51	1	4278
6336	4	2	61.000	  60.000	  60.000	  53.317	  64.000	  49.797	Fill3	R	4	50	1	1152
6336	4	3	96.000	  39.875	  82.000	  46.683	  58.000	  66.000	ComD1	R	2	50	3	1445
6336	4	4	52.286	  70.000	  51.286	  61.869	  54.286	  59.887	Fill4	R	2	49	1	1318
6336	4	5	75.000	  48.800	  73.000	  43.740	  76.000	  41.632	Fill2	R	5	51	1	691
6336	4	6	96.000	  38.594	  80.000	  46.312	  57.000	  65.000	ComD1	R	3	51	3	852
6336	4	7	60.000	  59.000	  58.000	  53.362	  63.000	  49.429	Fill3	R	1	49	1	780
6336	4	8	48.000	  82.000	  84.000	  46.857	  41.000	  82.000	AttR1	R	5	51	1	665
6336	4	9	46.740	  77.000	  59.000	  61.000	  64.268	  56.000	SimA2	R	5	51	1	847
6336	4	10	49.000	  80.000	  81.000	  48.395	  41.000	  80.000	AttR1	R	2	49	1	718
6336	4	11	93.000	  40.667	  91.000	  36.725	  96.000	  34.562	Fill1	R	3	50	1	804
6336	4	12	90.000	  38.678	  87.000	  35.092	  91.000	  33.626	Fill1	R	2	49	1	846
6336	4	13	51.108	  74.000	  49.108	  68.848	  52.108	  64.232	Fill4	R	3	51	3	982
6336	4	14	39.557	  88.000	  38.557	  76.044	  41.557	  71.589	Fill5	R	3	51	3	1439
6336	4	15	91.000	  40.220	  88.000	  35.920	  92.000	  35.315	Fill1	R	4	50	1	791
6336	4	16	60.000	  61.000	  58.000	  55.155	  61.000	  52.393	Fill3	R	3	50	1	1476
6336	4	17	80.000	  46.312	  57.000	  65.000	  43.588	  85.000	ComD2	R	2	50	3	1570
6336	4	18	80.000	  47.125	  58.000	  65.000	  43.837	  86.000	ComD2	R	2	51	2	821
6336	4	19	47.200	  75.000	  59.000	  60.000	  43.200	  81.944	SimA1	R	5	51	1	1672
6336	4	20	47.838	  74.000	  60.000	  59.000	  42.838	  82.637	SimA1	R	6	50	2	1184
6336	4	21	49.000	  80.000	  81.000	  48.395	  42.000	  80.000	AttR1	R	6	51	1	1323
6336	4	22	47.685	  73.000	  59.000	  59.000	  44.685	  77.901	SimA1	R	6	49	3	952
6336	4	23	61.000	  62.000	  60.000	  55.233	  64.000	  52.469	Fill3	R	5	50	3	1013
6336	4	24	51.000	  80.000	  78.000	  52.308	  78.000	  43.308	AttR2	R	4	51	2	785
6336	4	25	47.987	  75.000	  61.000	  59.000	  64.268	  56.000	SimA2	R	1	49	1	1836
6336	4	26	50.833	  72.000	  47.833	  66.711	  51.833	  61.968	Fill4	R	4	50	1	1668
6336	4	27	48.158	  76.000	  60.000	  61.000	  44.158	  82.884	SimA1	R	2	51	2	739
6336	4	28	92.000	  39.783	  90.000	  35.644	  93.000	  34.817	Fill1	R	5	51	1	744
6336	4	29	47.685	  73.000	  59.000	  59.000	  62.161	  56.000	SimA2	R	2	49	1	1158
6336	4	30	50.000	  81.000	  80.000	  50.625	  42.000	  81.000	AttR1	R	2	51	2	1276
6336	4	31	49.729	  70.000	  47.729	  64.259	  51.729	  58.807	Fill4	R	5	51	1	811
6336	4	32	82.000	  45.976	  58.000	  65.000	  43.333	  87.000	ComD2	R	4	49	3	974
6336	4	33	95.000	  39.684	  80.000	  47.125	  58.000	  65.000	ComD1	R	3	50	1	641
6336	4	34	94.000	  38.809	  80.000	  45.600	  57.000	  64.000	ComD1	R	3	50	1	799
6336	4	35	51.000	  83.000	  82.000	  51.622	  82.000	  42.622	AttR2	R	3	51	3	683
6336	4	36	97.000	  40.144	  82.000	  47.488	  59.000	  66.000	ComD1	R	3	50	1	1227
6336	4	37	76.000	  46.579	  75.000	  41.733	  78.000	  40.192	Fill2	R	3	49	2	822
6336	4	38	97.000	  38.268	  80.000	  46.400	  58.000	  64.000	ComD1	R	5	51	1	824
6336	4	39	52.000	  81.000	  81.000	  52.000	  44.000	  81.000	AttR1	R	4	51	2	698
6336	4	40	48.000	  82.000	  84.000	  46.857	  84.000	  38.857	AttR2	R	5	51	1	1442
6336	4	41	82.000	  46.683	  58.000	  66.000	  44.000	  87.000	ComD2	R	2	50	3	2451
6336	4	42	48.961	  76.000	  61.000	  61.000	  45.961	  80.961	SimA1	R	5	50	3	955
6336	4	43	93.000	  38.065	  91.000	  34.242	  96.000	  31.958	Fill1	R	5	50	3	576
6336	4	44	40.667	  90.000	  39.667	  78.782	  42.667	  73.711	Fill5	R	4	49	3	1715
6336	4	45	40.667	  93.000	  37.667	  86.310	  42.667	  76.430	Fill5	R	2	49	1	1737
6336	4	46	50.000	  79.000	  80.000	  49.375	  80.000	  41.375	AttR2	R	5	49	2	2149
6336	4	47	49.000	  80.000	  81.000	  48.395	  81.000	  40.395	AttR2	R	3	49	2	1427
6336	4	48	47.987	  75.000	  61.000	  59.000	  44.987	  80.001	SimA1	R	3	49	2	1965
6336	4	49	50.000	  81.000	  80.000	  50.625	  80.000	  42.625	AttR2	R	3	51	3	617
6336	4	50	59.000	  59.000	  56.000	  54.089	  60.000	  50.433	Fill3	R	3	49	2	2194
6336	4	51	92.000	  39.783	  91.000	  35.736	  95.000	  33.453	Fill1	R	2	49	1	893
6336	4	52	48.000	  81.000	  81.000	  48.000	  81.000	  39.000	AttR2	R	4	51	2	1293
6336	4	53	46.413	  75.000	  59.000	  59.000	  41.413	  84.055	SimA1	R	5	50	3	1677
6336	4	54	51.000	  80.000	  78.000	  52.308	  42.000	  80.000	AttR1	R	3	49	2	1581
6336	4	55	49.000	  80.000	  80.000	  49.000	  80.000	  42.000	AttR2	R	5	51	1	1120
6336	4	56	46.740	  77.000	  59.000	  61.000	  41.740	  86.224	SimA1	R	3	51	3	765
6336	4	57	39.783	  92.000	  36.783	  85.611	  40.783	  76.528	Fill5	R	4	50	1	912
6336	4	58	49.613	  75.000	  61.000	  61.000	  64.155	  58.000	SimA2	R	5	51	1	1445
6336	4	59	76.000	  49.763	  74.000	  45.257	  77.000	  43.208	Fill2	R	3	50	1	846
6336	4	60	49.000	  80.000	  80.000	  49.000	  41.000	  80.000	AttR1	R	3	50	1	1317
6336	4	61	80.000	  46.400	  58.000	  64.000	  43.163	  86.000	ComD2	R	3	51	3	1604
6336	4	62	80.000	  45.600	  57.000	  64.000	  42.918	  85.000	ComD2	R	5	50	3	1293
6336	4	63	96.000	  40.625	  81.000	  48.148	  60.000	  65.000	ComD1	R	5	50	3	894
6336	4	64	47.838	  74.000	  60.000	  59.000	  65.556	  54.000	SimA2	R	2	51	2	1654
6336	4	65	80.000	  46.312	  57.000	  65.000	  44.107	  84.000	ComD2	R	3	50	1	2206
6336	4	66	49.613	  75.000	  61.000	  61.000	  46.613	  79.827	SimA1	R	6	51	1	1801
6336	4	67	48.000	  81.000	  81.000	  48.000	  41.000	  81.000	AttR1	R	1	50	2	1371
6336	4	68	51.304	  69.000	  48.304	  65.005	  53.304	  57.631	Fill4	R	5	51	1	973
6336	4	69	76.000	  48.158	  74.000	  42.797	  79.000	  40.658	Fill2	R	5	51	1	1872
6336	4	70	49.000	  80.000	  81.000	  48.395	  81.000	  39.395	AttR2	R	4	51	2	920
6336	4	71	97.000	  38.196	  80.000	  46.312	  57.000	  65.000	ComD1	R	2	49	1	1708
6336	4	72	48.961	  76.000	  61.000	  61.000	  66.446	  56.000	SimA2	R	4	50	1	1235
6336	4	73	76.000	  48.158	  73.000	  44.205	  77.000	  41.714	Fill2	R	5	51	1	1180
6336	4	74	51.000	  83.000	  82.000	  51.622	  43.000	  83.000	AttR1	R	5	51	1	2445
6336	4	75	48.158	  76.000	  60.000	  61.000	  63.103	  58.000	SimA2	R	2	49	1	1173
6336	4	76	97.000	  38.866	  82.000	  45.976	  58.000	  65.000	ComD1	R	4	51	2	2536
6336	4	77	48.595	  74.000	  62.000	  58.000	  66.593	  54.000	SimA2	R	4	50	1	1822
6336	4	78	47.200	  75.000	  59.000	  60.000	  63.214	  56.000	SimA2	R	3	50	1	833
6336	4	79	60.000	  61.000	  59.000	  54.661	  61.000	  52.639	Fill3	R	4	50	1	969
6336	4	80	46.413	  75.000	  59.000	  59.000	  64.463	  54.000	SimA2	R	3	50	1	1749
6336	4	81	50.833	  72.000	  48.833	  65.283	  52.833	  61.174	Fill4	R	4	50	1	2648
6336	4	82	96.000	  38.594	  82.000	  45.183	  57.000	  65.000	ComD1	R	6	50	2	1864
6336	4	83	39.333	  90.000	  37.333	  80.116	  40.333	  74.826	Fill5	R	2	49	1	1335
6336	4	84	82.000	  45.183	  57.000	  65.000	  43.588	  85.000	ComD2	R	1	49	1	853
6336	4	85	81.000	  48.148	  60.000	  65.000	  43.820	  89.000	ComD2	R	3	50	1	701
6336	4	86	50.000	  79.000	  80.000	  49.375	  43.000	  79.000	AttR1	R	4	51	2	699
6336	4	87	48.595	  74.000	  62.000	  58.000	  45.595	  78.869	SimA1	R	2	50	3	1552
6336	4	88	82.000	  47.488	  59.000	  66.000	  44.759	  87.000	ComD2	R	6	50	2	2629
6336	4	89	52.000	  81.000	  81.000	  52.000	  81.000	  43.000	AttR2	R	5	49	2	1216
6336	4	90	40.220	  91.000	  37.220	  84.632	  41.220	  76.517	Fill5	R	4	50	1	1283
6336	5	1	50.833	  72.000	  47.833	  67.296	  51.833	  61.621	Fill4	R	4	51	2	1758
6336	5	2	49.028	  71.000	  46.028	  65.373	  50.028	  61.325	Fill4	R	5	49	2	920
6336	5	3	57.000	  60.000	  55.000	  54.145	  60.000	  50.067	Fill3	R	2	50	3	1486
6336	5	4	51.000	  82.000	  82.000	  51.000	  82.000	  42.000	AttR2	R	4	50	1	702
6336	5	5	46.413	  75.000	  59.000	  59.000	  62.161	  56.000	SimA2	R	2	50	3	1467
6336	5	6	50.077	  78.000	  62.000	  63.000	  67.345	  58.000	SimA2	R	2	50	3	612
6336	5	7	51.000	  79.000	  80.000	  50.362	  42.000	  79.000	AttR1	R	4	51	2	614
6336	5	8	47.200	  75.000	  60.000	  59.000	  65.556	  54.000	SimA2	R	6	51	1	1641
6336	5	9	53.014	  69.000	  52.014	  61.906	  55.014	  58.366	Fill4	R	1	49	1	1799
6336	5	10	91.000	  38.253	  88.000	  34.432	  92.000	  32.804	Fill1	R	4	50	1	731
6336	5	11	50.000	  82.000	  84.000	  48.810	  84.000	  39.810	AttR2	R	3	49	2	3033
6336	5	12	75.000	  48.000	  74.000	  43.189	  76.000	  41.303	Fill2	R	4	50	1	703
6336	5	13	76.000	  47.355	  74.000	  43.189	  78.000	  40.795	Fill2	R	2	49	1	1021
6336	5	14	97.000	  40.144	  81.000	  48.074	  59.000	  66.000	ComD1	R	3	51	3	720
6336	5	15	50.000	  80.000	  80.000	  50.000	  42.000	  80.000	AttR1	R	4	51	2	701
6336	5	16	88.000	  38.864	  86.000	  34.512	  90.000	  33.178	Fill1	R	6	51	1	667
6336	5	17	54.000	  82.000	  80.000	  55.350	  80.000	  46.350	AttR2	R	6	51	1	771
6336	5	18	46.877	  73.000	  58.000	  59.000	  41.877	  81.716	SimA1	R	2	49	1	1893
6336	5	19	50.000	  82.000	  84.000	  48.810	  41.000	  82.000	AttR1	R	4	51	2	1013
6336	5	20	51.000	  81.000	  80.000	  51.638	  42.000	  81.000	AttR1	R	5	51	1	2569
6336	5	21	51.000	  82.000	  82.000	  51.000	  42.000	  82.000	AttR1	R	2	49	1	2147
6336	5	22	48.158	  76.000	  61.000	  60.000	  64.211	  57.000	SimA2	R	1	50	2	1369
6336	5	23	50.000	  80.000	  80.000	  50.000	  80.000	  41.000	AttR2	R	2	49	1	1668
6336	5	24	39.112	  89.000	  38.112	  77.088	  41.112	  72.338	Fill5	R	6	49	3	603
6336	5	25	50.077	  78.000	  62.000	  63.000	  47.077	  82.971	SimA1	R	4	49	3	421
6336	5	26	77.000	  47.506	  75.000	  42.907	  80.000	  40.487	Fill2	R	6	51	1	417
6336	5	27	60.000	  60.000	  59.000	  53.220	  61.000	  51.934	Fill3	R	3	51	3	507
6336	5	28	61.000	  60.000	  58.000	  55.483	  64.000	  49.875	Fill3	R	2	49	1	447
6336	5	29	49.000	  80.000	  79.000	  49.620	  79.000	  42.620	AttR2	R	3	50	1	448
6336	5	30	97.000	  40.144	  82.000	  47.488	  59.000	  66.000	ComD1	R	3	50	1	656
6336	5	31	50.110	  73.000	  62.000	  59.000	  65.321	  56.000	SimA2	R	5	51	1	2168
6336	5	32	74.000	  47.041	  73.000	  42.205	  76.000	  40.224	Fill2	R	2	49	1	811
6336	5	33	48.800	  75.000	  60.000	  61.000	  43.800	  83.562	SimA1	R	5	51	1	2325
6336	5	34	51.000	  81.000	  80.000	  51.638	  80.000	  44.638	AttR2	R	1	50	2	803
6336	5	35	96.000	  38.667	  80.000	  46.400	  58.000	  64.000	ComD1	R	6	49	3	1526
6336	5	36	82.000	  47.488	  59.000	  66.000	  45.279	  86.000	ComD2	R	2	51	2	771
6336	5	37	83.000	  45.325	  57.000	  66.000	  44.786	  84.000	ComD2	R	4	49	3	941
6336	5	38	81.000	  48.074	  59.000	  66.000	  45.279	  86.000	ComD2	R	2	51	2	635
6336	5	39	40.667	  90.000	  38.667	  80.534	  41.667	  75.816	Fill5	R	4	49	3	1363
6336	5	40	80.000	  47.125	  58.000	  65.000	  43.333	  87.000	ComD2	R	3	50	1	1616
6336	5	41	50.000	  79.000	  80.000	  49.375	  41.000	  79.000	AttR1	R	5	49	2	1044
6336	5	42	59.000	  59.000	  57.000	  53.754	  61.000	  49.180	Fill3	R	4	49	3	963
6336	5	43	62.000	  59.000	  61.000	  51.885	  64.000	  50.500	Fill3	R	3	51	3	657
6336	5	44	46.877	  73.000	  58.000	  59.000	  61.107	  56.000	SimA2	R	1	49	1	1217
6336	5	45	47.838	  74.000	  60.000	  59.000	  43.838	  80.752	SimA1	R	6	50	2	1331
6336	5	46	50.110	  73.000	  62.000	  59.000	  46.110	  79.333	SimA1	R	3	49	2	1008
6336	5	47	94.000	  38.936	  91.000	  35.670	  97.000	  32.701	Fill1	R	4	50	1	731
6336	5	48	83.000	  46.120	  58.000	  66.000	  44.512	  86.000	ComD2	R	4	51	2	951
6336	5	49	50.000	  79.000	  80.000	  49.375	  80.000	  40.375	AttR2	R	3	50	1	733
6336	5	50	99.000	  38.000	  83.000	  45.325	  57.000	  66.000	ComD1	R	4	49	3	699
6336	5	51	48.800	  75.000	  61.000	  60.000	  45.800	  79.913	SimA1	R	2	49	1	928
6336	5	52	80.000	  45.600	  57.000	  64.000	  42.419	  86.000	ComD2	R	5	49	2	677
6336	5	53	82.000	  45.878	  57.000	  66.000	  44.786	  84.000	ComD2	R	2	51	2	613
6336	5	54	48.169	  71.000	  47.169	  62.520	  49.169	  59.651	Fill4	R	2	51	2	672
6336	5	55	93.000	  39.333	  91.000	  34.879	  95.000	  34.168	Fill1	R	6	51	1	1384
6336	5	56	82.000	  45.183	  57.000	  65.000	  44.107	  84.000	ComD2	R	2	51	2	747
6336	5	57	47.532	  77.000	  60.000	  61.000	  44.532	  82.187	SimA1	R	5	51	1	2016
6336	5	58	50.000	  72.000	  48.000	  65.875	  51.000	  60.863	Fill4	R	4	50	1	1788
6336	5	59	96.000	  39.188	  82.000	  45.878	  57.000	  66.000	ComD1	R	6	50	2	614
6336	5	60	54.000	  82.000	  80.000	  55.350	  47.000	  82.000	AttR1	R	5	51	1	872
6336	5	61	98.000	  38.469	  80.000	  47.125	  58.000	  65.000	ComD1	R	5	50	3	841
6336	5	62	46.413	  75.000	  59.000	  59.000	  42.413	  82.073	SimA1	R	5	51	1	1737
6336	5	63	40.438	  89.000	  38.438	  80.155	  42.438	  72.105	Fill5	R	2	49	1	1957
6336	5	64	40.449	  89.000	  37.449	  82.511	  42.449	  72.557	Fill5	R	2	49	1	1371
6336	5	65	47.532	  77.000	  60.000	  61.000	  63.103	  58.000	SimA2	R	4	50	1	1820
6336	5	66	52.159	  69.000	  50.159	  63.637	  54.159	  58.863	Fill4	R	2	49	1	1415
6336	5	67	96.000	  39.271	  81.000	  46.543	  58.000	  65.000	ComD1	R	1	50	2	1660
6336	5	68	47.838	  74.000	  60.000	  59.000	  64.364	  55.000	SimA2	R	3	50	1	1578
6336	5	69	99.000	  38.667	  83.000	  46.120	  58.000	  66.000	ComD1	R	2	49	1	972
6336	5	70	41.568	  88.000	  40.568	  77.401	  43.568	  71.750	Fill5	R	6	51	1	744
6336	5	71	50.000	  78.000	  79.000	  49.367	  43.000	  78.000	AttR1	R	4	51	2	933
6336	5	72	38.000	  90.000	  35.000	  82.571	  39.000	  74.718	Fill5	R	6	51	1	1195
6336	5	73	48.800	  75.000	  60.000	  61.000	  63.103	  58.000	SimA2	R	6	51	1	1597
6336	5	74	50.000	  81.000	  83.000	  48.795	  83.000	  40.795	AttR2	R	6	50	2	1192
6336	5	75	51.000	  79.000	  80.000	  50.362	  80.000	  41.362	AttR2	R	4	50	1	1747
6336	5	76	81.000	  46.543	  58.000	  65.000	  44.353	  85.000	ComD2	R	4	49	3	1992
6336	5	77	97.000	  37.608	  80.000	  45.600	  57.000	  64.000	ComD1	R	4	51	2	2107
6336	5	78	47.200	  75.000	  60.000	  59.000	  44.200	  80.090	SimA1	R	2	51	2	2361
6336	5	79	71.000	  48.169	  70.000	  42.700	  74.000	  39.554	Fill2	R	4	50	1	1054
6336	5	80	80.000	  46.400	  58.000	  64.000	  43.163	  86.000	ComD2	R	5	51	1	1732
6336	5	81	91.000	  39.560	  88.000	  35.784	  94.000	  33.457	Fill1	R	6	51	1	1155
6336	5	82	76.000	  48.158	  73.000	  44.178	  79.000	  41.076	Fill2	R	4	50	1	648
6336	5	83	48.800	  75.000	  61.000	  60.000	  66.545	  55.000	SimA2	R	4	50	1	552
6336	5	84	49.000	  80.000	  79.000	  49.620	  42.000	  80.000	AttR1	R	4	51	2	1013
6336	5	85	50.000	  81.000	  83.000	  48.795	  43.000	  81.000	AttR1	R	3	49	2	1377
6336	5	86	97.000	  38.196	  82.000	  45.183	  57.000	  65.000	ComD1	R	5	50	3	803
6336	5	87	48.158	  76.000	  61.000	  60.000	  45.158	  81.049	SimA1	R	1	49	1	1270
6336	5	88	61.000	  59.000	  59.000	  52.644	  64.000	  48.797	Fill3	R	5	50	3	1181
6336	5	89	92.000	  39.120	  89.000	  35.787	  95.000	  32.758	Fill1	R	1	50	2	640
6336	5	90	50.000	  78.000	  79.000	  49.367	  79.000	  41.367	AttR2	R	4	50	1	1728
6336	6	1	49.000	  81.000	  79.000	  50.241	  41.000	  81.000	AttR1	R	6	51	1	5606
6336	6	2	50.000	  82.000	  84.000	  48.810	  43.000	  82.000	AttR1	R	1	49	1	712
6336	6	3	51.000	  79.000	  79.000	  51.000	  43.000	  79.000	AttR1	R	5	51	1	814
6336	6	4	41.109	  92.000	  38.109	  85.335	  43.109	  75.832	Fill5	R	4	50	1	713
6336	6	5	48.000	  79.000	  79.000	  48.000	  40.000	  79.000	AttR1	R	2	49	1	836
6336	6	6	96.000	  39.948	  82.000	  46.768	  59.000	  65.000	ComD1	R	4	49	3	621
6336	6	7	48.000	  75.000	  60.000	  60.000	  63.158	  57.000	SimA2	R	2	49	1	1640
6336	6	8	50.000	  72.000	  48.000	  65.083	  51.000	  61.843	Fill4	R	1	49	1	624
6336	6	9	50.000	  82.000	  82.000	  50.000	  82.000	  42.000	AttR2	R	4	50	1	835
6336	6	10	48.635	  74.000	  61.000	  59.000	  66.648	  54.000	SimA2	R	2	49	1	1339
6336	6	11	39.783	  92.000	  38.783	  80.577	  40.783	  76.650	Fill5	R	1	49	1	1672
6336	6	12	50.571	  70.000	  47.571	  64.345	  51.571	  59.413	Fill4	R	4	50	1	1416
6336	6	13	47.368	  76.000	  60.000	  60.000	  43.368	  83.010	SimA1	R	4	49	3	1196
6336	6	14	59.000	  60.000	  56.000	  54.893	  60.000	  51.300	Fill3	R	2	49	1	1245
6336	6	15	80.000	  47.938	  59.000	  65.000	  43.580	  88.000	ComD2	R	3	51	3	1397
6336	6	16	81.000	  46.444	  57.000	  66.000	  43.744	  86.000	ComD2	R	2	49	1	1176
6336	6	17	76.000	  47.368	  73.000	  42.616	  79.000	  40.405	Fill2	R	1	49	1	1235
6336	6	18	96.000	  39.271	  82.000	  45.976	  58.000	  65.000	ComD1	R	2	51	2	1451
6336	6	19	48.000	  75.000	  60.000	  60.000	  43.000	  83.721	SimA1	R	4	49	3	2491
6336	6	20	95.000	  39.000	  81.000	  45.741	  57.000	  65.000	ComD1	R	5	50	3	931
6336	6	21	39.775	  89.000	  37.775	  79.655	  41.775	  72.579	Fill5	R	2	49	1	2656
6336	6	22	52.000	  79.000	  78.000	  52.667	  78.000	  43.667	AttR2	R	5	49	2	2120
6336	6	23	48.649	  74.000	  60.000	  60.000	  43.649	  82.477	SimA1	R	2	49	1	2829
6336	6	24	46.740	  77.000	  59.000	  61.000	  64.268	  56.000	SimA2	R	2	49	1	1520
6336	6	25	48.000	  79.000	  79.000	  48.000	  79.000	  41.000	AttR2	R	2	49	1	1413
6336	6	26	49.000	  80.000	  81.000	  48.395	  81.000	  39.395	AttR2	R	4	50	1	3072
6336	6	27	82.000	  45.183	  57.000	  65.000	  43.081	  86.000	ComD2	R	4	49	3	1200
6336	6	28	82.000	  46.768	  59.000	  65.000	  44.593	  86.000	ComD2	R	4	49	3	1059
6336	6	29	49.000	  80.000	  78.000	  50.256	  78.000	  41.256	AttR2	R	1	49	1	1019
6336	6	30	50.000	  82.000	  84.000	  48.810	  84.000	  40.810	AttR2	R	5	51	1	895
6336	6	31	91.000	  40.220	  89.000	  36.618	  93.000	  34.054	Fill1	R	6	51	1	982
6336	6	32	47.838	  74.000	  59.000	  60.000	  63.214	  56.000	SimA2	R	5	51	1	848
6336	6	33	50.000	  80.000	  82.000	  48.780	  82.000	  39.780	AttR2	R	4	51	2	1305
6336	6	34	92.000	  38.457	  90.000	  33.822	  95.000	  33.000	Fill1	R	4	50	1	765
6336	6	35	76.000	  49.763	  75.000	  43.907	  78.000	  43.141	Fill2	R	3	50	1	777
6336	6	36	47.368	  76.000	  60.000	  60.000	  64.286	  56.000	SimA2	R	5	51	1	821
6336	6	37	97.000	  39.536	  82.000	  46.768	  59.000	  65.000	ComD1	R	6	51	1	1283
6336	6	38	75.000	  47.200	  74.000	  41.743	  78.000	  40.231	Fill2	R	6	51	1	707
6336	6	39	46.740	  77.000	  59.000	  61.000	  43.740	  82.281	SimA1	R	4	49	3	3088
6336	6	40	100.000	  38.860	  84.000	  46.262	  58.000	  67.000	ComD1	R	2	50	3	960
6336	6	41	47.671	  73.000	  60.000	  58.000	  63.273	  55.000	SimA2	R	3	50	1	3110
6336	6	42	49.000	  81.000	  79.000	  50.241	  79.000	  41.241	AttR2	R	2	49	1	1316
6336	6	43	52.000	  79.000	  78.000	  52.667	  45.000	  79.000	AttR1	R	4	51	2	928
6336	6	44	52.029	  68.000	  50.029	  62.543	  54.029	  57.302	Fill4	R	4	50	1	1406
6336	6	45	48.158	  76.000	  61.000	  60.000	  65.357	  56.000	SimA2	R	3	50	1	2240
6336	6	46	97.000	  39.536	  80.000	  47.938	  59.000	  65.000	ComD1	R	5	51	1	1504
6336	6	47	82.000	  46.768	  59.000	  65.000	  44.593	  86.000	ComD2	R	6	49	3	1766
6336	6	48	62.000	  61.000	  60.000	  56.067	  64.000	  52.609	Fill3	R	5	51	1	1928
6336	6	49	48.158	  76.000	  61.000	  60.000	  45.158	  81.049	SimA1	R	6	49	3	711
6336	6	50	47.838	  74.000	  59.000	  60.000	  44.838	  78.951	SimA1	R	3	51	3	844
6336	6	51	91.000	  38.901	  89.000	  35.112	  92.000	  33.489	Fill1	R	5	51	1	804
6336	6	52	81.000	  45.741	  57.000	  65.000	  43.081	  86.000	ComD2	R	3	50	1	678
6336	6	53	50.000	  80.000	  82.000	  48.780	  41.000	  80.000	AttR1	R	6	51	1	1718
6336	6	54	59.000	  60.000	  58.000	  53.810	  60.000	  51.067	Fill3	R	5	51	1	1851
6336	6	55	96.000	  39.948	  80.000	  47.938	  59.000	  65.000	ComD1	R	5	50	3	1468
6336	6	56	83.000	  46.819	  58.000	  67.000	  45.186	  86.000	ComD2	R	3	51	3	2419
6336	6	57	91.000	  38.901	  88.000	  34.659	  92.000	  33.804	Fill1	R	6	51	1	789
6336	6	58	60.000	  60.000	  58.000	  55.052	  61.000	  51.951	Fill3	R	4	50	1	4129
6336	6	59	50.571	  70.000	  47.571	  64.724	  52.571	  58.054	Fill4	R	3	50	1	982
6336	6	60	49.000	  80.000	  78.000	  50.256	  42.000	  80.000	AttR1	R	1	49	1	1512
6336	6	61	82.000	  45.976	  58.000	  65.000	  43.837	  86.000	ComD2	R	5	49	2	1070
6336	6	62	49.000	  81.000	  79.000	  50.241	  79.000	  43.241	AttR2	R	2	49	1	694
6336	6	63	99.000	  39.253	  83.000	  46.819	  58.000	  67.000	ComD1	R	4	49	3	878
6336	6	64	50.833	  72.000	  48.833	  66.307	  51.833	  62.605	Fill4	R	2	49	1	790
6336	6	65	80.000	  47.938	  59.000	  65.000	  44.593	  86.000	ComD2	R	2	50	3	1001
6336	6	66	40.000	  90.000	  38.000	  81.263	  42.000	  73.357	Fill5	R	2	49	1	1035
6336	6	67	98.000	  38.388	  81.000	  46.444	  57.000	  66.000	ComD1	R	4	50	1	1140
6336	6	68	61.000	  58.000	  58.000	  52.569	  64.000	  48.266	Fill3	R	4	50	1	1999
6336	6	69	48.649	  74.000	  60.000	  60.000	  64.286	  56.000	SimA2	R	2	49	1	1442
6336	6	70	84.000	  46.262	  58.000	  67.000	  45.186	  86.000	ComD2	R	5	49	2	979
6336	6	71	49.000	  80.000	  81.000	  48.395	  42.000	  80.000	AttR1	R	6	51	1	2958
6336	6	72	76.000	  48.158	  75.000	  43.413	  78.000	  40.654	Fill2	R	2	49	1	1075
6336	6	73	48.961	  76.000	  61.000	  61.000	  66.446	  56.000	SimA2	R	2	50	3	1003
6336	6	74	51.000	  79.000	  79.000	  51.000	  79.000	  42.000	AttR2	R	3	50	1	1918
6336	6	75	39.333	  90.000	  38.333	  78.496	  40.333	  75.099	Fill5	R	3	50	1	693
6336	6	76	47.368	  76.000	  60.000	  60.000	  42.368	  84.969	SimA1	R	3	51	3	1276
6336	6	77	48.635	  74.000	  61.000	  59.000	  43.635	  82.479	SimA1	R	2	50	3	843
6336	6	78	49.000	  81.000	  79.000	  50.241	  40.000	  81.000	AttR1	R	4	51	2	811
6336	6	79	50.000	  82.000	  82.000	  50.000	  43.000	  82.000	AttR1	R	2	49	1	1278
6336	6	80	97.000	  38.196	  82.000	  45.183	  57.000	  65.000	ComD1	R	4	49	3	614
6336	6	81	91.000	  39.560	  89.000	  34.865	  93.000	  33.409	Fill1	R	3	50	1	641
6336	6	82	48.961	  76.000	  61.000	  61.000	  45.961	  80.961	SimA1	R	6	49	3	1073
6336	6	83	47.368	  76.000	  60.000	  60.000	  63.158	  57.000	SimA2	R	1	49	1	760
6336	6	84	52.528	  72.000	  51.528	  63.771	  54.528	  60.868	Fill4	R	2	49	1	958
6336	6	85	95.000	  39.811	  94.000	  35.894	  98.000	  33.837	Fill1	R	1	49	1	972
6336	6	86	40.205	  88.000	  38.205	  78.839	  42.205	  71.082	Fill5	R	6	51	1	685
6336	6	87	73.000	  48.493	  72.000	  42.306	  75.000	  41.707	Fill2	R	4	50	1	613
6336	6	88	75.000	  47.173	  73.000	  42.397	  76.000	  40.513	Fill2	R	3	50	1	480
6336	6	89	47.671	  73.000	  60.000	  58.000	  44.671	  77.902	SimA1	R	6	49	3	968
6336	6	90	60.000	  61.000	  59.000	  53.729	  62.000	  51.032	Fill3	R	5	51	1	804
6336	7	1	39.783	  92.000	  38.783	  80.964	  41.783	  75.582	Fill5	R	6	51	1	1022
6336	7	2	51.932	  74.000	  49.932	  68.853	  53.932	  63.802	Fill4	R	4	50	1	806
6336	7	3	47.200	  75.000	  60.000	  59.000	  43.200	  81.944	SimA1	R	4	49	3	744
6336	7	4	81.000	  44.938	  56.000	  65.000	  43.333	  84.000	ComD2	R	1	51	3	518
6336	7	5	74.000	  49.459	  72.000	  45.139	  75.000	  43.373	Fill2	R	5	51	1	756
6336	7	6	48.000	  75.000	  60.000	  60.000	  43.000	  83.721	SimA1	R	1	51	3	800
6336	7	7	92.000	  39.130	  91.000	  34.253	  95.000	  32.811	Fill1	R	4	50	1	524
6336	7	8	80.000	  46.400	  58.000	  64.000	  43.163	  86.000	ComD2	R	3	51	3	672
6336	7	9	47.200	  75.000	  59.000	  60.000	  63.214	  56.000	SimA2	R	6	51	1	1377
6336	7	10	74.000	  48.649	  73.000	  43.630	  75.000	  41.947	Fill2	R	4	50	1	516
6336	7	11	46.068	  73.000	  59.000	  57.000	  62.278	  54.000	SimA2	R	6	51	1	641
6336	7	12	51.000	  82.000	  83.000	  50.386	  43.000	  82.000	AttR1	R	1	49	1	641
6336	7	13	80.000	  45.600	  57.000	  64.000	  43.429	  84.000	ComD2	R	6	49	3	936
6336	7	14	48.000	  75.000	  60.000	  60.000	  65.455	  55.000	SimA2	R	4	50	1	1590
6336	7	15	50.000	  81.000	  83.000	  48.795	  43.000	  81.000	AttR1	R	4	51	2	560
6336	7	16	49.000	  80.000	  82.000	  47.805	  82.000	  39.805	AttR2	R	2	51	2	917
6336	7	17	48.800	  75.000	  61.000	  60.000	  45.800	  79.913	SimA1	R	3	51	3	891
6336	7	18	95.000	  39.684	  82.000	  45.976	  58.000	  65.000	ComD1	R	2	51	2	908
6336	7	19	92.000	  41.109	  90.000	  37.200	  94.000	  35.840	Fill1	R	1	49	1	840
6336	7	20	47.200	  75.000	  60.000	  59.000	  65.556	  54.000	SimA2	R	2	49	1	1008
6336	7	21	51.000	  82.000	  80.000	  52.275	  43.000	  82.000	AttR1	R	3	49	2	939
6336	7	22	47.000	  82.000	  82.000	  47.000	  82.000	  40.000	AttR2	R	4	50	1	992
6336	7	23	91.000	  38.901	  89.000	  34.944	  93.000	  33.699	Fill1	R	1	50	2	1435
6336	7	24	61.000	  63.000	  59.000	  58.051	  63.000	  54.286	Fill3	R	6	51	1	835
6336	7	25	45.789	  76.000	  58.000	  60.000	  40.789	  85.316	SimA1	R	6	49	3	723
6336	7	26	49.000	  83.000	  85.000	  47.847	  85.000	  40.847	AttR2	R	4	51	2	1217
6336	7	27	49.613	  75.000	  61.000	  61.000	  65.281	  57.000	SimA2	R	6	51	1	667
6336	7	28	51.000	  80.000	  80.000	  51.000	  80.000	  44.000	AttR2	R	4	49	3	1403
6336	7	29	76.000	  49.763	  75.000	  44.573	  77.000	  42.675	Fill2	R	5	51	1	893
6336	7	30	81.000	  46.543	  58.000	  65.000	  44.353	  85.000	ComD2	R	3	50	1	1414
6336	7	31	93.000	  41.323	  90.000	  38.033	  95.000	  35.558	Fill1	R	3	51	3	1673
6336	7	32	60.000	  59.000	  57.000	  54.491	  61.000	  50.967	Fill3	R	5	51	1	1537
6336	7	33	47.838	  74.000	  60.000	  59.000	  64.364	  55.000	SimA2	R	6	51	1	1246
6336	7	34	51.000	  82.000	  83.000	  50.386	  83.000	  41.386	AttR2	R	4	51	2	1621
6336	7	35	82.000	  45.976	  58.000	  65.000	  43.333	  87.000	ComD2	R	1	51	3	3048
6336	7	36	48.000	  75.000	  60.000	  60.000	  64.286	  56.000	SimA2	R	5	51	1	1408
6336	7	37	60.000	  61.000	  58.000	  55.793	  63.000	  51.238	Fill3	R	3	51	3	803
6336	7	38	50.137	  73.000	  49.137	  64.982	  51.137	  63.398	Fill4	R	2	49	1	1461
6336	7	39	94.000	  41.532	  93.000	  36.903	  95.000	  36.305	Fill1	R	1	49	1	1133
6336	7	40	48.000	  75.000	  60.000	  60.000	  44.000	  81.818	SimA1	R	4	49	3	787
6336	7	41	95.000	  39.074	  81.000	  45.827	  58.000	  64.000	ComD1	R	4	49	3	2653
6336	7	42	77.000	  49.909	  74.000	  46.054	  78.000	  43.449	Fill2	R	3	50	1	814
6336	7	43	80.000	  46.400	  58.000	  64.000	  42.667	  87.000	ComD2	R	2	49	1	1129
6336	7	44	81.000	  47.259	  58.000	  66.000	  44.512	  86.000	ComD2	R	3	49	2	1254
6336	7	45	82.000	  47.488	  59.000	  66.000	  44.250	  88.000	ComD2	R	5	51	1	750
6336	7	46	52.000	  80.000	  78.000	  53.333	  45.000	  80.000	AttR1	R	6	50	2	1075
6336	7	47	74.000	  47.838	  71.000	  44.211	  76.000	  40.789	Fill2	R	4	50	1	1060
6336	7	48	92.000	  39.783	  90.000	  35.178	  95.000	  33.326	Fill1	R	4	50	1	668
6336	7	49	96.000	  38.667	  80.000	  46.400	  58.000	  64.000	ComD1	R	5	49	2	891
6336	7	50	47.000	  82.000	  82.000	  47.000	  40.000	  82.000	AttR1	R	3	50	1	972
6336	7	51	94.000	  38.809	  80.000	  45.600	  57.000	  64.000	ComD1	R	4	49	3	1085
6336	7	52	49.000	  83.000	  85.000	  47.847	  41.000	  83.000	AttR1	R	3	50	1	1421
6336	7	53	52.000	  83.000	  83.000	  52.000	  45.000	  83.000	AttR1	R	5	51	1	1016
6336	7	54	99.000	  38.667	  81.000	  47.259	  58.000	  66.000	ComD1	R	5	49	2	971
6336	7	55	49.613	  75.000	  61.000	  61.000	  45.613	  81.577	SimA1	R	2	51	2	773
6336	7	56	97.000	  40.144	  82.000	  47.488	  59.000	  66.000	ComD1	R	3	49	2	776
6336	7	57	41.772	  92.000	  38.772	  85.836	  43.772	  75.757	Fill5	R	4	50	1	651
6336	7	58	45.789	  76.000	  58.000	  60.000	  62.143	  56.000	SimA2	R	6	51	1	852
6336	7	59	97.000	  37.526	  81.000	  44.938	  56.000	  65.000	ComD1	R	6	49	3	923
6336	7	60	51.108	  74.000	  48.108	  68.263	  52.108	  64.424	Fill4	R	1	51	3	961
6336	7	61	82.000	  48.354	  61.000	  65.000	  44.551	  89.000	ComD2	R	3	51	3	814
6336	7	62	98.000	  38.469	  81.000	  46.543	  58.000	  65.000	ComD1	R	3	49	2	1192
6336	7	63	95.000	  41.737	  82.000	  48.354	  61.000	  65.000	ComD1	R	4	49	3	684
6336	7	64	51.000	  80.000	  80.000	  51.000	  42.000	  80.000	AttR1	R	1	49	1	779
6336	7	65	41.109	  92.000	  40.109	  80.955	  42.109	  77.442	Fill5	R	3	50	1	1006
6336	7	66	51.000	  82.000	  80.000	  52.275	  80.000	  45.275	AttR2	R	2	49	1	696
6336	7	67	46.068	  73.000	  59.000	  57.000	  43.068	  78.085	SimA1	R	5	49	2	729
6336	7	68	52.757	  74.000	  50.757	  68.720	  54.757	  63.335	Fill4	R	3	51	3	903
6336	7	69	48.800	  75.000	  61.000	  60.000	  65.357	  56.000	SimA2	R	2	50	3	780
6336	7	70	48.800	  75.000	  60.000	  61.000	  44.800	  81.696	SimA1	R	4	50	1	749
6336	7	71	50.000	  81.000	  83.000	  48.795	  83.000	  41.795	AttR2	R	3	49	2	1068
6336	7	72	60.000	  60.000	  59.000	  52.814	  61.000	  52.115	Fill3	R	2	17	0	307
6336	7	73	39.333	  90.000	  37.333	  80.464	  40.333	  74.802	Fill5	R	2	49	1	2408
6336	7	74	61.000	  64.000	  59.000	  57.831	  64.000	  53.922	Fill3	R	4	50	1	620
6336	7	75	51.000	  80.000	  81.000	  50.370	  42.000	  80.000	AttR1	R	4	51	2	765
6336	7	76	51.304	  69.000	  49.304	  63.179	  52.304	  58.714	Fill4	R	6	51	1	536
6336	7	77	40.000	  90.000	  38.000	  80.658	  42.000	  73.357	Fill5	R	4	49	3	781
6336	7	78	47.838	  74.000	  60.000	  59.000	  42.838	  82.637	SimA1	R	1	50	2	584
6336	7	79	41.532	  94.000	  39.532	  85.501	  42.532	  78.999	Fill5	R	2	49	1	603
6336	7	80	76.000	  51.368	  74.000	  46.919	  77.000	  44.403	Fill2	R	4	50	1	502
6336	7	81	50.000	  72.000	  49.000	  65.020	  51.000	  61.725	Fill4	R	3	50	1	483
6336	7	82	48.800	  75.000	  60.000	  61.000	  65.357	  56.000	SimA2	R	4	50	1	507
6336	7	83	97.000	  38.268	  80.000	  46.400	  58.000	  64.000	ComD1	R	6	50	2	648
6336	7	84	47.200	  75.000	  59.000	  60.000	  42.200	  83.886	SimA1	R	2	50	3	512
6336	7	85	51.000	  80.000	  81.000	  50.370	  81.000	  42.370	AttR2	R	4	50	1	518
6336	7	86	52.000	  83.000	  83.000	  52.000	  83.000	  44.000	AttR2	R	5	51	1	876
6336	7	87	52.000	  80.000	  78.000	  53.333	  78.000	  45.333	AttR2	R	5	51	1	763
6336	7	88	49.000	  80.000	  82.000	  47.805	  40.000	  80.000	AttR1	R	4	51	2	801
6336	7	89	81.000	  45.827	  58.000	  64.000	  42.667	  87.000	ComD2	R	1	50	2	643
6336	7	90	61.000	  62.000	  60.000	  55.317	  64.000	  52.484	Fill3	R	1	50	2	547
6336	8	1	38.427	  89.000	  36.427	  79.721	  39.427	  73.858	Fill5	R	2	49	1	1733
6336	8	2	50.000	  79.000	  79.000	  50.000	  79.000	  42.000	AttR2	R	4	50	1	952
6336	8	3	81.000	  44.938	  56.000	  65.000	  43.333	  84.000	ComD2	R	5	49	2	869
6336	8	4	80.000	  46.312	  57.000	  65.000	  43.588	  85.000	ComD2	R	2	51	2	637
6336	8	5	48.857	  70.000	  47.857	  62.373	  50.857	  58.084	Fill4	R	3	50	1	661
6336	8	6	50.000	  79.000	  79.000	  50.000	  43.000	  79.000	AttR1	R	5	51	1	669
6336	8	7	47.000	  79.000	  79.000	  47.000	  39.000	  79.000	AttR1	R	3	50	1	1262
6336	8	8	53.268	  71.000	  52.268	  63.060	  54.268	  61.510	Fill4	R	5	51	1	710
6336	8	9	46.579	  76.000	  59.000	  60.000	  42.579	  83.140	SimA1	R	2	51	2	940
6336	8	10	40.220	  91.000	  37.220	  84.203	  42.220	  74.183	Fill5	R	5	51	1	1105
6336	8	11	83.000	  47.627	  59.000	  67.000	  44.920	  88.000	ComD2	R	4	51	2	637
6336	8	12	50.000	  80.000	  81.000	  49.383	  81.000	  41.383	AttR2	R	4	50	1	926
6336	8	13	46.579	  76.000	  59.000	  60.000	  64.364	  55.000	SimA2	R	3	51	3	772
6336	8	14	53.000	  78.000	  79.000	  52.329	  46.000	  78.000	AttR1	R	4	51	2	1030
6336	8	15	48.000	  82.000	  81.000	  48.593	  39.000	  82.000	AttR1	R	3	49	2	833
6336	8	16	48.773	  75.000	  62.000	  59.000	  45.773	  79.916	SimA1	R	5	51	1	1896
6336	8	17	50.000	  82.000	  80.000	  51.250	  80.000	  43.250	AttR2	R	2	49	1	2600
6336	8	18	81.000	  45.827	  58.000	  64.000	  42.667	  87.000	ComD2	R	3	49	2	1866
6336	8	19	60.000	  59.000	  57.000	  54.439	  62.000	  49.903	Fill3	R	2	49	1	523
6336	8	20	49.763	  76.000	  62.000	  61.000	  46.763	  80.876	SimA1	R	3	51	3	944
6336	8	21	51.549	  71.000	  49.549	  64.703	  53.549	  59.571	Fill4	R	4	50	1	662
6336	8	22	97.000	  39.464	  82.000	  46.683	  58.000	  66.000	ComD1	R	2	49	1	725
6336	8	23	94.000	  39.489	  81.000	  45.827	  58.000	  64.000	ComD1	R	4	51	2	900
6336	8	24	80.000	  47.200	  59.000	  64.000	  43.402	  87.000	ComD2	R	3	51	3	1056
6336	8	25	81.000	  46.543	  58.000	  65.000	  44.353	  85.000	ComD2	R	2	51	2	912
6336	8	26	49.859	  71.000	  48.859	  63.857	  50.859	  60.461	Fill4	R	2	49	1	814
6336	8	27	50.000	  82.000	  80.000	  51.250	  41.000	  82.000	AttR1	R	4	50	1	753
6336	8	28	93.000	  38.667	  90.000	  34.778	  94.000	  33.670	Fill1	R	4	50	1	845
6336	8	29	50.000	  80.000	  82.000	  48.780	  82.000	  40.780	AttR2	R	5	51	1	813
6336	8	30	92.000	  38.478	  91.000	  34.451	  95.000	  32.232	Fill1	R	2	49	1	1416
6336	8	31	47.692	  78.000	  60.000	  62.000	  44.692	  83.236	SimA1	R	3	51	3	1180
6336	8	32	47.000	  80.000	  78.000	  48.205	  78.000	  40.205	AttR2	R	2	49	1	774
6336	8	33	53.000	  78.000	  79.000	  52.329	  79.000	  45.329	AttR2	R	6	51	1	754
6336	8	34	49.859	  71.000	  47.859	  64.941	  50.859	  60.422	Fill4	R	6	51	1	957
6336	8	35	81.000	  46.543	  58.000	  65.000	  43.333	  87.000	ComD2	R	4	51	2	835
6336	8	36	62.000	  58.000	  60.000	  52.017	  63.000	  49.349	Fill3	R	3	50	1	1476
6336	8	37	59.000	  60.000	  56.000	  55.161	  62.000	  49.806	Fill3	R	5	51	1	747
6336	8	38	76.000	  49.763	  74.000	  45.419	  77.000	  43.000	Fill2	R	5	50	3	585
6336	8	39	47.000	  79.000	  79.000	  47.000	  79.000	  38.000	AttR2	R	6	50	2	733
6336	8	40	41.560	  91.000	  39.560	  82.962	  42.560	  76.409	Fill5	R	2	49	1	673
6336	8	41	90.000	  38.000	  87.000	  34.172	  93.000	  31.462	Fill1	R	4	50	1	538
6336	8	42	50.000	  80.000	  81.000	  49.383	  42.000	  80.000	AttR1	R	5	51	1	621
6336	8	43	52.000	  81.000	  80.000	  52.650	  80.000	  43.650	AttR2	R	2	49	1	720
6336	8	44	47.532	  77.000	  60.000	  61.000	  43.532	  84.075	SimA1	R	4	49	3	1413
6336	8	45	48.000	  82.000	  81.000	  48.593	  81.000	  39.593	AttR2	R	2	51	2	761
6336	8	46	47.041	  74.000	  59.000	  59.000	  44.041	  79.041	SimA1	R	3	51	3	581
6336	8	47	57.000	  60.000	  56.000	  52.607	  59.000	  50.576	Fill3	R	1	51	3	712
6336	8	48	95.000	  39.684	  81.000	  46.543	  58.000	  65.000	ComD1	R	5	50	3	605
6336	8	49	47.027	  74.000	  60.000	  58.000	  43.027	  80.879	SimA1	R	2	49	1	1032
6336	8	50	95.000	  39.000	  80.000	  46.312	  57.000	  65.000	ComD1	R	1	51	3	520
6336	8	51	46.553	  76.000	  58.000	  61.000	  43.553	  81.235	SimA1	R	1	51	3	670
6336	8	52	39.333	  90.000	  38.333	  78.861	  41.333	  73.210	Fill5	R	5	51	1	613
6336	8	53	47.692	  78.000	  60.000	  62.000	  65.263	  57.000	SimA2	R	6	51	1	640
6336	8	54	97.000	  38.866	  81.000	  46.543	  58.000	  65.000	ComD1	R	1	51	3	584
6336	8	55	47.532	  77.000	  60.000	  61.000	  65.357	  56.000	SimA2	R	1	49	1	1284
6336	8	56	40.227	  88.000	  38.227	  78.949	  41.227	  73.665	Fill5	R	5	51	1	619
6336	8	57	94.000	  40.170	  80.000	  47.200	  59.000	  64.000	ComD1	R	6	50	2	966
6336	8	58	47.000	  80.000	  78.000	  48.205	  38.000	  80.000	AttR1	R	4	49	3	1440
6336	8	59	49.000	  83.000	  81.000	  50.210	  81.000	  41.210	AttR2	R	3	50	1	944
6336	8	60	47.685	  73.000	  59.000	  59.000	  44.685	  77.901	SimA1	R	6	51	1	774
6336	8	61	49.944	  72.000	  62.000	  58.000	  65.382	  55.000	SimA2	R	4	51	2	817
6336	8	62	92.000	  39.783	  91.000	  35.044	  93.000	  35.011	Fill1	R	2	50	3	596
6336	8	63	50.000	  80.000	  82.000	  48.780	  42.000	  80.000	AttR1	R	3	49	2	1022
6336	8	64	48.773	  75.000	  62.000	  59.000	  66.509	  55.000	SimA2	R	6	51	1	736
6336	8	65	47.685	  73.000	  59.000	  59.000	  64.463	  54.000	SimA2	R	2	49	1	2397
6336	8	66	98.000	  37.143	  81.000	  44.938	  56.000	  65.000	ComD1	R	3	51	3	1095
6336	8	67	81.000	  46.444	  57.000	  66.000	  43.744	  86.000	ComD2	R	2	51	2	783
6336	8	68	98.000	  38.469	  82.000	  45.976	  58.000	  65.000	ComD1	R	2	50	3	619
6336	8	69	75.000	  48.800	  73.000	  43.342	  76.000	  42.566	Fill2	R	2	49	1	726
6336	8	70	49.763	  76.000	  62.000	  61.000	  66.351	  57.000	SimA2	R	3	49	2	724
6336	8	71	60.000	  61.000	  59.000	  54.034	  61.000	  53.016	Fill3	R	5	50	3	712
6336	8	72	52.116	  69.000	  51.116	  60.901	  53.116	  59.624	Fill4	R	3	50	1	614
6336	8	73	40.864	  88.000	  39.864	  76.436	  41.864	  73.620	Fill5	R	2	49	1	1392
6336	8	74	73.000	  48.493	  71.000	  43.817	  74.000	  41.568	Fill2	R	2	49	1	803
6336	8	75	52.000	  81.000	  80.000	  52.650	  45.000	  81.000	AttR1	R	5	51	1	1509
6336	8	76	82.000	  45.976	  58.000	  65.000	  43.333	  87.000	ComD2	R	4	49	3	683
6336	8	77	47.027	  74.000	  60.000	  58.000	  63.273	  55.000	SimA2	R	3	50	1	1500
6336	8	78	78.000	  46.103	  76.000	  41.408	  79.000	  40.291	Fill2	R	5	51	1	824
6336	8	79	95.000	  39.811	  94.000	  35.585	  96.000	  34.656	Fill1	R	3	50	1	580
6336	8	80	62.000	  61.000	  59.000	  57.017	  63.000	  53.000	Fill3	R	2	51	2	1253
6336	8	81	92.000	  38.478	  89.000	  34.528	  95.000	  32.432	Fill1	R	2	49	1	726
6336	8	82	96.000	  39.188	  81.000	  46.444	  57.000	  66.000	ComD1	R	6	50	2	732
6336	8	83	46.553	  76.000	  58.000	  61.000	  62.070	  57.000	SimA2	R	5	51	1	793
6336	8	84	82.000	  46.683	  58.000	  66.000	  45.035	  85.000	ComD2	R	5	51	1	1108
6336	8	85	76.000	  46.579	  73.000	  42.767	  77.000	  39.844	Fill2	R	1	49	1	1344
6336	8	86	73.000	  46.849	  71.000	  41.775	  74.000	  39.986	Fill2	R	3	50	1	582
6336	8	87	100.000	  39.530	  83.000	  47.627	  59.000	  67.000	ComD1	R	5	50	3	608
6336	8	88	49.000	  83.000	  81.000	  50.210	  42.000	  83.000	AttR1	R	4	50	1	571
6336	8	89	49.944	  72.000	  62.000	  58.000	  45.944	  78.268	SimA1	R	2	50	3	1301
6336	8	90	47.041	  74.000	  59.000	  59.000	  64.463	  54.000	SimA2	R	4	49	3	1059
