username: S81, Experiment time (minutes): 17
Operating system: Mac OS 10.8.5
Manufacturer: Google Pepper
Player type: PlugIn
Version: MAC 13,0,0,206

username	blkNum	trlNum	Rect1Height	Rect1Width	Rect2Height	Rect2Width	Rect3Height	Rect3Width	Effect	StimType	StimPosition	rawResp	response	RT
2125	0	1	59.000	  59.000	  58.000	  52.224	  60.000	  49.917	Fill3	R	6	51	1	2910
2125	0	2	77.000	  49.117	  74.000	  44.432	  79.000	  41.734	Fill2	R	3	50	1	2243
2125	0	3	90.000	  38.633	  88.000	  34.398	  91.000	  33.473	Fill1	R	5	51	1	2388
2125	1	1	47.685	  73.000	  59.000	  59.000	  62.161	  56.000	SimA2	R	3	49	2	9629
2125	1	2	92.000	  37.196	  89.000	  33.607	  93.000	  31.742	Fill1	R	3	50	1	2865
2125	1	3	50.833	  72.000	  48.833	  64.853	  51.833	  62.045	Fill4	R	3	50	1	2968
2125	1	4	48.635	  74.000	  61.000	  59.000	  66.648	  54.000	SimA2	R	4	50	1	3179
2125	1	5	46.000	  80.000	  81.000	  45.432	  81.000	  38.432	AttR2	R	4	50	1	2788
2125	1	6	41.101	  89.000	  39.101	  80.126	  42.101	  73.917	Fill5	R	4	50	1	1359
2125	1	7	47.838	  74.000	  59.000	  60.000	  43.838	  80.752	SimA1	R	2	51	2	3468
2125	1	8	97.000	  39.464	  83.000	  46.120	  58.000	  66.000	ComD1	R	2	50	3	973
2125	1	9	48.325	  77.000	  61.000	  61.000	  45.325	  82.097	SimA1	R	1	50	2	2928
2125	1	10	82.000	  47.561	  60.000	  65.000	  44.318	  88.000	ComD2	R	5	49	2	2110
2125	1	11	39.545	  88.000	  37.545	  79.077	  40.545	  72.388	Fill5	R	3	50	1	1755
2125	1	12	49.714	  70.000	  47.714	  63.419	  50.714	  60.042	Fill4	R	4	50	1	1528
2125	1	13	49.986	  72.000	  48.986	  65.141	  51.986	  61.497	Fill4	R	3	50	1	2213
2125	1	14	52.000	  79.000	  77.000	  53.351	  43.000	  79.000	AttR1	R	2	49	1	2520
2125	1	15	92.000	  39.120	  91.000	  34.429	  94.000	  33.362	Fill1	R	6	51	1	2132
2125	1	16	95.000	  39.684	  80.000	  47.125	  58.000	  65.000	ComD1	R	2	50	3	1044
2125	1	17	46.000	  80.000	  81.000	  45.432	  39.000	  80.000	AttR1	R	4	50	1	1364
2125	1	18	95.000	  38.505	  92.000	  35.033	  97.000	  32.948	Fill1	R	5	51	1	881
2125	1	19	98.000	  39.796	  82.000	  47.561	  60.000	  65.000	ComD1	R	4	49	3	1016
2125	1	20	60.000	  58.000	  58.000	  52.103	  63.000	  47.810	Fill3	R	4	50	1	995
2125	1	21	48.886	  70.000	  47.886	  62.628	  49.886	  60.037	Fill4	R	1	49	1	1949
2125	1	22	50.000	  81.000	  82.000	  49.390	  82.000	  41.390	AttR2	R	4	50	1	1571
2125	1	23	53.000	  80.000	  81.000	  52.346	  81.000	  43.346	AttR2	R	5	51	1	876
2125	1	24	47.685	  73.000	  59.000	  59.000	  43.685	  79.684	SimA1	R	5	49	2	1589
2125	1	25	80.000	  46.400	  58.000	  64.000	  43.671	  85.000	ComD2	R	5	49	2	2080
2125	1	26	47.671	  73.000	  60.000	  58.000	  43.671	  79.686	SimA1	R	2	51	2	2336
2125	1	27	75.000	  46.400	  74.000	  40.986	  76.000	  40.487	Fill2	R	5	51	1	1021
2125	1	28	46.579	  76.000	  59.000	  60.000	  62.105	  57.000	SimA2	R	3	50	1	2584
2125	1	29	81.000	  46.543	  58.000	  65.000	  43.837	  86.000	ComD2	R	4	51	2	892
2125	1	30	50.000	  80.000	  80.000	  50.000	  80.000	  42.000	AttR2	R	5	51	1	755
2125	1	31	83.000	  46.120	  58.000	  66.000	  45.035	  85.000	ComD2	R	2	50	3	584
2125	1	32	92.000	  39.783	  89.000	  36.315	  93.000	  34.753	Fill1	R	4	50	1	619
2125	1	33	82.000	  45.976	  58.000	  65.000	  43.837	  86.000	ComD2	R	5	49	2	813
2125	1	34	59.000	  61.000	  56.000	  57.018	  61.000	  51.197	Fill3	R	6	51	1	3400
2125	1	35	75.000	  45.627	  73.000	  41.288	  77.000	  38.325	Fill2	R	4	50	1	546
2125	1	36	95.000	  38.400	  79.000	  46.177	  57.000	  64.000	ComD1	R	2	50	3	848
2125	1	37	38.886	  88.000	  35.886	  81.312	  40.886	  70.610	Fill5	R	5	51	1	832
2125	1	38	49.000	  79.000	  81.000	  47.790	  81.000	  39.790	AttR2	R	1	49	1	1632
2125	1	39	85.000	  46.400	  58.000	  68.000	  46.400	  85.000	ComD2	R	4	51	2	664
2125	1	40	97.000	  38.866	  81.000	  46.543	  58.000	  65.000	ComD1	R	2	50	3	560
2125	1	41	80.000	  47.125	  58.000	  65.000	  44.353	  85.000	ComD2	R	2	51	2	1325
2125	1	42	82.000	  45.183	  57.000	  65.000	  43.081	  86.000	ComD2	R	1	50	2	1059
2125	1	43	59.000	  61.000	  57.000	  55.509	  60.000	  52.300	Fill3	R	5	51	1	867
2125	1	44	49.000	  82.000	  84.000	  47.833	  40.000	  82.000	AttR1	R	5	51	1	796
2125	1	45	50.000	  81.000	  82.000	  49.390	  42.000	  81.000	AttR1	R	2	49	1	1453
2125	1	46	101.000	  39.050	  85.000	  46.400	  58.000	  68.000	ComD1	R	2	50	3	501
2125	1	47	53.000	  80.000	  81.000	  52.346	  45.000	  80.000	AttR1	R	5	51	1	1859
2125	1	48	40.667	  90.000	  37.667	  83.841	  42.667	  73.852	Fill5	R	1	49	1	5779
2125	1	49	52.000	  79.000	  77.000	  53.351	  77.000	  45.351	AttR2	R	5	49	2	1717
2125	1	50	47.355	  76.000	  59.000	  61.000	  42.355	  84.972	SimA1	R	6	51	1	1380
2125	1	51	47.838	  74.000	  59.000	  60.000	  64.364	  55.000	SimA2	R	5	50	3	629
2125	1	52	50.000	  80.000	  80.000	  50.000	  42.000	  80.000	AttR1	R	5	51	1	1600
2125	1	53	53.014	  69.000	  50.014	  65.041	  54.014	  58.632	Fill4	R	2	49	1	1299
2125	1	54	48.635	  74.000	  61.000	  59.000	  44.635	  80.632	SimA1	R	3	49	2	4063
2125	1	55	47.355	  76.000	  59.000	  61.000	  62.052	  58.000	SimA2	R	6	51	1	2968
2125	1	56	62.000	  59.000	  60.000	  52.850	  63.000	  50.381	Fill3	R	1	49	1	1339
2125	1	57	39.989	  90.000	  38.989	  78.304	  41.989	  73.734	Fill5	R	5	51	1	1073
2125	1	58	73.000	  49.301	  70.000	  45.086	  76.000	  41.697	Fill2	R	5	51	1	1201
2125	1	59	78.000	  46.897	  76.000	  42.000	  80.000	  39.587	Fill2	R	5	51	1	907
2125	1	60	76.000	  48.158	  75.000	  42.493	  77.000	  41.351	Fill2	R	4	50	1	480
2125	1	61	75.000	  47.987	  72.000	  44.319	  77.000	  41.208	Fill2	R	1	50	2	929
2125	1	62	48.800	  75.000	  61.000	  60.000	  45.800	  79.913	SimA1	R	1	50	2	574
2125	1	63	92.000	  37.826	  91.000	  33.055	  93.000	  32.376	Fill1	R	6	50	2	584
2125	1	64	47.671	  73.000	  60.000	  58.000	  64.444	  54.000	SimA2	R	3	50	1	515
2125	1	65	49.000	  82.000	  84.000	  47.833	  84.000	  40.833	AttR2	R	2	49	1	1039
2125	1	66	50.000	  80.000	  78.000	  51.282	  43.000	  80.000	AttR1	R	3	50	1	544
2125	1	67	97.000	  38.268	  80.000	  46.400	  58.000	  64.000	ComD1	R	5	50	3	941
2125	1	68	49.000	  79.000	  81.000	  47.790	  42.000	  79.000	AttR1	R	5	51	1	938
2125	1	69	61.000	  60.000	  59.000	  54.915	  62.000	  52.242	Fill3	R	6	51	1	1048
2125	1	70	81.000	  47.259	  58.000	  66.000	  44.512	  86.000	ComD2	R	1	50	2	783
2125	1	71	50.690	  71.000	  49.690	  62.970	  52.690	  58.835	Fill4	R	3	50	1	603
2125	1	72	52.000	  76.000	  74.000	  53.405	  74.000	  44.405	AttR2	R	2	49	1	1397
2125	1	73	51.240	  75.000	  63.000	  61.000	  47.240	  81.351	SimA1	R	5	50	3	504
2125	1	74	45.627	  75.000	  58.000	  59.000	  61.107	  56.000	SimA2	R	1	50	2	981
2125	1	75	96.000	  39.271	  82.000	  45.976	  58.000	  65.000	ComD1	R	5	50	3	528
2125	1	76	46.579	  76.000	  59.000	  60.000	  43.579	  81.232	SimA1	R	5	49	2	2029
2125	1	77	50.000	  80.000	  78.000	  51.282	  78.000	  44.282	AttR2	R	6	50	2	553
2125	1	78	96.000	  39.875	  81.000	  47.259	  58.000	  66.000	ComD1	R	6	50	2	502
2125	1	79	52.000	  76.000	  74.000	  53.405	  44.000	  76.000	AttR1	R	6	50	2	636
2125	1	80	49.000	  80.000	  81.000	  48.395	  42.000	  80.000	AttR1	R	6	50	2	468
2125	1	81	79.000	  46.177	  57.000	  64.000	  43.429	  84.000	ComD2	R	4	50	1	523
2125	1	82	48.325	  77.000	  61.000	  61.000	  65.281	  57.000	SimA2	R	5	50	3	560
2125	1	83	51.240	  75.000	  63.000	  61.000	  66.259	  58.000	SimA2	R	4	50	1	677
2125	1	84	49.000	  80.000	  81.000	  48.395	  81.000	  41.395	AttR2	R	1	50	2	494
2125	1	85	92.000	  39.120	  91.000	  34.132	  95.000	  32.916	Fill1	R	3	50	1	421
2125	1	86	98.000	  37.806	  82.000	  45.183	  57.000	  65.000	ComD1	R	2	50	3	425
2125	1	87	39.120	  92.000	  38.120	  80.169	  41.120	  74.539	Fill5	R	5	50	3	956
2125	1	88	48.800	  75.000	  61.000	  60.000	  66.545	  55.000	SimA2	R	2	50	3	592
2125	1	89	45.627	  75.000	  58.000	  59.000	  42.627	  80.278	SimA1	R	5	50	3	618
2125	1	90	59.000	  58.000	  56.000	  52.964	  60.000	  50.367	Fill3	R	4	50	1	877
2125	2	1	95.000	  39.684	  80.000	  47.125	  58.000	  65.000	ComD1	R	5	50	3	2733
2125	2	2	47.811	  74.000	  61.000	  58.000	  42.811	  82.643	SimA1	R	3	50	1	1747
2125	2	3	96.000	  39.333	  80.000	  47.200	  59.000	  64.000	ComD1	R	4	51	2	1563
2125	2	4	84.000	  46.262	  58.000	  67.000	  45.718	  85.000	ComD2	R	5	49	2	819
2125	2	5	47.838	  74.000	  60.000	  59.000	  63.214	  56.000	SimA2	R	1	50	2	910
2125	2	6	52.000	  79.000	  79.000	  52.000	  45.000	  79.000	AttR1	R	4	50	1	531
2125	2	7	62.000	  61.000	  61.000	  54.705	  65.000	  51.523	Fill3	R	2	49	1	737
2125	2	8	95.000	  40.421	  81.000	  47.407	  60.000	  64.000	ComD1	R	3	51	3	1549
2125	2	9	81.000	  48.074	  59.000	  66.000	  44.759	  87.000	ComD2	R	4	49	3	1059
2125	2	10	52.000	  78.000	  80.000	  50.700	  80.000	  42.700	AttR2	R	6	50	2	564
2125	2	11	39.112	  89.000	  37.112	  79.623	  40.112	  73.693	Fill5	R	4	50	1	657
2125	2	12	91.000	  38.901	  89.000	  34.742	  92.000	  33.957	Fill1	R	3	50	1	689
2125	2	13	82.000	  45.878	  57.000	  66.000	  44.786	  84.000	ComD2	R	4	51	2	1775
2125	2	14	92.000	  40.446	  89.000	  37.169	  95.000	  34.842	Fill1	R	3	50	1	627
2125	2	15	38.216	  88.000	  36.216	  77.728	  40.216	  70.569	Fill5	R	5	51	1	1092
2125	2	16	53.000	  81.000	  82.000	  52.354	  82.000	  44.354	AttR2	R	5	51	1	589
2125	2	17	39.775	  89.000	  38.775	  77.188	  40.775	  74.310	Fill5	R	6	51	1	800
2125	2	18	47.811	  74.000	  61.000	  58.000	  64.327	  55.000	SimA2	R	2	50	3	763
2125	2	19	49.282	  78.000	  62.000	  62.000	  45.282	  84.890	SimA1	R	5	49	2	1168
2125	2	20	49.459	  74.000	  61.000	  60.000	  64.211	  57.000	SimA2	R	2	49	1	2491
2125	2	21	50.000	  79.000	  81.000	  48.765	  81.000	  41.765	AttR2	R	2	51	2	2051
2125	2	22	81.000	  46.543	  58.000	  65.000	  43.333	  87.000	ComD2	R	4	51	2	843
2125	2	23	49.000	  78.000	  77.000	  49.636	  42.000	  78.000	AttR1	R	4	50	1	619
2125	2	24	47.200	  75.000	  59.000	  60.000	  64.364	  55.000	SimA2	R	2	49	1	1237
2125	2	25	49.000	  79.000	  77.000	  50.273	  77.000	  42.273	AttR2	R	3	50	1	557
2125	2	26	47.200	  75.000	  59.000	  60.000	  42.200	  83.886	SimA1	R	4	50	1	923
2125	2	27	81.000	  46.543	  58.000	  65.000	  43.837	  86.000	ComD2	R	3	50	1	505
2125	2	28	81.000	  47.407	  60.000	  64.000	  43.146	  89.000	ComD2	R	2	51	2	726
2125	2	29	52.000	  79.000	  79.000	  52.000	  79.000	  44.000	AttR2	R	5	51	1	604
2125	2	30	57.000	  59.000	  54.000	  54.037	  59.000	  48.593	Fill3	R	4	51	2	1165
2125	2	31	47.000	  81.000	  81.000	  47.000	  38.000	  81.000	AttR1	R	2	49	1	720
2125	2	32	47.532	  77.000	  60.000	  61.000	  63.103	  58.000	SimA2	R	5	50	3	1414
2125	2	33	94.000	  38.809	  79.000	  46.177	  57.000	  64.000	ComD1	R	3	51	3	752
2125	2	34	47.368	  76.000	  60.000	  60.000	  42.368	  84.969	SimA1	R	1	50	2	718
2125	2	35	81.000	  47.346	  59.000	  65.000	  43.580	  88.000	ComD2	R	2	51	2	867
2125	2	36	79.000	  46.177	  57.000	  64.000	  42.419	  86.000	ComD2	R	4	51	2	794
2125	2	37	48.132	  76.000	  59.000	  62.000	  45.132	  81.052	SimA1	R	4	50	1	541
2125	2	38	76.000	  49.763	  73.000	  45.479	  77.000	  43.532	Fill2	R	4	50	1	683
2125	2	39	48.739	  69.000	  46.739	  62.432	  50.739	  57.037	Fill4	R	4	50	1	923
2125	2	40	96.000	  39.271	  81.000	  46.543	  58.000	  65.000	ComD1	R	6	50	2	608
2125	2	41	47.368	  76.000	  60.000	  60.000	  64.286	  56.000	SimA2	R	1	49	1	3323
2125	2	42	71.000	  47.366	  70.000	  41.714	  72.000	  40.444	Fill2	R	4	50	1	1280
2125	2	43	47.000	  81.000	  81.000	  47.000	  81.000	  40.000	AttR2	R	4	50	1	649
2125	2	44	90.000	  37.367	  88.000	  33.170	  92.000	  31.293	Fill1	R	1	49	1	793
2125	2	45	75.000	  46.413	  73.000	  42.192	  76.000	  40.118	Fill2	R	4	50	1	555
2125	2	46	49.000	  78.000	  77.000	  49.636	  77.000	  41.636	AttR2	R	5	51	1	1369
2125	2	47	59.000	  59.000	  58.000	  52.103	  61.000	  50.098	Fill3	R	2	49	1	931
2125	2	48	48.000	  78.000	  77.000	  48.623	  40.000	  78.000	AttR1	R	6	50	2	2809
2125	2	49	49.282	  78.000	  62.000	  62.000	  65.153	  59.000	SimA2	R	1	50	2	876
2125	2	50	51.000	  80.000	  79.000	  51.646	  79.000	  42.646	AttR2	R	2	49	1	722
2125	2	51	49.000	  79.000	  77.000	  50.273	  40.000	  79.000	AttR1	R	4	51	2	568
2125	2	52	52.000	  78.000	  80.000	  50.700	  45.000	  78.000	AttR1	R	5	50	3	355
2125	2	53	48.000	  78.000	  77.000	  48.623	  77.000	  39.623	AttR2	R	4	51	2	480
2125	2	54	41.109	  92.000	  40.109	  80.606	  43.109	  75.112	Fill5	R	2	50	3	280
2125	2	55	98.000	  39.735	  81.000	  48.074	  59.000	  66.000	ComD1	R	3	51	3	671
2125	2	56	50.000	  79.000	  81.000	  48.765	  41.000	  79.000	AttR1	R	3	49	2	432
2125	2	57	48.132	  76.000	  59.000	  62.000	  63.069	  58.000	SimA2	R	3	50	1	312
2125	2	58	96.000	  39.948	  81.000	  47.346	  59.000	  65.000	ComD1	R	2	50	3	301
2125	2	59	48.325	  77.000	  61.000	  61.000	  64.155	  58.000	SimA2	R	5	50	3	403
2125	2	60	40.890	  91.000	  39.890	  80.747	  42.890	  74.563	Fill5	R	5	51	1	885
2125	2	61	80.000	  47.125	  58.000	  65.000	  43.837	  86.000	ComD2	R	3	50	1	573
2125	2	62	71.000	  47.324	  68.000	  43.132	  73.000	  40.164	Fill2	R	5	51	1	440
2125	2	63	49.859	  71.000	  48.859	  64.000	  50.859	  61.739	Fill4	R	4	50	1	464
2125	2	64	46.667	  72.000	  43.667	  67.328	  48.667	  59.630	Fill4	R	5	51	1	504
2125	2	65	52.528	  72.000	  51.528	  64.354	  54.528	  61.272	Fill4	R	6	51	1	510
2125	2	66	51.000	  80.000	  79.000	  51.646	  44.000	  80.000	AttR1	R	3	49	2	556
2125	2	67	61.000	  61.000	  59.000	  55.237	  63.000	  52.476	Fill3	R	4	50	1	393
2125	2	68	49.000	  78.000	  77.000	  49.636	  77.000	  40.636	AttR2	R	2	51	2	683
2125	2	69	47.532	  77.000	  60.000	  61.000	  42.532	  86.052	SimA1	R	4	49	3	628
2125	2	70	80.000	  47.200	  59.000	  64.000	  43.402	  87.000	ComD2	R	4	51	2	566
2125	2	71	37.753	  89.000	  36.753	  77.028	  39.753	  71.919	Fill5	R	2	49	1	761
2125	2	72	53.000	  81.000	  82.000	  52.354	  46.000	  81.000	AttR1	R	3	50	1	589
2125	2	73	49.028	  71.000	  48.028	  62.172	  50.028	  59.606	Fill4	R	5	51	1	503
2125	2	74	89.000	  37.753	  87.000	  33.448	  92.000	  31.891	Fill1	R	4	50	1	558
2125	2	75	56.000	  60.000	  53.000	  54.340	  59.000	  49.763	Fill3	R	6	51	1	435
2125	2	76	96.000	  39.188	  82.000	  45.878	  57.000	  66.000	ComD1	R	3	49	2	1284
2125	2	77	94.000	  40.234	  91.000	  37.154	  95.000	  35.232	Fill1	R	5	51	1	564
2125	2	78	48.325	  77.000	  61.000	  61.000	  43.325	  85.886	SimA1	R	2	51	2	650
2125	2	79	59.000	  60.000	  57.000	  53.509	  60.000	  51.667	Fill3	R	4	50	1	585
2125	2	80	73.000	  48.493	  70.000	  44.571	  76.000	  40.066	Fill2	R	2	51	2	563
2125	2	81	95.000	  39.684	  81.000	  46.543	  58.000	  65.000	ComD1	R	1	51	3	536
2125	2	82	77.000	  48.325	  75.000	  44.267	  79.000	  41.278	Fill2	R	5	51	1	629
2125	2	83	100.000	  38.860	  84.000	  46.262	  58.000	  67.000	ComD1	R	3	51	3	2385
2125	2	84	49.459	  74.000	  61.000	  60.000	  46.459	  78.778	SimA1	R	6	50	2	1323
2125	2	85	47.368	  76.000	  60.000	  60.000	  63.158	  57.000	SimA2	R	3	51	3	904
2125	2	86	90.000	  38.678	  87.000	  34.460	  91.000	  33.615	Fill1	R	4	50	1	557
2125	2	87	47.368	  76.000	  60.000	  60.000	  42.368	  84.969	SimA1	R	5	50	3	1156
2125	2	88	49.000	  78.000	  77.000	  49.636	  41.000	  78.000	AttR1	R	4	51	2	680
2125	2	89	47.838	  74.000	  60.000	  59.000	  43.838	  80.752	SimA1	R	3	50	1	704
2125	2	90	50.973	  73.000	  47.973	  67.351	  51.973	  62.822	Fill4	R	1	49	1	710
2125	3	1	52.116	  69.000	  50.116	  62.834	  54.116	  58.874	Fill4	R	5	51	1	1173
2125	3	2	96.000	  39.875	  81.000	  47.259	  58.000	  66.000	ComD1	R	5	50	3	1123
2125	3	3	49.471	  68.000	  46.471	  63.309	  50.471	  57.836	Fill4	R	2	49	1	625
2125	3	4	97.000	  39.464	  83.000	  46.120	  58.000	  66.000	ComD1	R	4	50	1	595
2125	3	5	49.000	  80.000	  82.000	  47.805	  42.000	  80.000	AttR1	R	2	49	1	709
2125	3	6	49.613	  75.000	  61.000	  61.000	  65.281	  57.000	SimA2	R	3	49	2	660
2125	3	7	95.000	  38.463	  80.000	  45.675	  58.000	  63.000	ComD1	R	1	51	3	836
2125	3	8	51.000	  82.000	  84.000	  49.786	  42.000	  82.000	AttR1	R	4	50	1	867
2125	3	9	50.000	  77.000	  79.000	  48.734	  79.000	  40.734	AttR2	R	1	49	1	923
2125	3	10	59.000	  62.000	  56.000	  57.482	  61.000	  52.164	Fill3	R	1	49	1	1152
2125	3	11	49.000	  80.000	  82.000	  47.805	  82.000	  38.805	AttR2	R	3	50	1	581
2125	3	12	50.449	  69.000	  48.449	  61.652	  51.449	  57.979	Fill4	R	1	49	1	920
2125	3	13	49.000	  78.000	  79.000	  48.380	  42.000	  78.000	AttR1	R	2	51	2	565
2125	3	14	82.000	  48.207	  59.000	  67.000	  45.965	  86.000	ComD2	R	4	51	2	895
2125	3	15	81.000	  47.346	  59.000	  65.000	  43.580	  88.000	ComD2	R	4	50	1	1176
2125	3	16	62.000	  58.000	  61.000	  52.066	  64.000	  48.766	Fill3	R	4	50	1	507
2125	3	17	47.838	  74.000	  59.000	  60.000	  63.214	  56.000	SimA2	R	3	49	2	656
2125	3	18	94.000	  38.809	  79.000	  46.177	  57.000	  64.000	ComD1	R	1	51	3	624
2125	3	19	77.000	  47.506	  74.000	  43.176	  78.000	  41.551	Fill2	R	5	51	1	652
2125	3	20	73.000	  46.082	  70.000	  41.586	  76.000	  38.303	Fill2	R	3	50	1	515
2125	3	21	47.838	  74.000	  59.000	  60.000	  42.838	  82.637	SimA1	R	2	50	3	448
2125	3	22	92.000	  37.837	  89.000	  34.416	  94.000	  32.415	Fill1	R	4	50	1	576
2125	3	23	50.110	  73.000	  48.110	  65.954	  52.110	  61.908	Fill4	R	5	51	1	1267
2125	3	24	48.649	  74.000	  60.000	  60.000	  63.158	  57.000	SimA2	R	4	50	1	1115
2125	3	25	50.000	  82.000	  84.000	  48.810	  43.000	  82.000	AttR1	R	5	49	2	1217
2125	3	26	98.000	  38.469	  82.000	  45.976	  58.000	  65.000	ComD1	R	3	49	2	859
2125	3	27	49.000	  80.000	  81.000	  48.395	  81.000	  40.395	AttR2	R	5	51	1	843
2125	3	28	95.000	  37.853	  93.000	  33.925	  97.000	  32.619	Fill1	R	4	50	1	514
2125	3	29	51.000	  79.000	  81.000	  49.741	  81.000	  41.741	AttR2	R	6	51	1	857
2125	3	30	50.000	  78.000	  77.000	  50.649	  77.000	  41.649	AttR2	R	4	50	1	600
2125	3	31	51.000	  82.000	  84.000	  49.786	  84.000	  40.786	AttR2	R	4	51	2	499
2125	3	32	47.838	  74.000	  60.000	  59.000	  64.364	  55.000	SimA2	R	2	50	3	538
2125	3	33	95.000	  40.368	  81.000	  47.346	  59.000	  65.000	ComD1	R	1	51	3	1005
2125	3	34	80.000	  45.675	  58.000	  63.000	  42.488	  86.000	ComD2	R	2	51	2	719
2125	3	35	58.000	  58.000	  55.000	  53.818	  60.000	  48.300	Fill3	R	6	50	2	701
2125	3	36	81.000	  47.346	  59.000	  65.000	  44.593	  86.000	ComD2	R	3	49	2	739
2125	3	37	94.000	  38.915	  92.000	  35.293	  96.000	  33.385	Fill1	R	2	49	1	976
2125	3	38	75.000	  48.773	  73.000	  44.027	  77.000	  41.805	Fill2	R	3	50	1	859
2125	3	39	51.000	  79.000	  81.000	  49.741	  81.000	  42.741	AttR2	R	2	51	2	1099
2125	3	40	48.649	  74.000	  60.000	  60.000	  45.649	  78.863	SimA1	R	2	51	2	736
2125	3	41	48.635	  74.000	  61.000	  59.000	  43.635	  82.479	SimA1	R	2	51	2	693
2125	3	42	50.000	  82.000	  84.000	  48.810	  84.000	  40.810	AttR2	R	5	49	2	1517
2125	3	43	49.613	  75.000	  61.000	  61.000	  65.281	  57.000	SimA2	R	3	50	1	1276
2125	3	44	50.000	  80.000	  79.000	  50.633	  43.000	  80.000	AttR1	R	5	51	1	1427
2125	3	45	51.000	  79.000	  81.000	  49.741	  44.000	  79.000	AttR1	R	5	51	1	685
2125	3	46	59.000	  59.000	  56.000	  53.464	  61.000	  49.803	Fill3	R	1	49	1	757
2125	3	47	79.000	  46.177	  57.000	  64.000	  43.429	  84.000	ComD2	R	2	51	2	620
2125	3	48	52.257	  70.000	  49.257	  64.965	  54.257	  59.826	Fill4	R	6	51	1	621
2125	3	49	49.613	  75.000	  61.000	  61.000	  45.613	  81.577	SimA1	R	2	51	2	768
2125	3	50	49.000	  80.000	  81.000	  48.395	  40.000	  80.000	AttR1	R	2	49	1	3083
2125	3	51	48.635	  74.000	  61.000	  59.000	  65.436	  55.000	SimA2	R	3	50	1	1715
2125	3	52	77.000	  46.701	  75.000	  41.693	  80.000	  38.987	Fill2	R	1	49	1	951
2125	3	53	100.000	  39.530	  82.000	  48.207	  59.000	  67.000	ComD1	R	2	50	3	813
2125	3	54	96.000	  38.000	  80.000	  45.600	  57.000	  64.000	ComD1	R	4	49	3	688
2125	3	55	91.000	  40.198	  88.000	  36.841	  94.000	  34.532	Fill1	R	6	51	1	728
2125	3	56	47.838	  74.000	  60.000	  59.000	  43.838	  80.752	SimA1	R	2	51	2	1149
2125	3	57	38.227	  88.000	  36.227	  77.870	  40.227	  70.947	Fill5	R	3	51	3	579
2125	3	58	91.000	  36.967	  90.000	  32.867	  93.000	  31.022	Fill1	R	1	49	1	685
2125	3	59	39.557	  88.000	  38.557	  76.044	  41.557	  70.674	Fill5	R	4	50	1	645
2125	3	60	39.112	  89.000	  38.112	  77.245	  40.112	  74.142	Fill5	R	4	51	2	645
2125	3	61	92.000	  37.837	  89.000	  34.225	  95.000	  31.589	Fill1	R	2	49	1	493
2125	3	62	48.000	  75.000	  60.000	  60.000	  63.158	  57.000	SimA2	R	5	50	3	621
2125	3	63	83.000	  46.120	  58.000	  66.000	  44.512	  86.000	ComD2	R	3	50	1	752
2125	3	64	48.800	  75.000	  61.000	  60.000	  44.800	  81.696	SimA1	R	1	50	2	749
2125	3	65	50.000	  80.000	  79.000	  50.633	  79.000	  43.633	AttR2	R	6	51	1	659
2125	3	66	95.000	  40.368	  81.000	  47.346	  59.000	  65.000	ComD1	R	5	50	3	531
2125	3	67	41.568	  88.000	  39.568	  79.660	  43.568	  72.438	Fill5	R	2	49	1	633
2125	3	68	50.449	  69.000	  48.449	  61.570	  51.449	  59.748	Fill4	R	3	50	1	471
2125	3	69	48.000	  75.000	  60.000	  60.000	  64.286	  56.000	SimA2	R	5	51	1	535
2125	3	70	82.000	  45.976	  58.000	  65.000	  43.333	  87.000	ComD2	R	4	50	1	998
2125	3	71	80.000	  46.400	  58.000	  64.000	  43.671	  85.000	ComD2	R	2	51	2	792
2125	3	72	48.000	  75.000	  60.000	  60.000	  43.000	  83.721	SimA1	R	2	51	2	707
2125	3	73	46.579	  76.000	  59.000	  60.000	  62.105	  57.000	SimA2	R	4	51	2	584
2125	3	74	80.000	  45.600	  57.000	  64.000	  42.419	  86.000	ComD2	R	6	50	2	690
2125	3	75	96.000	  38.667	  80.000	  46.400	  58.000	  64.000	ComD1	R	4	49	3	492
2125	3	76	75.000	  46.413	  73.000	  41.795	  76.000	  40.408	Fill2	R	3	50	1	715
2125	3	77	59.000	  59.000	  57.000	  52.632	  62.000	  48.435	Fill3	R	3	51	3	544
2125	3	78	48.000	  75.000	  60.000	  60.000	  43.000	  83.721	SimA1	R	5	49	2	998
2125	3	79	51.000	  79.000	  81.000	  49.741	  43.000	  79.000	AttR1	R	1	49	1	721
2125	3	80	49.613	  75.000	  61.000	  61.000	  44.613	  83.406	SimA1	R	4	51	2	725
2125	3	81	49.000	  78.000	  79.000	  48.380	  79.000	  40.380	AttR2	R	3	49	2	883
2125	3	82	50.000	  78.000	  77.000	  50.649	  41.000	  78.000	AttR1	R	2	51	2	612
2125	3	83	50.000	  77.000	  79.000	  48.734	  41.000	  77.000	AttR1	R	2	49	1	909
2125	3	84	40.404	  89.000	  38.404	  80.459	  41.404	  74.412	Fill5	R	1	51	3	595
2125	3	85	40.198	  91.000	  37.198	  84.199	  41.198	  76.096	Fill5	R	2	50	3	526
2125	3	86	46.579	  76.000	  59.000	  60.000	  43.579	  81.232	SimA1	R	2	51	2	643
2125	3	87	48.800	  75.000	  61.000	  60.000	  65.357	  56.000	SimA2	R	4	50	1	1412
2125	3	88	81.000	  47.259	  58.000	  66.000	  45.035	  85.000	ComD2	R	3	49	2	1005
2125	3	89	75.000	  46.413	  74.000	  40.311	  78.000	  38.641	Fill2	R	3	50	1	512
2125	3	90	62.000	  59.000	  59.000	  55.136	  63.000	  51.111	Fill3	R	5	51	1	941
2125	4	1	82.000	  45.976	  58.000	  65.000	  43.333	  87.000	ComD2	R	2	51	2	1574
2125	4	2	40.220	  91.000	  37.220	  84.632	  41.220	  76.517	Fill5	R	1	49	1	636
2125	4	3	47.685	  73.000	  59.000	  59.000	  44.685	  77.901	SimA1	R	3	50	1	596
2125	4	4	50.000	  79.000	  80.000	  49.375	  43.000	  79.000	AttR1	R	1	50	2	560
2125	4	5	93.000	  38.065	  91.000	  34.242	  96.000	  31.958	Fill1	R	3	50	1	565
2125	4	6	39.557	  88.000	  38.557	  76.044	  41.557	  71.589	Fill5	R	6	51	1	648
2125	4	7	96.000	  39.875	  82.000	  46.683	  58.000	  66.000	ComD1	R	2	50	3	432
2125	4	8	50.000	  81.000	  80.000	  50.625	  42.000	  81.000	AttR1	R	6	51	1	936
2125	4	9	48.158	  76.000	  60.000	  61.000	  44.158	  82.884	SimA1	R	1	49	1	589
2125	4	10	80.000	  46.312	  57.000	  65.000	  43.588	  85.000	ComD2	R	2	51	2	752
2125	4	11	49.729	  70.000	  47.729	  64.259	  51.729	  58.807	Fill4	R	1	51	3	750
2125	4	12	50.833	  72.000	  48.833	  65.283	  52.833	  61.174	Fill4	R	4	50	1	411
2125	4	13	47.200	  75.000	  59.000	  60.000	  43.200	  81.944	SimA1	R	2	50	3	389
2125	4	14	51.000	  80.000	  78.000	  52.308	  78.000	  43.308	AttR2	R	5	51	1	721
2125	4	15	76.000	  46.579	  75.000	  41.733	  78.000	  40.192	Fill2	R	2	49	1	757
2125	4	16	48.595	  74.000	  62.000	  58.000	  45.595	  78.869	SimA1	R	5	49	2	659
2125	4	17	80.000	  45.600	  57.000	  64.000	  42.918	  85.000	ComD2	R	2	51	2	619
2125	4	18	94.000	  38.809	  80.000	  45.600	  57.000	  64.000	ComD1	R	1	51	3	469
2125	4	19	76.000	  49.763	  74.000	  45.257	  77.000	  43.208	Fill2	R	5	50	3	461
2125	4	20	50.000	  81.000	  80.000	  50.625	  80.000	  42.625	AttR2	R	3	50	1	477
2125	4	21	51.000	  83.000	  82.000	  51.622	  43.000	  83.000	AttR1	R	4	50	1	453
2125	4	22	47.838	  74.000	  60.000	  59.000	  65.556	  54.000	SimA2	R	5	51	1	468
2125	4	23	49.000	  80.000	  80.000	  49.000	  41.000	  80.000	AttR1	R	4	49	3	637
2125	4	24	48.961	  76.000	  61.000	  61.000	  66.446	  56.000	SimA2	R	3	50	1	358
2125	4	25	47.838	  74.000	  60.000	  59.000	  42.838	  82.637	SimA1	R	4	51	2	588
2125	4	26	52.000	  81.000	  81.000	  52.000	  81.000	  43.000	AttR2	R	6	51	1	518
2125	4	27	49.000	  80.000	  80.000	  49.000	  80.000	  42.000	AttR2	R	2	49	1	620
2125	4	28	96.000	  38.594	  82.000	  45.183	  57.000	  65.000	ComD1	R	4	49	3	773
2125	4	29	40.667	  93.000	  37.667	  86.310	  42.667	  76.430	Fill5	R	4	50	1	504
2125	4	30	48.000	  82.000	  84.000	  46.857	  84.000	  38.857	AttR2	R	1	49	1	645
2125	4	31	47.685	  73.000	  59.000	  59.000	  62.161	  56.000	SimA2	R	2	51	2	645
2125	4	32	92.000	  39.783	  91.000	  35.736	  95.000	  33.453	Fill1	R	5	49	2	1277
2125	4	33	46.413	  75.000	  59.000	  59.000	  41.413	  84.055	SimA1	R	6	50	2	373
2125	4	34	48.961	  76.000	  61.000	  61.000	  45.961	  80.961	SimA1	R	3	50	1	473
2125	4	35	97.000	  38.866	  82.000	  45.976	  58.000	  65.000	ComD1	R	6	49	3	409
2125	4	36	49.000	  80.000	  81.000	  48.395	  81.000	  39.395	AttR2	R	4	50	1	524
2125	4	37	48.000	  82.000	  84.000	  46.857	  41.000	  82.000	AttR1	R	6	51	1	617
2125	4	38	80.000	  46.312	  57.000	  65.000	  44.107	  84.000	ComD2	R	2	51	2	532
2125	4	39	61.000	  60.000	  60.000	  53.317	  64.000	  49.797	Fill3	R	3	50	1	968
2125	4	40	46.413	  75.000	  59.000	  59.000	  64.463	  54.000	SimA2	R	4	51	2	835
2125	4	41	91.000	  40.220	  88.000	  35.920	  92.000	  35.315	Fill1	R	6	50	2	691
2125	4	42	61.000	  62.000	  60.000	  55.233	  64.000	  52.469	Fill3	R	2	50	3	451
2125	4	43	96.000	  40.625	  81.000	  48.148	  60.000	  65.000	ComD1	R	2	50	3	340
2125	4	44	90.000	  38.678	  87.000	  35.092	  91.000	  33.626	Fill1	R	3	50	1	529
2125	4	45	52.286	  70.000	  51.286	  61.869	  54.286	  59.887	Fill4	R	5	50	3	373
2125	4	46	49.000	  80.000	  81.000	  48.395	  42.000	  80.000	AttR1	R	4	50	1	416
2125	4	47	48.000	  81.000	  81.000	  48.000	  41.000	  81.000	AttR1	R	2	50	3	371
2125	4	48	93.000	  40.667	  91.000	  36.725	  96.000	  34.562	Fill1	R	2	49	1	532
2125	4	49	51.304	  69.000	  48.304	  65.005	  53.304	  57.631	Fill4	R	1	49	1	491
2125	4	50	95.000	  39.684	  80.000	  47.125	  58.000	  65.000	ComD1	R	3	51	3	594
2125	4	51	47.987	  75.000	  61.000	  59.000	  64.268	  56.000	SimA2	R	4	50	1	452
2125	4	52	49.000	  80.000	  81.000	  48.395	  81.000	  40.395	AttR2	R	5	49	2	325
2125	4	53	48.000	  81.000	  81.000	  48.000	  81.000	  39.000	AttR2	R	3	51	3	298
2125	4	54	50.000	  79.000	  80.000	  49.375	  80.000	  41.375	AttR2	R	4	50	1	297
2125	4	55	81.000	  48.148	  60.000	  65.000	  43.820	  89.000	ComD2	R	5	49	2	433
2125	4	56	80.000	  46.400	  58.000	  64.000	  43.163	  86.000	ComD2	R	4	50	1	304
2125	4	57	47.200	  75.000	  59.000	  60.000	  63.214	  56.000	SimA2	R	5	50	3	220
2125	4	58	82.000	  47.488	  59.000	  66.000	  44.759	  87.000	ComD2	R	5	50	3	432
2125	4	59	46.740	  77.000	  59.000	  61.000	  64.268	  56.000	SimA2	R	6	50	2	448
2125	4	60	59.000	  59.000	  56.000	  54.089	  60.000	  50.433	Fill3	R	4	50	1	408
2125	4	61	82.000	  46.683	  58.000	  66.000	  44.000	  87.000	ComD2	R	4	50	1	567
2125	4	62	75.000	  48.800	  73.000	  43.740	  76.000	  41.632	Fill2	R	2	51	2	533
2125	4	63	60.000	  61.000	  59.000	  54.661	  61.000	  52.639	Fill3	R	6	50	2	419
2125	4	64	40.667	  90.000	  39.667	  78.782	  42.667	  73.711	Fill5	R	3	50	1	453
2125	4	65	96.000	  38.594	  80.000	  46.312	  57.000	  65.000	ComD1	R	3	50	1	461
2125	4	66	39.783	  92.000	  36.783	  85.611	  40.783	  76.528	Fill5	R	1	49	1	1069
2125	4	67	50.833	  72.000	  47.833	  66.711	  51.833	  61.968	Fill4	R	2	49	1	662
2125	4	68	49.613	  75.000	  61.000	  61.000	  46.613	  79.827	SimA1	R	3	50	1	429
2125	4	69	51.000	  80.000	  78.000	  52.308	  42.000	  80.000	AttR1	R	2	50	3	1024
2125	4	70	76.000	  48.158	  73.000	  44.205	  77.000	  41.714	Fill2	R	3	50	1	667
2125	4	71	80.000	  47.125	  58.000	  65.000	  43.837	  86.000	ComD2	R	6	50	2	467
2125	4	72	48.158	  76.000	  60.000	  61.000	  63.103	  58.000	SimA2	R	1	50	2	547
2125	4	73	97.000	  40.144	  82.000	  47.488	  59.000	  66.000	ComD1	R	5	50	3	384
2125	4	74	48.595	  74.000	  62.000	  58.000	  66.593	  54.000	SimA2	R	2	50	3	563
2125	4	75	97.000	  38.196	  80.000	  46.312	  57.000	  65.000	ComD1	R	3	51	3	697
2125	4	76	47.987	  75.000	  61.000	  59.000	  44.987	  80.001	SimA1	R	2	51	2	993
2125	4	77	60.000	  59.000	  58.000	  53.362	  63.000	  49.429	Fill3	R	2	49	1	995
2125	4	78	82.000	  45.183	  57.000	  65.000	  43.588	  85.000	ComD2	R	4	51	2	541
2125	4	79	49.613	  75.000	  61.000	  61.000	  64.155	  58.000	SimA2	R	3	50	1	355
2125	4	80	46.740	  77.000	  59.000	  61.000	  41.740	  86.224	SimA1	R	5	49	2	393
2125	4	81	60.000	  61.000	  58.000	  55.155	  61.000	  52.393	Fill3	R	4	51	2	410
2125	4	82	97.000	  38.268	  80.000	  46.400	  58.000	  64.000	ComD1	R	3	50	1	316
2125	4	83	51.108	  74.000	  49.108	  68.848	  52.108	  64.232	Fill4	R	5	50	3	411
2125	4	84	92.000	  39.783	  90.000	  35.644	  93.000	  34.817	Fill1	R	3	50	1	469
2125	4	85	76.000	  48.158	  74.000	  42.797	  79.000	  40.658	Fill2	R	4	50	1	380
2125	4	86	51.000	  83.000	  82.000	  51.622	  82.000	  42.622	AttR2	R	5	50	3	288
2125	4	87	52.000	  81.000	  81.000	  52.000	  44.000	  81.000	AttR1	R	5	49	2	744
2125	4	88	73.000	  47.685	  72.000	  42.264	  74.000	  40.581	Fill2	R	4	50	1	285
2125	4	89	39.333	  90.000	  37.333	  80.116	  40.333	  74.826	Fill5	R	6	50	2	301
2125	4	90	49.000	  80.000	  81.000	  48.395	  41.000	  80.000	AttR1	R	4	50	1	363
2125	5	1	48.169	  71.000	  47.169	  62.520	  49.169	  59.651	Fill4	R	3	50	1	1973
2125	5	2	96.000	  38.667	  80.000	  46.400	  58.000	  64.000	ComD1	R	2	50	3	478
2125	5	3	51.000	  79.000	  80.000	  50.362	  80.000	  41.362	AttR2	R	2	49	1	525
2125	5	4	61.000	  60.000	  58.000	  55.483	  64.000	  49.875	Fill3	R	4	50	1	500
2125	5	5	96.000	  39.271	  81.000	  46.543	  58.000	  65.000	ComD1	R	5	50	3	329
2125	5	6	82.000	  45.878	  57.000	  66.000	  44.786	  84.000	ComD2	R	4	49	3	1005
2125	5	7	94.000	  38.936	  91.000	  35.670	  97.000	  32.701	Fill1	R	2	50	3	520
2125	5	8	46.413	  75.000	  59.000	  59.000	  42.413	  82.073	SimA1	R	6	50	2	493
2125	5	9	47.532	  77.000	  60.000	  61.000	  44.532	  82.187	SimA1	R	5	49	2	502
2125	5	10	50.000	  82.000	  84.000	  48.810	  84.000	  39.810	AttR2	R	1	50	2	411
2125	5	11	98.000	  38.469	  80.000	  47.125	  58.000	  65.000	ComD1	R	2	50	3	365
2125	5	12	50.077	  78.000	  62.000	  63.000	  67.345	  58.000	SimA2	R	5	50	3	407
2125	5	13	76.000	  48.158	  73.000	  44.178	  79.000	  41.076	Fill2	R	4	50	1	355
2125	5	14	82.000	  45.183	  57.000	  65.000	  44.107	  84.000	ComD2	R	4	50	1	409
2125	5	15	57.000	  60.000	  55.000	  54.145	  60.000	  50.067	Fill3	R	3	50	1	603
2125	5	16	51.000	  82.000	  82.000	  51.000	  82.000	  42.000	AttR2	R	2	50	3	405
2125	5	17	62.000	  59.000	  61.000	  51.885	  64.000	  50.500	Fill3	R	5	49	2	673
2125	5	18	50.110	  73.000	  62.000	  59.000	  46.110	  79.333	SimA1	R	1	49	1	736
2125	5	19	50.000	  78.000	  79.000	  49.367	  43.000	  78.000	AttR1	R	2	50	3	277
2125	5	20	91.000	  38.253	  88.000	  34.432	  92.000	  32.804	Fill1	R	5	51	1	477
2125	5	21	48.800	  75.000	  61.000	  60.000	  66.545	  55.000	SimA2	R	4	50	1	292
2125	5	22	97.000	  38.196	  82.000	  45.183	  57.000	  65.000	ComD1	R	1	50	2	253
2125	5	23	47.200	  75.000	  60.000	  59.000	  65.556	  54.000	SimA2	R	6	50	2	269
2125	5	24	47.838	  74.000	  60.000	  59.000	  64.364	  55.000	SimA2	R	5	50	3	301
2125	5	25	50.110	  73.000	  62.000	  59.000	  65.321	  56.000	SimA2	R	5	50	3	226
2125	5	26	39.112	  89.000	  38.112	  77.088	  41.112	  72.338	Fill5	R	2	50	3	269
2125	5	27	82.000	  47.488	  59.000	  66.000	  45.279	  86.000	ComD2	R	6	50	2	237
2125	5	28	50.833	  72.000	  47.833	  67.296	  51.833	  61.621	Fill4	R	2	50	3	269
2125	5	29	75.000	  48.000	  74.000	  43.189	  76.000	  41.303	Fill2	R	2	50	3	461
2125	5	30	83.000	  45.325	  57.000	  66.000	  44.786	  84.000	ComD2	R	5	49	2	645
2125	5	31	40.667	  90.000	  38.667	  80.534	  41.667	  75.816	Fill5	R	2	49	1	597
2125	5	32	92.000	  39.120	  89.000	  35.787	  95.000	  32.758	Fill1	R	1	49	1	832
2125	5	33	76.000	  47.355	  74.000	  43.189	  78.000	  40.795	Fill2	R	5	50	3	641
2125	5	34	60.000	  60.000	  59.000	  53.220	  61.000	  51.934	Fill3	R	3	50	1	441
2125	5	35	80.000	  47.125	  58.000	  65.000	  43.333	  87.000	ComD2	R	2	51	2	1464
2125	5	36	48.800	  75.000	  60.000	  61.000	  43.800	  83.562	SimA1	R	4	51	2	689
2125	5	37	50.000	  72.000	  48.000	  65.875	  51.000	  60.863	Fill4	R	3	51	3	528
2125	5	38	47.532	  77.000	  60.000	  61.000	  63.103	  58.000	SimA2	R	2	50	3	389
2125	5	39	40.438	  89.000	  38.438	  80.155	  42.438	  72.105	Fill5	R	3	50	1	576
2125	5	40	50.000	  80.000	  80.000	  50.000	  80.000	  41.000	AttR2	R	4	50	1	419
2125	5	41	46.413	  75.000	  59.000	  59.000	  62.161	  56.000	SimA2	R	3	50	1	390
2125	5	42	50.000	  79.000	  80.000	  49.375	  41.000	  79.000	AttR1	R	2	50	3	448
2125	5	43	54.000	  82.000	  80.000	  55.350	  47.000	  82.000	AttR1	R	2	50	3	616
2125	5	44	88.000	  38.864	  86.000	  34.512	  90.000	  33.178	Fill1	R	3	50	1	580
2125	5	45	77.000	  47.506	  75.000	  42.907	  80.000	  40.487	Fill2	R	2	50	3	508
2125	5	46	59.000	  59.000	  57.000	  53.754	  61.000	  49.180	Fill3	R	2	50	3	683
2125	5	47	51.000	  81.000	  80.000	  51.638	  80.000	  44.638	AttR2	R	6	50	2	603
2125	5	48	81.000	  48.074	  59.000	  66.000	  45.279	  86.000	ComD2	R	2	50	3	653
2125	5	49	83.000	  46.120	  58.000	  66.000	  44.512	  86.000	ComD2	R	5	50	3	524
2125	5	50	80.000	  45.600	  57.000	  64.000	  42.419	  86.000	ComD2	R	5	50	3	395
2125	5	51	48.800	  75.000	  60.000	  61.000	  63.103	  58.000	SimA2	R	2	50	3	565
2125	5	52	46.877	  73.000	  58.000	  59.000	  41.877	  81.716	SimA1	R	2	50	3	440
2125	5	53	50.000	  78.000	  79.000	  49.367	  79.000	  41.367	AttR2	R	2	50	3	952
2125	5	54	54.000	  82.000	  80.000	  55.350	  80.000	  46.350	AttR2	R	3	50	1	693
2125	5	55	50.000	  81.000	  83.000	  48.795	  43.000	  81.000	AttR1	R	5	50	3	917
2125	5	56	52.159	  69.000	  50.159	  63.637	  54.159	  58.863	Fill4	R	2	50	3	827
2125	5	57	50.000	  81.000	  83.000	  48.795	  83.000	  40.795	AttR2	R	2	49	1	797
2125	5	58	51.000	  82.000	  82.000	  51.000	  42.000	  82.000	AttR1	R	4	50	1	561
2125	5	59	49.000	  80.000	  79.000	  49.620	  42.000	  80.000	AttR1	R	5	51	1	925
2125	5	60	97.000	  40.144	  81.000	  48.074	  59.000	  66.000	ComD1	R	3	51	3	1228
2125	5	61	49.028	  71.000	  46.028	  65.373	  50.028	  61.325	Fill4	R	6	51	1	742
2125	5	62	80.000	  46.400	  58.000	  64.000	  43.163	  86.000	ComD2	R	5	50	3	492
2125	5	63	99.000	  38.667	  83.000	  46.120	  58.000	  66.000	ComD1	R	2	50	3	620
2125	5	64	91.000	  39.560	  88.000	  35.784	  94.000	  33.457	Fill1	R	6	50	2	429
2125	5	65	97.000	  37.608	  80.000	  45.600	  57.000	  64.000	ComD1	R	3	50	1	552
2125	5	66	46.877	  73.000	  58.000	  59.000	  61.107	  56.000	SimA2	R	4	50	1	486
2125	5	67	61.000	  59.000	  59.000	  52.644	  64.000	  48.797	Fill3	R	2	50	3	350
2125	5	68	47.838	  74.000	  60.000	  59.000	  43.838	  80.752	SimA1	R	5	49	2	466
2125	5	69	48.800	  75.000	  61.000	  60.000	  45.800	  79.913	SimA1	R	1	50	2	459
2125	5	70	51.000	  81.000	  80.000	  51.638	  42.000	  81.000	AttR1	R	4	50	1	418
2125	5	71	49.000	  80.000	  79.000	  49.620	  79.000	  42.620	AttR2	R	5	51	1	797
2125	5	72	51.000	  79.000	  80.000	  50.362	  42.000	  79.000	AttR1	R	3	50	1	624
2125	5	73	96.000	  39.188	  82.000	  45.878	  57.000	  66.000	ComD1	R	5	50	3	403
2125	5	74	48.158	  76.000	  61.000	  60.000	  45.158	  81.049	SimA1	R	4	50	1	317
2125	5	75	38.000	  90.000	  35.000	  82.571	  39.000	  74.718	Fill5	R	5	51	1	658
2125	5	76	99.000	  38.000	  83.000	  45.325	  57.000	  66.000	ComD1	R	2	50	3	354
2125	5	77	81.000	  46.543	  58.000	  65.000	  44.353	  85.000	ComD2	R	2	50	3	336
2125	5	78	47.200	  75.000	  60.000	  59.000	  44.200	  80.090	SimA1	R	3	50	1	300
2125	5	79	93.000	  39.333	  91.000	  34.879	  95.000	  34.168	Fill1	R	3	50	1	1091
2125	5	80	40.449	  89.000	  37.449	  82.511	  42.449	  72.557	Fill5	R	2	49	1	747
2125	5	81	74.000	  47.041	  73.000	  42.205	  76.000	  40.224	Fill2	R	5	51	1	432
2125	5	82	50.000	  79.000	  80.000	  49.375	  80.000	  40.375	AttR2	R	3	50	1	304
2125	5	83	97.000	  40.144	  82.000	  47.488	  59.000	  66.000	ComD1	R	5	50	3	245
2125	5	84	50.000	  82.000	  84.000	  48.810	  41.000	  82.000	AttR1	R	6	50	2	245
2125	5	85	53.014	  69.000	  52.014	  61.906	  55.014	  58.366	Fill4	R	3	50	1	253
2125	5	86	50.000	  80.000	  80.000	  50.000	  42.000	  80.000	AttR1	R	4	50	1	645
2125	5	87	41.568	  88.000	  40.568	  77.401	  43.568	  71.750	Fill5	R	4	51	2	598
2125	5	88	71.000	  48.169	  70.000	  42.700	  74.000	  39.554	Fill2	R	2	50	3	416
2125	5	89	50.077	  78.000	  62.000	  63.000	  47.077	  82.971	SimA1	R	4	50	1	466
2125	5	90	48.158	  76.000	  61.000	  60.000	  64.211	  57.000	SimA2	R	2	50	3	771
2125	6	1	49.000	  81.000	  79.000	  50.241	  41.000	  81.000	AttR1	R	2	49	1	1110
2125	6	2	46.740	  77.000	  59.000	  61.000	  43.740	  82.281	SimA1	R	5	49	2	513
2125	6	3	95.000	  39.811	  94.000	  35.894	  98.000	  33.837	Fill1	R	5	49	2	708
2125	6	4	84.000	  46.262	  58.000	  67.000	  45.186	  86.000	ComD2	R	6	50	2	554
2125	6	5	47.671	  73.000	  60.000	  58.000	  44.671	  77.902	SimA1	R	4	50	1	448
2125	6	6	48.158	  76.000	  61.000	  60.000	  65.357	  56.000	SimA2	R	2	50	3	424
2125	6	7	47.368	  76.000	  60.000	  60.000	  64.286	  56.000	SimA2	R	2	51	2	419
2125	6	8	98.000	  38.388	  81.000	  46.444	  57.000	  66.000	ComD1	R	5	50	3	645
2125	6	9	50.571	  70.000	  47.571	  64.345	  51.571	  59.413	Fill4	R	4	50	1	349
2125	6	10	39.333	  90.000	  38.333	  78.496	  40.333	  75.099	Fill5	R	1	50	2	403
2125	6	11	49.000	  80.000	  78.000	  50.256	  42.000	  80.000	AttR1	R	2	49	1	525
2125	6	12	82.000	  46.768	  59.000	  65.000	  44.593	  86.000	ComD2	R	1	50	2	323
2125	6	13	76.000	  49.763	  75.000	  43.907	  78.000	  43.141	Fill2	R	4	50	1	496
2125	6	14	49.000	  80.000	  81.000	  48.395	  81.000	  39.395	AttR2	R	2	50	3	328
2125	6	15	52.000	  79.000	  78.000	  52.667	  45.000	  79.000	AttR1	R	4	51	2	429
2125	6	16	82.000	  46.768	  59.000	  65.000	  44.593	  86.000	ComD2	R	1	50	2	280
2125	6	17	46.740	  77.000	  59.000	  61.000	  64.268	  56.000	SimA2	R	2	50	3	352
2125	6	18	52.000	  79.000	  78.000	  52.667	  78.000	  43.667	AttR2	R	6	50	2	293
2125	6	19	76.000	  48.158	  75.000	  43.413	  78.000	  40.654	Fill2	R	3	51	3	413
2125	6	20	48.000	  75.000	  60.000	  60.000	  63.158	  57.000	SimA2	R	4	50	1	281
2125	6	21	49.000	  81.000	  79.000	  50.241	  40.000	  81.000	AttR1	R	4	50	1	256
2125	6	22	52.528	  72.000	  51.528	  63.771	  54.528	  60.868	Fill4	R	1	50	2	265
2125	6	23	60.000	  60.000	  58.000	  55.052	  61.000	  51.951	Fill3	R	3	50	1	337
2125	6	24	49.000	  81.000	  79.000	  50.241	  79.000	  43.241	AttR2	R	5	50	3	238
2125	6	25	82.000	  45.183	  57.000	  65.000	  43.081	  86.000	ComD2	R	5	50	3	542
2125	6	26	39.775	  89.000	  37.775	  79.655	  41.775	  72.579	Fill5	R	5	51	1	436
2125	6	27	59.000	  60.000	  58.000	  53.810	  60.000	  51.067	Fill3	R	4	50	1	276
2125	6	28	91.000	  39.560	  89.000	  34.865	  93.000	  33.409	Fill1	R	2	49	1	563
2125	6	29	47.368	  76.000	  60.000	  60.000	  63.158	  57.000	SimA2	R	2	50	3	321
2125	6	30	48.000	  79.000	  79.000	  48.000	  79.000	  41.000	AttR2	R	4	50	1	302
2125	6	31	73.000	  48.493	  72.000	  42.306	  75.000	  41.707	Fill2	R	2	50	3	299
2125	6	32	96.000	  39.271	  82.000	  45.976	  58.000	  65.000	ComD1	R	1	50	2	472
2125	6	33	97.000	  38.196	  82.000	  45.183	  57.000	  65.000	ComD1	R	6	50	2	688
2125	6	34	95.000	  39.000	  81.000	  45.741	  57.000	  65.000	ComD1	R	1	51	3	495
2125	6	35	48.635	  74.000	  61.000	  59.000	  43.635	  82.479	SimA1	R	5	50	3	376
2125	6	36	100.000	  38.860	  84.000	  46.262	  58.000	  67.000	ComD1	R	4	51	2	283
2125	6	37	97.000	  39.536	  80.000	  47.938	  59.000	  65.000	ComD1	R	4	49	3	363
2125	6	38	91.000	  38.901	  89.000	  35.112	  92.000	  33.489	Fill1	R	2	50	3	320
2125	6	39	47.671	  73.000	  60.000	  58.000	  63.273	  55.000	SimA2	R	6	50	2	333
2125	6	40	48.961	  76.000	  61.000	  61.000	  66.446	  56.000	SimA2	R	1	49	1	595
2125	6	41	96.000	  39.948	  80.000	  47.938	  59.000	  65.000	ComD1	R	4	50	1	301
2125	6	42	48.649	  74.000	  60.000	  60.000	  64.286	  56.000	SimA2	R	5	49	2	291
2125	6	43	41.109	  92.000	  38.109	  85.335	  43.109	  75.832	Fill5	R	2	50	3	219
2125	6	44	91.000	  40.220	  89.000	  36.618	  93.000	  34.054	Fill1	R	1	50	2	437
2125	6	45	49.000	  80.000	  78.000	  50.256	  78.000	  41.256	AttR2	R	4	49	3	341
2125	6	46	49.000	  81.000	  79.000	  50.241	  79.000	  41.241	AttR2	R	5	50	3	219
2125	6	47	40.205	  88.000	  38.205	  78.839	  42.205	  71.082	Fill5	R	4	51	2	293
2125	6	48	50.000	  82.000	  84.000	  48.810	  43.000	  82.000	AttR1	R	2	50	3	45
2125	6	49	49.000	  80.000	  81.000	  48.395	  42.000	  80.000	AttR1	R	4	49	3	405
2125	6	50	96.000	  39.948	  82.000	  46.768	  59.000	  65.000	ComD1	R	6	50	2	520
2125	6	51	48.000	  75.000	  60.000	  60.000	  43.000	  83.721	SimA1	R	2	51	2	416
2125	6	52	39.783	  92.000	  38.783	  80.577	  40.783	  76.650	Fill5	R	3	50	1	393
2125	6	53	60.000	  61.000	  59.000	  53.729	  62.000	  51.032	Fill3	R	2	49	1	596
2125	6	54	99.000	  39.253	  83.000	  46.819	  58.000	  67.000	ComD1	R	2	50	3	406
2125	6	55	47.368	  76.000	  60.000	  60.000	  43.368	  83.010	SimA1	R	2	50	3	465
2125	6	56	52.029	  68.000	  50.029	  62.543	  54.029	  57.302	Fill4	R	1	50	2	376
2125	6	57	50.000	  80.000	  82.000	  48.780	  41.000	  80.000	AttR1	R	6	50	2	291
2125	6	58	47.838	  74.000	  59.000	  60.000	  63.214	  56.000	SimA2	R	5	50	3	266
2125	6	59	50.000	  82.000	  84.000	  48.810	  84.000	  40.810	AttR2	R	1	51	3	292
2125	6	60	50.833	  72.000	  48.833	  66.307	  51.833	  62.605	Fill4	R	4	50	1	475
2125	6	61	48.635	  74.000	  61.000	  59.000	  66.648	  54.000	SimA2	R	2	49	1	563
2125	6	62	50.571	  70.000	  47.571	  64.724	  52.571	  58.054	Fill4	R	1	50	2	289
2125	6	63	80.000	  47.938	  59.000	  65.000	  43.580	  88.000	ComD2	R	5	50	3	216
2125	6	64	50.000	  82.000	  82.000	  50.000	  43.000	  82.000	AttR1	R	4	50	1	283
2125	6	65	61.000	  58.000	  58.000	  52.569	  64.000	  48.266	Fill3	R	6	49	3	1139
2125	6	66	48.158	  76.000	  61.000	  60.000	  45.158	  81.049	SimA1	R	5	50	3	312
2125	6	67	97.000	  39.536	  82.000	  46.768	  59.000	  65.000	ComD1	R	6	49	3	1333
2125	6	68	47.368	  76.000	  60.000	  60.000	  42.368	  84.969	SimA1	R	2	50	3	411
2125	6	69	62.000	  61.000	  60.000	  56.067	  64.000	  52.609	Fill3	R	6	49	3	1461
2125	6	70	50.000	  82.000	  82.000	  50.000	  82.000	  42.000	AttR2	R	5	51	1	677
2125	6	71	82.000	  45.976	  58.000	  65.000	  43.837	  86.000	ComD2	R	4	51	2	574
2125	6	72	47.838	  74.000	  59.000	  60.000	  44.838	  78.951	SimA1	R	5	50	3	304
2125	6	73	59.000	  60.000	  56.000	  54.893	  60.000	  51.300	Fill3	R	5	51	1	268
2125	6	74	81.000	  45.741	  57.000	  65.000	  43.081	  86.000	ComD2	R	4	50	1	269
2125	6	75	83.000	  46.819	  58.000	  67.000	  45.186	  86.000	ComD2	R	5	50	3	317
2125	6	76	40.000	  90.000	  38.000	  81.263	  42.000	  73.357	Fill5	R	6	50	2	267
2125	6	77	91.000	  38.901	  88.000	  34.659	  92.000	  33.804	Fill1	R	2	50	3	267
2125	6	78	80.000	  47.938	  59.000	  65.000	  44.593	  86.000	ComD2	R	5	50	3	499
2125	6	79	92.000	  38.457	  90.000	  33.822	  95.000	  33.000	Fill1	R	5	51	1	704
2125	6	80	81.000	  46.444	  57.000	  66.000	  43.744	  86.000	ComD2	R	6	49	3	597
2125	6	81	51.000	  79.000	  79.000	  51.000	  79.000	  42.000	AttR2	R	4	50	1	488
2125	6	82	50.000	  80.000	  82.000	  48.780	  82.000	  39.780	AttR2	R	4	51	2	544
2125	6	83	50.000	  72.000	  48.000	  65.083	  51.000	  61.843	Fill4	R	5	50	3	229
2125	6	84	75.000	  47.173	  73.000	  42.397	  76.000	  40.513	Fill2	R	6	50	2	425
2125	6	85	48.000	  79.000	  79.000	  48.000	  40.000	  79.000	AttR1	R	2	49	1	652
2125	6	86	76.000	  47.368	  73.000	  42.616	  79.000	  40.405	Fill2	R	4	50	1	371
2125	6	87	75.000	  47.200	  74.000	  41.743	  78.000	  40.231	Fill2	R	4	50	1	669
2125	6	88	51.000	  79.000	  79.000	  51.000	  43.000	  79.000	AttR1	R	4	50	1	382
2125	6	89	48.649	  74.000	  60.000	  60.000	  43.649	  82.477	SimA1	R	3	51	3	409
2125	6	90	48.961	  76.000	  61.000	  61.000	  45.961	  80.961	SimA1	R	3	50	1	347
2125	7	1	52.000	  83.000	  83.000	  52.000	  83.000	  44.000	AttR2	R	4	50	1	821
2125	7	2	61.000	  64.000	  59.000	  57.831	  64.000	  53.922	Fill3	R	2	50	3	483
2125	7	3	97.000	  38.268	  80.000	  46.400	  58.000	  64.000	ComD1	R	2	50	3	755
2125	7	4	50.137	  73.000	  49.137	  64.982	  51.137	  63.398	Fill4	R	1	49	1	663
2125	7	5	47.200	  75.000	  59.000	  60.000	  42.200	  83.886	SimA1	R	2	50	3	385
2125	7	6	76.000	  49.763	  75.000	  44.573	  77.000	  42.675	Fill2	R	3	50	1	531
2125	7	7	94.000	  38.809	  80.000	  45.600	  57.000	  64.000	ComD1	R	2	50	3	440
2125	7	8	52.757	  74.000	  50.757	  68.720	  54.757	  63.335	Fill4	R	5	50	3	376
2125	7	9	60.000	  59.000	  57.000	  54.491	  61.000	  50.967	Fill3	R	5	51	1	795
2125	7	10	45.789	  76.000	  58.000	  60.000	  40.789	  85.316	SimA1	R	4	50	1	413
2125	7	11	96.000	  38.667	  80.000	  46.400	  58.000	  64.000	ComD1	R	3	50	1	369
2125	7	12	48.000	  75.000	  60.000	  60.000	  65.455	  55.000	SimA2	R	2	49	1	1059
2125	7	13	95.000	  41.737	  82.000	  48.354	  61.000	  65.000	ComD1	R	2	50	3	379
2125	7	14	48.000	  75.000	  60.000	  60.000	  43.000	  83.721	SimA1	R	4	50	1	573
2125	7	15	80.000	  46.400	  58.000	  64.000	  42.667	  87.000	ComD2	R	5	50	3	304
2125	7	16	52.000	  80.000	  78.000	  53.333	  45.000	  80.000	AttR1	R	3	50	1	310
2125	7	17	49.000	  80.000	  82.000	  47.805	  40.000	  80.000	AttR1	R	5	50	3	435
2125	7	18	51.000	  80.000	  81.000	  50.370	  81.000	  42.370	AttR2	R	5	51	1	363
2125	7	19	39.783	  92.000	  38.783	  80.964	  41.783	  75.582	Fill5	R	5	51	1	641
2125	7	20	51.000	  80.000	  80.000	  51.000	  42.000	  80.000	AttR1	R	4	50	1	312
2125	7	21	97.000	  40.144	  82.000	  47.488	  59.000	  66.000	ComD1	R	5	50	3	502
2125	7	22	93.000	  41.323	  90.000	  38.033	  95.000	  35.558	Fill1	R	1	49	1	652
2125	7	23	76.000	  51.368	  74.000	  46.919	  77.000	  44.403	Fill2	R	5	50	3	379
2125	7	24	61.000	  62.000	  60.000	  55.317	  64.000	  52.484	Fill3	R	2	50	3	358
2125	7	25	98.000	  38.469	  81.000	  46.543	  58.000	  65.000	ComD1	R	3	50	1	371
2125	7	26	41.772	  92.000	  38.772	  85.836	  43.772	  75.757	Fill5	R	1	49	1	612
2125	7	27	47.200	  75.000	  60.000	  59.000	  43.200	  81.944	SimA1	R	2	50	3	289
2125	7	28	97.000	  37.526	  81.000	  44.938	  56.000	  65.000	ComD1	R	5	51	1	336
2125	7	29	41.532	  94.000	  39.532	  85.501	  42.532	  78.999	Fill5	R	3	50	1	230
2125	7	30	74.000	  47.838	  71.000	  44.211	  76.000	  40.789	Fill2	R	4	50	1	280
2125	7	31	47.000	  82.000	  82.000	  47.000	  82.000	  40.000	AttR2	R	6	51	1	640
2125	7	32	50.000	  81.000	  83.000	  48.795	  83.000	  41.795	AttR2	R	1	50	2	376
2125	7	33	82.000	  48.354	  61.000	  65.000	  44.551	  89.000	ComD2	R	4	51	2	795
2125	7	34	74.000	  48.649	  73.000	  43.630	  75.000	  41.947	Fill2	R	3	50	1	405
2125	7	35	50.000	  81.000	  83.000	  48.795	  43.000	  81.000	AttR1	R	5	50	3	352
2125	7	36	48.800	  75.000	  61.000	  60.000	  65.357	  56.000	SimA2	R	2	50	3	589
2125	7	37	40.000	  90.000	  38.000	  80.658	  42.000	  73.357	Fill5	R	5	51	1	1304
2125	7	38	49.000	  80.000	  82.000	  47.805	  82.000	  39.805	AttR2	R	2	49	1	629
2125	7	39	51.000	  80.000	  80.000	  51.000	  80.000	  44.000	AttR2	R	1	50	2	544
2125	7	40	94.000	  41.532	  93.000	  36.903	  95.000	  36.305	Fill1	R	2	50	3	709
2125	7	41	99.000	  38.667	  81.000	  47.259	  58.000	  66.000	ComD1	R	3	51	3	596
2125	7	42	48.000	  75.000	  60.000	  60.000	  64.286	  56.000	SimA2	R	3	50	1	405
2125	7	43	49.613	  75.000	  61.000	  61.000	  45.613	  81.577	SimA1	R	2	50	3	480
2125	7	44	77.000	  49.909	  74.000	  46.054	  78.000	  43.449	Fill2	R	6	50	2	432
2125	7	45	49.000	  83.000	  85.000	  47.847	  85.000	  40.847	AttR2	R	4	51	2	585
2125	7	46	41.109	  92.000	  40.109	  80.955	  42.109	  77.442	Fill5	R	6	51	1	555
2125	7	47	80.000	  46.400	  58.000	  64.000	  43.163	  86.000	ComD2	R	4	50	1	409
2125	7	48	61.000	  63.000	  59.000	  58.051	  63.000	  54.286	Fill3	R	5	51	1	556
2125	7	49	39.333	  90.000	  37.333	  80.464	  40.333	  74.802	Fill5	R	1	51	3	433
2125	7	50	92.000	  39.783	  90.000	  35.178	  95.000	  33.326	Fill1	R	2	51	2	536
2125	7	51	80.000	  45.600	  57.000	  64.000	  43.429	  84.000	ComD2	R	4	50	1	382
2125	7	52	49.613	  75.000	  61.000	  61.000	  65.281	  57.000	SimA2	R	3	51	3	353
2125	7	53	52.000	  80.000	  78.000	  53.333	  78.000	  45.333	AttR2	R	5	51	1	605
2125	7	54	51.000	  82.000	  83.000	  50.386	  43.000	  82.000	AttR1	R	2	50	3	360
2125	7	55	51.000	  80.000	  81.000	  50.370	  42.000	  80.000	AttR1	R	5	51	1	358
2125	7	56	74.000	  49.459	  72.000	  45.139	  75.000	  43.373	Fill2	R	2	50	3	308
2125	7	57	48.800	  75.000	  61.000	  60.000	  45.800	  79.913	SimA1	R	3	50	1	401
2125	7	58	51.108	  74.000	  48.108	  68.263	  52.108	  64.424	Fill4	R	1	50	2	244
2125	7	59	82.000	  47.488	  59.000	  66.000	  44.250	  88.000	ComD2	R	5	50	3	308
2125	7	60	47.200	  75.000	  60.000	  59.000	  65.556	  54.000	SimA2	R	2	50	3	303
2125	7	61	48.000	  75.000	  60.000	  60.000	  44.000	  81.818	SimA1	R	2	51	2	381
2125	7	62	48.800	  75.000	  60.000	  61.000	  65.357	  56.000	SimA2	R	4	50	1	288
2125	7	63	47.838	  74.000	  60.000	  59.000	  42.838	  82.637	SimA1	R	3	50	1	336
2125	7	64	49.000	  83.000	  85.000	  47.847	  41.000	  83.000	AttR1	R	4	51	2	293
2125	7	65	95.000	  39.684	  82.000	  45.976	  58.000	  65.000	ComD1	R	2	50	3	253
2125	7	66	48.800	  75.000	  60.000	  61.000	  44.800	  81.696	SimA1	R	1	50	2	389
2125	7	67	51.000	  82.000	  83.000	  50.386	  83.000	  41.386	AttR2	R	2	51	2	304
2125	7	68	47.838	  74.000	  60.000	  59.000	  64.364	  55.000	SimA2	R	3	50	1	261
2125	7	69	52.000	  83.000	  83.000	  52.000	  45.000	  83.000	AttR1	R	3	50	1	222
2125	7	70	60.000	  61.000	  58.000	  55.793	  63.000	  51.238	Fill3	R	2	50	3	241
2125	7	71	92.000	  41.109	  90.000	  37.200	  94.000	  35.840	Fill1	R	6	51	1	680
2125	7	72	46.068	  73.000	  59.000	  57.000	  43.068	  78.085	SimA1	R	4	50	1	329
2125	7	73	81.000	  44.938	  56.000	  65.000	  43.333	  84.000	ComD2	R	4	50	1	413
2125	7	74	51.000	  82.000	  80.000	  52.275	  43.000	  82.000	AttR1	R	2	51	2	328
2125	7	75	60.000	  60.000	  59.000	  52.814	  61.000	  52.115	Fill3	R	2	50	3	277
2125	7	76	46.068	  73.000	  59.000	  57.000	  62.278	  54.000	SimA2	R	1	50	2	270
2125	7	77	50.000	  72.000	  49.000	  65.020	  51.000	  61.725	Fill4	R	6	50	2	317
2125	7	78	81.000	  45.827	  58.000	  64.000	  42.667	  87.000	ComD2	R	5	50	3	291
2125	7	79	51.932	  74.000	  49.932	  68.853	  53.932	  63.802	Fill4	R	6	50	2	324
2125	7	80	81.000	  46.543	  58.000	  65.000	  44.353	  85.000	ComD2	R	2	51	2	281
2125	7	81	47.000	  82.000	  82.000	  47.000	  40.000	  82.000	AttR1	R	4	50	1	264
2125	7	82	82.000	  45.976	  58.000	  65.000	  43.333	  87.000	ComD2	R	1	50	2	376
2125	7	83	51.000	  82.000	  80.000	  52.275	  80.000	  45.275	AttR2	R	2	50	3	323
2125	7	84	45.789	  76.000	  58.000	  60.000	  62.143	  56.000	SimA2	R	4	51	2	280
2125	7	85	91.000	  38.901	  89.000	  34.944	  93.000	  33.699	Fill1	R	3	50	1	281
2125	7	86	95.000	  39.074	  81.000	  45.827	  58.000	  64.000	ComD1	R	5	51	1	273
2125	7	87	92.000	  39.130	  91.000	  34.253	  95.000	  32.811	Fill1	R	6	50	2	353
2125	7	88	47.200	  75.000	  59.000	  60.000	  63.214	  56.000	SimA2	R	2	51	2	197
2125	7	89	81.000	  47.259	  58.000	  66.000	  44.512	  86.000	ComD2	R	4	50	1	247
2125	7	90	51.304	  69.000	  49.304	  63.179	  52.304	  58.714	Fill4	R	6	50	2	273
2125	8	1	96.000	  39.188	  81.000	  46.444	  57.000	  66.000	ComD1	R	4	49	3	741
2125	8	2	49.763	  76.000	  62.000	  61.000	  46.763	  80.876	SimA1	R	4	49	3	520
2125	8	3	50.000	  80.000	  82.000	  48.780	  82.000	  40.780	AttR2	R	3	50	1	357
2125	8	4	83.000	  47.627	  59.000	  67.000	  44.920	  88.000	ComD2	R	5	50	3	307
2125	8	5	75.000	  48.800	  73.000	  43.342	  76.000	  42.566	Fill2	R	2	50	3	384
2125	8	6	48.000	  82.000	  81.000	  48.593	  81.000	  39.593	AttR2	R	5	51	1	340
2125	8	7	81.000	  44.938	  56.000	  65.000	  43.333	  84.000	ComD2	R	3	50	1	280
2125	8	8	53.268	  71.000	  52.268	  63.060	  54.268	  61.510	Fill4	R	4	50	1	384
2125	8	9	49.944	  72.000	  62.000	  58.000	  65.382	  55.000	SimA2	R	4	50	1	339
2125	8	10	50.000	  80.000	  81.000	  49.383	  42.000	  80.000	AttR1	R	5	50	3	416
2125	8	11	76.000	  49.763	  74.000	  45.419	  77.000	  43.000	Fill2	R	5	50	3	307
2125	8	12	51.549	  71.000	  49.549	  64.703	  53.549	  59.571	Fill4	R	4	50	1	472
2125	8	13	60.000	  59.000	  57.000	  54.439	  62.000	  49.903	Fill3	R	4	50	1	385
2125	8	14	47.000	  80.000	  78.000	  48.205	  78.000	  40.205	AttR2	R	2	51	2	339
2125	8	15	39.333	  90.000	  38.333	  78.861	  41.333	  73.210	Fill5	R	1	50	2	273
2125	8	16	47.692	  78.000	  60.000	  62.000	  65.263	  57.000	SimA2	R	2	50	3	296
2125	8	17	47.000	  80.000	  78.000	  48.205	  38.000	  80.000	AttR1	R	3	50	1	249
2125	8	18	50.000	  80.000	  82.000	  48.780	  42.000	  80.000	AttR1	R	1	50	2	248
2125	8	19	97.000	  38.866	  81.000	  46.543	  58.000	  65.000	ComD1	R	2	50	3	296
2125	8	20	81.000	  46.444	  57.000	  66.000	  43.744	  86.000	ComD2	R	4	50	1	296
2125	8	21	41.560	  91.000	  39.560	  82.962	  42.560	  76.409	Fill5	R	1	50	2	241
2125	8	22	47.041	  74.000	  59.000	  59.000	  64.463	  54.000	SimA2	R	6	50	2	392
2125	8	23	94.000	  40.170	  80.000	  47.200	  59.000	  64.000	ComD1	R	3	50	1	403
2125	8	24	46.553	  76.000	  58.000	  61.000	  43.553	  81.235	SimA1	R	6	50	2	566
2125	8	25	49.000	  83.000	  81.000	  50.210	  42.000	  83.000	AttR1	R	3	51	3	336
2125	8	26	46.553	  76.000	  58.000	  61.000	  62.070	  57.000	SimA2	R	5	50	3	285
2125	8	27	49.944	  72.000	  62.000	  58.000	  45.944	  78.268	SimA1	R	3	50	1	405
2125	8	28	94.000	  39.489	  81.000	  45.827	  58.000	  64.000	ComD1	R	6	50	2	257
2125	8	29	46.579	  76.000	  59.000	  60.000	  64.364	  55.000	SimA2	R	2	50	3	368
2125	8	30	49.859	  71.000	  48.859	  63.857	  50.859	  60.461	Fill4	R	4	50	1	299
2125	8	31	80.000	  46.312	  57.000	  65.000	  43.588	  85.000	ComD2	R	1	50	2	297
2125	8	32	47.532	  77.000	  60.000	  61.000	  43.532	  84.075	SimA1	R	2	50	3	264
2125	8	33	95.000	  39.684	  81.000	  46.543	  58.000	  65.000	ComD1	R	5	50	3	264
2125	8	34	57.000	  60.000	  56.000	  52.607	  59.000	  50.576	Fill3	R	3	50	1	417
2125	8	35	82.000	  46.683	  58.000	  66.000	  45.035	  85.000	ComD2	R	1	50	2	308
2125	8	36	92.000	  38.478	  89.000	  34.528	  95.000	  32.432	Fill1	R	6	50	2	529
2125	8	37	40.220	  91.000	  37.220	  84.203	  42.220	  74.183	Fill5	R	3	50	1	589
2125	8	38	47.041	  74.000	  59.000	  59.000	  44.041	  79.041	SimA1	R	4	51	2	640
2125	8	39	73.000	  46.849	  71.000	  41.775	  74.000	  39.986	Fill2	R	2	50	3	256
2125	8	40	47.000	  79.000	  79.000	  47.000	  79.000	  38.000	AttR2	R	4	50	1	249
2125	8	41	95.000	  39.000	  80.000	  46.312	  57.000	  65.000	ComD1	R	5	50	3	272
2125	8	42	90.000	  38.000	  87.000	  34.172	  93.000	  31.462	Fill1	R	5	51	1	432
2125	8	43	49.763	  76.000	  62.000	  61.000	  66.351	  57.000	SimA2	R	5	50	3	280
2125	8	44	100.000	  39.530	  83.000	  47.627	  59.000	  67.000	ComD1	R	5	50	3	321
2125	8	45	76.000	  46.579	  73.000	  42.767	  77.000	  39.844	Fill2	R	3	50	1	261
2125	8	46	47.027	  74.000	  60.000	  58.000	  63.273	  55.000	SimA2	R	6	50	2	261
2125	8	47	81.000	  45.827	  58.000	  64.000	  42.667	  87.000	ComD2	R	2	51	2	317
2125	8	48	52.000	  81.000	  80.000	  52.650	  45.000	  81.000	AttR1	R	4	50	1	212
2125	8	49	95.000	  39.811	  94.000	  35.585	  96.000	  34.656	Fill1	R	2	50	3	286
2125	8	50	81.000	  46.543	  58.000	  65.000	  44.353	  85.000	ComD2	R	4	50	1	189
2125	8	51	50.000	  82.000	  80.000	  51.250	  41.000	  82.000	AttR1	R	3	50	1	288
2125	8	52	50.000	  79.000	  79.000	  50.000	  79.000	  42.000	AttR2	R	2	50	3	321
2125	8	53	80.000	  47.200	  59.000	  64.000	  43.402	  87.000	ComD2	R	5	50	3	118
2125	8	54	59.000	  60.000	  56.000	  55.161	  62.000	  49.806	Fill3	R	3	50	1	315
2125	8	55	62.000	  58.000	  60.000	  52.017	  63.000	  49.349	Fill3	R	3	50	1	312
2125	8	56	47.000	  79.000	  79.000	  47.000	  39.000	  79.000	AttR1	R	1	50	2	502
2125	8	57	47.027	  74.000	  60.000	  58.000	  43.027	  80.879	SimA1	R	2	51	2	819
2125	8	58	60.000	  61.000	  59.000	  54.034	  61.000	  53.016	Fill3	R	4	50	1	445
2125	8	59	73.000	  48.493	  71.000	  43.817	  74.000	  41.568	Fill2	R	3	50	1	389
2125	8	60	48.857	  70.000	  47.857	  62.373	  50.857	  58.084	Fill4	R	5	51	1	513
2125	8	61	47.532	  77.000	  60.000	  61.000	  65.357	  56.000	SimA2	R	4	50	1	286
2125	8	62	40.864	  88.000	  39.864	  76.436	  41.864	  73.620	Fill5	R	3	50	1	342
2125	8	63	52.000	  81.000	  80.000	  52.650	  80.000	  43.650	AttR2	R	5	50	3	252
2125	8	64	50.000	  79.000	  79.000	  50.000	  43.000	  79.000	AttR1	R	5	51	1	426
2125	8	65	48.773	  75.000	  62.000	  59.000	  45.773	  79.916	SimA1	R	4	51	2	638
2125	8	66	46.579	  76.000	  59.000	  60.000	  42.579	  83.140	SimA1	R	1	50	2	269
2125	8	67	78.000	  46.103	  76.000	  41.408	  79.000	  40.291	Fill2	R	4	50	1	493
2125	8	68	48.773	  75.000	  62.000	  59.000	  66.509	  55.000	SimA2	R	5	50	3	957
2125	8	69	48.000	  82.000	  81.000	  48.593	  39.000	  82.000	AttR1	R	5	51	1	643
2125	8	70	40.227	  88.000	  38.227	  78.949	  41.227	  73.665	Fill5	R	3	50	1	523
2125	8	71	82.000	  45.976	  58.000	  65.000	  43.333	  87.000	ComD2	R	3	51	3	1008
2125	8	72	93.000	  38.667	  90.000	  34.778	  94.000	  33.670	Fill1	R	2	49	1	531
2125	8	73	53.000	  78.000	  79.000	  52.329	  79.000	  45.329	AttR2	R	4	50	1	600
2125	8	74	62.000	  61.000	  59.000	  57.017	  63.000	  53.000	Fill3	R	4	50	1	435
2125	8	75	92.000	  39.783	  91.000	  35.044	  93.000	  35.011	Fill1	R	5	50	3	547
2125	8	76	49.859	  71.000	  47.859	  64.941	  50.859	  60.422	Fill4	R	2	49	1	1592
2125	8	77	47.692	  78.000	  60.000	  62.000	  44.692	  83.236	SimA1	R	3	50	1	460
2125	8	78	47.685	  73.000	  59.000	  59.000	  44.685	  77.901	SimA1	R	3	50	1	388
2125	8	79	92.000	  38.478	  91.000	  34.451	  95.000	  32.232	Fill1	R	5	50	3	638
2125	8	80	98.000	  38.469	  82.000	  45.976	  58.000	  65.000	ComD1	R	2	50	3	397
2125	8	81	50.000	  82.000	  80.000	  51.250	  80.000	  43.250	AttR2	R	4	50	1	337
2125	8	82	38.427	  89.000	  36.427	  79.721	  39.427	  73.858	Fill5	R	4	50	1	629
2125	8	83	47.685	  73.000	  59.000	  59.000	  64.463	  54.000	SimA2	R	3	50	1	281
2125	8	84	50.000	  80.000	  81.000	  49.383	  81.000	  41.383	AttR2	R	2	50	3	281
2125	8	85	81.000	  46.543	  58.000	  65.000	  43.333	  87.000	ComD2	R	2	51	2	617
2125	8	86	98.000	  37.143	  81.000	  44.938	  56.000	  65.000	ComD1	R	3	51	3	499
2125	8	87	49.000	  83.000	  81.000	  50.210	  81.000	  41.210	AttR2	R	5	51	1	560
2125	8	88	53.000	  78.000	  79.000	  52.329	  46.000	  78.000	AttR1	R	2	50	3	438
2125	8	89	97.000	  39.464	  82.000	  46.683	  58.000	  66.000	ComD1	R	4	50	1	405
2125	8	90	52.116	  69.000	  51.116	  60.901	  53.116	  59.624	Fill4	R	4	50	1	545
