username: S82, Experiment time (minutes): 27
Operating system: Mac OS 10.8.5
Manufacturer: Google Pepper
Player type: PlugIn
Version: MAC 13,0,0,206

username	blkNum	trlNum	Rect1Height	Rect1Width	Rect2Height	Rect2Width	Rect3Height	Rect3Width	Effect	StimType	StimPosition	rawResp	response	RT
5063	0	1	77.000	  49.117	  74.000	  44.432	  79.000	  41.734	Fill2	R	5	51	1	3806
5063	0	2	90.000	  38.633	  88.000	  34.398	  91.000	  33.473	Fill1	R	5	51	1	3026
5063	0	3	59.000	  59.000	  58.000	  52.224	  60.000	  49.917	Fill3	R	3	50	1	3815
5063	1	1	38.886	  88.000	  35.886	  81.312	  40.886	  70.610	Fill5	R	5	51	1	6781
5063	1	2	47.685	  73.000	  59.000	  59.000	  62.161	  56.000	SimA2	R	2	49	1	4130
5063	1	3	79.000	  46.177	  57.000	  64.000	  43.429	  84.000	ComD2	R	3	49	2	8664
5063	1	4	40.667	  90.000	  37.667	  83.841	  42.667	  73.852	Fill5	R	3	50	1	5247
5063	1	5	92.000	  37.196	  89.000	  33.607	  93.000	  31.742	Fill1	R	5	51	1	1407
5063	1	6	48.800	  75.000	  61.000	  60.000	  45.800	  79.913	SimA1	R	3	51	3	9778
5063	1	7	48.325	  77.000	  61.000	  61.000	  65.281	  57.000	SimA2	R	5	49	2	5549
5063	1	8	59.000	  61.000	  57.000	  55.509	  60.000	  52.300	Fill3	R	4	50	1	2226
5063	1	9	51.240	  75.000	  63.000	  61.000	  47.240	  81.351	SimA1	R	1	49	1	2732
5063	1	10	45.627	  75.000	  58.000	  59.000	  42.627	  80.278	SimA1	R	4	49	3	4770
5063	1	11	47.838	  74.000	  59.000	  60.000	  43.838	  80.752	SimA1	R	2	51	2	3092
5063	1	12	83.000	  46.120	  58.000	  66.000	  45.035	  85.000	ComD2	R	2	51	2	6628
5063	1	13	61.000	  60.000	  59.000	  54.915	  62.000	  52.242	Fill3	R	3	50	1	1399
5063	1	14	85.000	  46.400	  58.000	  68.000	  46.400	  85.000	ComD2	R	3	49	2	2930
5063	1	15	82.000	  45.183	  57.000	  65.000	  43.081	  86.000	ComD2	R	4	51	2	7031
5063	1	16	39.989	  90.000	  38.989	  78.304	  41.989	  73.734	Fill5	R	2	49	1	2467
5063	1	17	48.800	  75.000	  61.000	  60.000	  66.545	  55.000	SimA2	R	1	49	1	10122
5063	1	18	52.000	  76.000	  74.000	  53.405	  74.000	  44.405	AttR2	R	1	49	1	6711
5063	1	19	97.000	  39.464	  83.000	  46.120	  58.000	  66.000	ComD1	R	2	50	3	3140
5063	1	20	60.000	  58.000	  58.000	  52.103	  63.000	  47.810	Fill3	R	6	51	1	2163
5063	1	21	46.579	  76.000	  59.000	  60.000	  43.579	  81.232	SimA1	R	6	50	2	3152
5063	1	22	95.000	  38.505	  92.000	  35.033	  97.000	  32.948	Fill1	R	4	50	1	1173
5063	1	23	92.000	  39.120	  91.000	  34.132	  95.000	  32.916	Fill1	R	4	50	1	871
5063	1	24	82.000	  45.976	  58.000	  65.000	  43.837	  86.000	ComD2	R	6	49	3	6583
5063	1	25	49.986	  72.000	  48.986	  65.141	  51.986	  61.497	Fill4	R	4	50	1	12514
5063	1	26	50.833	  72.000	  48.833	  64.853	  51.833	  62.045	Fill4	R	2	49	1	2735
5063	1	27	75.000	  46.400	  74.000	  40.986	  76.000	  40.487	Fill2	R	2	49	1	2676
5063	1	28	59.000	  58.000	  56.000	  52.964	  60.000	  50.367	Fill3	R	5	51	1	5149
5063	1	29	73.000	  49.301	  70.000	  45.086	  76.000	  41.697	Fill2	R	1	49	1	1147
5063	1	30	46.579	  76.000	  59.000	  60.000	  62.105	  57.000	SimA2	R	6	50	2	1799
5063	1	31	50.000	  81.000	  82.000	  49.390	  42.000	  81.000	AttR1	R	4	50	1	4882
5063	1	32	95.000	  38.400	  79.000	  46.177	  57.000	  64.000	ComD1	R	5	49	2	10882
5063	1	33	92.000	  39.783	  89.000	  36.315	  93.000	  34.753	Fill1	R	2	49	1	1035
5063	1	34	53.000	  80.000	  81.000	  52.346	  81.000	  43.346	AttR2	R	6	51	1	1923
5063	1	35	52.000	  79.000	  77.000	  53.351	  77.000	  45.351	AttR2	R	4	50	1	855
5063	1	36	53.014	  69.000	  50.014	  65.041	  54.014	  58.632	Fill4	R	2	49	1	1880
5063	1	37	46.000	  80.000	  81.000	  45.432	  39.000	  80.000	AttR1	R	1	49	1	2078
5063	1	38	81.000	  47.259	  58.000	  66.000	  44.512	  86.000	ComD2	R	1	50	2	1776
5063	1	39	49.000	  80.000	  81.000	  48.395	  42.000	  80.000	AttR1	R	4	50	1	4731
5063	1	40	50.000	  80.000	  78.000	  51.282	  78.000	  44.282	AttR2	R	4	51	2	959
5063	1	41	39.545	  88.000	  37.545	  79.077	  40.545	  72.388	Fill5	R	4	50	1	1388
5063	1	42	46.000	  80.000	  81.000	  45.432	  81.000	  38.432	AttR2	R	4	50	1	1359
5063	1	43	47.355	  76.000	  59.000	  61.000	  62.052	  58.000	SimA2	R	5	50	3	4684
5063	1	44	52.000	  76.000	  74.000	  53.405	  44.000	  76.000	AttR1	R	5	51	1	2229
5063	1	45	45.627	  75.000	  58.000	  59.000	  61.107	  56.000	SimA2	R	5	49	2	13831
5063	1	46	49.000	  79.000	  81.000	  47.790	  42.000	  79.000	AttR1	R	2	49	1	2696
5063	1	47	49.000	  82.000	  84.000	  47.833	  40.000	  82.000	AttR1	R	5	51	1	840
5063	1	48	49.000	  80.000	  81.000	  48.395	  81.000	  41.395	AttR2	R	3	50	1	536
5063	1	49	95.000	  39.684	  80.000	  47.125	  58.000	  65.000	ComD1	R	4	49	3	1036
5063	1	50	50.690	  71.000	  49.690	  62.970	  52.690	  58.835	Fill4	R	5	51	1	932
5063	1	51	76.000	  48.158	  75.000	  42.493	  77.000	  41.351	Fill2	R	2	49	1	2010
5063	1	52	49.000	  79.000	  81.000	  47.790	  81.000	  39.790	AttR2	R	5	49	2	1332
5063	1	53	80.000	  47.125	  58.000	  65.000	  44.353	  85.000	ComD2	R	4	49	3	5811
5063	1	54	48.325	  77.000	  61.000	  61.000	  45.325	  82.097	SimA1	R	5	49	2	3334
5063	1	55	75.000	  45.627	  73.000	  41.288	  77.000	  38.325	Fill2	R	3	50	1	2314
5063	1	56	47.685	  73.000	  59.000	  59.000	  43.685	  79.684	SimA1	R	1	50	2	1328
5063	1	57	50.000	  80.000	  78.000	  51.282	  43.000	  80.000	AttR1	R	3	50	1	2413
5063	1	58	98.000	  39.796	  82.000	  47.561	  60.000	  65.000	ComD1	R	5	49	2	1624
5063	1	59	48.635	  74.000	  61.000	  59.000	  44.635	  80.632	SimA1	R	3	49	2	2283
5063	1	60	47.838	  74.000	  59.000	  60.000	  64.364	  55.000	SimA2	R	2	51	2	4114
5063	1	61	47.671	  73.000	  60.000	  58.000	  64.444	  54.000	SimA2	R	1	49	1	1775
5063	1	62	47.355	  76.000	  59.000	  61.000	  42.355	  84.972	SimA1	R	5	50	3	1514
5063	1	63	98.000	  37.806	  82.000	  45.183	  57.000	  65.000	ComD1	R	3	49	2	992
5063	1	64	49.714	  70.000	  47.714	  63.419	  50.714	  60.042	Fill4	R	3	50	1	12170
5063	1	65	78.000	  46.897	  76.000	  42.000	  80.000	  39.587	Fill2	R	4	50	1	868
5063	1	66	48.886	  70.000	  47.886	  62.628	  49.886	  60.037	Fill4	R	5	51	1	4549
5063	1	67	39.120	  92.000	  38.120	  80.169	  41.120	  74.539	Fill5	R	6	51	1	2755
5063	1	68	81.000	  46.543	  58.000	  65.000	  43.837	  86.000	ComD2	R	1	50	2	1144
5063	1	69	75.000	  47.987	  72.000	  44.319	  77.000	  41.208	Fill2	R	2	49	1	1101
5063	1	70	41.101	  89.000	  39.101	  80.126	  42.101	  73.917	Fill5	R	5	51	1	4346
5063	1	71	101.000	  39.050	  85.000	  46.400	  58.000	  68.000	ComD1	R	2	50	3	5839
5063	1	72	62.000	  59.000	  60.000	  52.850	  63.000	  50.381	Fill3	R	6	51	1	3904
5063	1	73	92.000	  39.120	  91.000	  34.429	  94.000	  33.362	Fill1	R	5	51	1	1093
5063	1	74	96.000	  39.875	  81.000	  47.259	  58.000	  66.000	ComD1	R	3	49	2	2485
5063	1	75	92.000	  37.826	  91.000	  33.055	  93.000	  32.376	Fill1	R	4	50	1	781
5063	1	76	49.000	  82.000	  84.000	  47.833	  84.000	  40.833	AttR2	R	4	50	1	1335
5063	1	77	53.000	  80.000	  81.000	  52.346	  45.000	  80.000	AttR1	R	3	50	1	2277
5063	1	78	48.635	  74.000	  61.000	  59.000	  66.648	  54.000	SimA2	R	2	51	2	3373
5063	1	79	50.000	  81.000	  82.000	  49.390	  82.000	  41.390	AttR2	R	5	49	2	727
5063	1	80	50.000	  80.000	  80.000	  50.000	  42.000	  80.000	AttR1	R	5	49	2	2164
5063	1	81	97.000	  38.268	  80.000	  46.400	  58.000	  64.000	ComD1	R	4	49	3	594
5063	1	82	47.671	  73.000	  60.000	  58.000	  43.671	  79.686	SimA1	R	3	50	1	2956
5063	1	83	97.000	  38.866	  81.000	  46.543	  58.000	  65.000	ComD1	R	2	50	3	1395
5063	1	84	50.000	  80.000	  80.000	  50.000	  80.000	  42.000	AttR2	R	5	49	2	933
5063	1	85	52.000	  79.000	  77.000	  53.351	  43.000	  79.000	AttR1	R	2	49	1	1731
5063	1	86	51.240	  75.000	  63.000	  61.000	  66.259	  58.000	SimA2	R	1	51	3	7584
5063	1	87	96.000	  39.271	  82.000	  45.976	  58.000	  65.000	ComD1	R	4	49	3	6602
5063	1	88	82.000	  47.561	  60.000	  65.000	  44.318	  88.000	ComD2	R	5	49	2	1164
5063	1	89	59.000	  61.000	  56.000	  57.018	  61.000	  51.197	Fill3	R	2	49	1	4840
5063	1	90	80.000	  46.400	  58.000	  64.000	  43.671	  85.000	ComD2	R	1	49	1	8007
5063	2	1	47.368	  76.000	  60.000	  60.000	  42.368	  84.969	SimA1	R	2	50	3	3837
5063	2	2	48.000	  78.000	  77.000	  48.623	  40.000	  78.000	AttR1	R	2	49	1	1096
5063	2	3	50.973	  73.000	  47.973	  67.351	  51.973	  62.822	Fill4	R	6	51	1	1320
5063	2	4	40.890	  91.000	  39.890	  80.747	  42.890	  74.563	Fill5	R	3	50	1	2092
5063	2	5	96.000	  39.271	  81.000	  46.543	  58.000	  65.000	ComD1	R	2	50	3	1189
5063	2	6	56.000	  60.000	  53.000	  54.340	  59.000	  49.763	Fill3	R	4	50	1	1239
5063	2	7	49.028	  71.000	  48.028	  62.172	  50.028	  59.606	Fill4	R	6	51	1	2080
5063	2	8	49.459	  74.000	  61.000	  60.000	  64.211	  57.000	SimA2	R	5	50	3	951
5063	2	9	52.000	  78.000	  80.000	  50.700	  45.000	  78.000	AttR1	R	3	49	2	2652
5063	2	10	62.000	  61.000	  61.000	  54.705	  65.000	  51.523	Fill3	R	5	51	1	3044
5063	2	11	49.859	  71.000	  48.859	  64.000	  50.859	  61.739	Fill4	R	4	50	1	2748
5063	2	12	47.368	  76.000	  60.000	  60.000	  63.158	  57.000	SimA2	R	6	50	2	3523
5063	2	13	47.368	  76.000	  60.000	  60.000	  42.368	  84.969	SimA1	R	5	49	2	3439
5063	2	14	47.532	  77.000	  60.000	  61.000	  42.532	  86.052	SimA1	R	2	51	2	1632
5063	2	15	49.000	  78.000	  77.000	  49.636	  77.000	  41.636	AttR2	R	1	49	1	2776
5063	2	16	95.000	  39.684	  81.000	  46.543	  58.000	  65.000	ComD1	R	3	49	2	2395
5063	2	17	76.000	  49.763	  73.000	  45.479	  77.000	  43.532	Fill2	R	4	50	1	3780
5063	2	18	94.000	  38.809	  79.000	  46.177	  57.000	  64.000	ComD1	R	4	49	3	2783
5063	2	19	96.000	  39.188	  82.000	  45.878	  57.000	  66.000	ComD1	R	5	50	3	2778
5063	2	20	91.000	  38.901	  89.000	  34.742	  92.000	  33.957	Fill1	R	4	50	1	669
5063	2	21	95.000	  39.684	  80.000	  47.125	  58.000	  65.000	ComD1	R	2	50	3	5340
5063	2	22	48.132	  76.000	  59.000	  62.000	  45.132	  81.052	SimA1	R	2	51	2	1283
5063	2	23	48.000	  78.000	  77.000	  48.623	  77.000	  39.623	AttR2	R	3	49	2	2683
5063	2	24	79.000	  46.177	  57.000	  64.000	  42.419	  86.000	ComD2	R	3	49	2	2755
5063	2	25	48.325	  77.000	  61.000	  61.000	  43.325	  85.886	SimA1	R	4	51	2	4727
5063	2	26	96.000	  39.333	  80.000	  47.200	  59.000	  64.000	ComD1	R	2	50	3	1340
5063	2	27	49.282	  78.000	  62.000	  62.000	  45.282	  84.890	SimA1	R	6	50	2	1378
5063	2	28	47.811	  74.000	  61.000	  58.000	  42.811	  82.643	SimA1	R	3	49	2	2332
5063	2	29	80.000	  47.125	  58.000	  65.000	  43.837	  86.000	ComD2	R	4	51	2	6322
5063	2	30	57.000	  59.000	  54.000	  54.037	  59.000	  48.593	Fill3	R	3	50	1	2496
5063	2	31	52.000	  79.000	  79.000	  52.000	  45.000	  79.000	AttR1	R	3	49	2	2591
5063	2	32	96.000	  39.948	  81.000	  47.346	  59.000	  65.000	ComD1	R	2	50	3	1898
5063	2	33	39.112	  89.000	  37.112	  79.623	  40.112	  73.693	Fill5	R	6	51	1	3511
5063	2	34	59.000	  59.000	  58.000	  52.103	  61.000	  50.098	Fill3	R	2	49	1	3204
5063	2	35	75.000	  46.413	  73.000	  42.192	  76.000	  40.118	Fill2	R	5	51	1	2295
5063	2	36	84.000	  46.262	  58.000	  67.000	  45.718	  85.000	ComD2	R	2	49	1	5647
5063	2	37	47.838	  74.000	  60.000	  59.000	  43.838	  80.752	SimA1	R	2	51	2	4183
5063	2	38	49.282	  78.000	  62.000	  62.000	  65.153	  59.000	SimA2	R	3	49	2	5883
5063	2	39	80.000	  47.200	  59.000	  64.000	  43.402	  87.000	ComD2	R	4	51	2	5530
5063	2	40	71.000	  47.324	  68.000	  43.132	  73.000	  40.164	Fill2	R	6	51	1	1328
5063	2	41	49.000	  78.000	  77.000	  49.636	  77.000	  40.636	AttR2	R	4	50	1	1141
5063	2	42	47.838	  74.000	  60.000	  59.000	  63.214	  56.000	SimA2	R	1	50	2	2571
5063	2	43	49.459	  74.000	  61.000	  60.000	  46.459	  78.778	SimA1	R	3	49	2	1435
5063	2	44	47.000	  81.000	  81.000	  47.000	  38.000	  81.000	AttR1	R	4	50	1	2173
5063	2	45	81.000	  47.407	  60.000	  64.000	  43.146	  89.000	ComD2	R	3	49	2	2031
5063	2	46	61.000	  61.000	  59.000	  55.237	  63.000	  52.476	Fill3	R	3	50	1	4655
5063	2	47	49.000	  78.000	  77.000	  49.636	  41.000	  78.000	AttR1	R	3	49	2	2768
5063	2	48	95.000	  40.421	  81.000	  47.407	  60.000	  64.000	ComD1	R	6	49	3	1514
5063	2	49	92.000	  40.446	  89.000	  37.169	  95.000	  34.842	Fill1	R	3	50	1	1616
5063	2	50	90.000	  38.678	  87.000	  34.460	  91.000	  33.615	Fill1	R	2	49	1	730
5063	2	51	100.000	  38.860	  84.000	  46.262	  58.000	  67.000	ComD1	R	1	50	2	1048
5063	2	52	53.000	  81.000	  82.000	  52.354	  82.000	  44.354	AttR2	R	3	49	2	1008
5063	2	53	53.000	  81.000	  82.000	  52.354	  46.000	  81.000	AttR1	R	1	50	2	1195
5063	2	54	52.000	  79.000	  79.000	  52.000	  79.000	  44.000	AttR2	R	4	50	1	4181
5063	2	55	47.811	  74.000	  61.000	  58.000	  64.327	  55.000	SimA2	R	2	50	3	2527
5063	2	56	73.000	  48.493	  70.000	  44.571	  76.000	  40.066	Fill2	R	1	49	1	980
5063	2	57	48.132	  76.000	  59.000	  62.000	  63.069	  58.000	SimA2	R	6	49	3	1159
5063	2	58	49.000	  78.000	  77.000	  49.636	  42.000	  78.000	AttR1	R	2	49	1	1837
5063	2	59	50.000	  79.000	  81.000	  48.765	  41.000	  79.000	AttR1	R	6	51	1	1828
5063	2	60	52.528	  72.000	  51.528	  64.354	  54.528	  61.272	Fill4	R	3	50	1	1008
5063	2	61	81.000	  46.543	  58.000	  65.000	  43.837	  86.000	ComD2	R	1	50	2	954
5063	2	62	48.739	  69.000	  46.739	  62.432	  50.739	  57.037	Fill4	R	6	51	1	1247
5063	2	63	41.109	  92.000	  40.109	  80.606	  43.109	  75.112	Fill5	R	1	49	1	1281
5063	2	64	77.000	  48.325	  75.000	  44.267	  79.000	  41.278	Fill2	R	4	50	1	816
5063	2	65	82.000	  45.878	  57.000	  66.000	  44.786	  84.000	ComD2	R	2	51	2	2226
5063	2	66	47.532	  77.000	  60.000	  61.000	  63.103	  58.000	SimA2	R	5	50	3	1340
5063	2	67	47.200	  75.000	  59.000	  60.000	  64.364	  55.000	SimA2	R	2	51	2	4587
5063	2	68	59.000	  60.000	  57.000	  53.509	  60.000	  51.667	Fill3	R	5	51	1	1717
5063	2	69	47.368	  76.000	  60.000	  60.000	  64.286	  56.000	SimA2	R	4	49	3	2555
5063	2	70	37.753	  89.000	  36.753	  77.028	  39.753	  71.919	Fill5	R	2	49	1	799
5063	2	71	94.000	  40.234	  91.000	  37.154	  95.000	  35.232	Fill1	R	4	50	1	651
5063	2	72	90.000	  37.367	  88.000	  33.170	  92.000	  31.293	Fill1	R	6	51	1	1122
5063	2	73	49.000	  79.000	  77.000	  50.273	  40.000	  79.000	AttR1	R	1	50	2	2224
5063	2	74	48.325	  77.000	  61.000	  61.000	  64.155	  58.000	SimA2	R	2	49	1	1219
5063	2	75	98.000	  39.735	  81.000	  48.074	  59.000	  66.000	ComD1	R	2	50	3	972
5063	2	76	49.000	  79.000	  77.000	  50.273	  77.000	  42.273	AttR2	R	4	51	2	1775
5063	2	77	81.000	  47.346	  59.000	  65.000	  43.580	  88.000	ComD2	R	2	51	2	1363
5063	2	78	81.000	  46.543	  58.000	  65.000	  43.333	  87.000	ComD2	R	5	49	2	1311
5063	2	79	38.216	  88.000	  36.216	  77.728	  40.216	  70.569	Fill5	R	2	49	1	1477
5063	2	80	71.000	  47.366	  70.000	  41.714	  72.000	  40.444	Fill2	R	2	49	1	709
5063	2	81	51.000	  80.000	  79.000	  51.646	  79.000	  42.646	AttR2	R	2	51	2	3035
5063	2	82	89.000	  37.753	  87.000	  33.448	  92.000	  31.891	Fill1	R	1	49	1	866
5063	2	83	47.200	  75.000	  59.000	  60.000	  42.200	  83.886	SimA1	R	3	49	2	1348
5063	2	84	39.775	  89.000	  38.775	  77.188	  40.775	  74.310	Fill5	R	2	51	2	1559
5063	2	85	51.000	  80.000	  79.000	  51.646	  44.000	  80.000	AttR1	R	3	49	2	509
5063	2	86	50.000	  79.000	  81.000	  48.765	  81.000	  41.765	AttR2	R	2	49	1	811
5063	2	87	47.000	  81.000	  81.000	  47.000	  81.000	  40.000	AttR2	R	4	50	1	821
5063	2	88	81.000	  48.074	  59.000	  66.000	  44.759	  87.000	ComD2	R	2	49	1	1111
5063	2	89	46.667	  72.000	  43.667	  67.328	  48.667	  59.630	Fill4	R	5	51	1	3980
5063	2	90	52.000	  78.000	  80.000	  50.700	  80.000	  42.700	AttR2	R	2	49	1	1376
5063	3	1	46.579	  76.000	  59.000	  60.000	  62.105	  57.000	SimA2	R	2	51	2	1957
5063	3	2	49.613	  75.000	  61.000	  61.000	  65.281	  57.000	SimA2	R	3	49	2	1370
5063	3	3	50.110	  73.000	  48.110	  65.954	  52.110	  61.908	Fill4	R	2	49	1	916
5063	3	4	50.000	  80.000	  79.000	  50.633	  79.000	  43.633	AttR2	R	5	51	1	842
5063	3	5	95.000	  40.368	  81.000	  47.346	  59.000	  65.000	ComD1	R	5	50	3	995
5063	3	6	48.635	  74.000	  61.000	  59.000	  43.635	  82.479	SimA1	R	2	49	1	965
5063	3	7	51.000	  82.000	  84.000	  49.786	  42.000	  82.000	AttR1	R	1	49	1	832
5063	3	8	91.000	  40.198	  88.000	  36.841	  94.000	  34.532	Fill1	R	5	51	1	696
5063	3	9	51.000	  82.000	  84.000	  49.786	  84.000	  40.786	AttR2	R	3	49	2	872
5063	3	10	58.000	  58.000	  55.000	  53.818	  60.000	  48.300	Fill3	R	6	51	1	1592
5063	3	11	46.579	  76.000	  59.000	  60.000	  43.579	  81.232	SimA1	R	6	50	2	2906
5063	3	12	49.000	  80.000	  81.000	  48.395	  40.000	  80.000	AttR1	R	2	49	1	943
5063	3	13	48.800	  75.000	  61.000	  60.000	  44.800	  81.696	SimA1	R	6	49	3	2764
5063	3	14	39.112	  89.000	  38.112	  77.245	  40.112	  74.142	Fill5	R	3	50	1	1482
5063	3	15	48.649	  74.000	  60.000	  60.000	  63.158	  57.000	SimA2	R	4	49	3	3714
5063	3	16	96.000	  38.000	  80.000	  45.600	  57.000	  64.000	ComD1	R	4	49	3	1711
5063	3	17	47.838	  74.000	  60.000	  59.000	  43.838	  80.752	SimA1	R	3	49	2	2413
5063	3	18	96.000	  39.875	  81.000	  47.259	  58.000	  66.000	ComD1	R	5	49	2	1720
5063	3	19	51.000	  79.000	  81.000	  49.741	  81.000	  41.741	AttR2	R	3	49	2	2860
5063	3	20	95.000	  38.463	  80.000	  45.675	  58.000	  63.000	ComD1	R	6	50	2	2893
5063	3	21	52.116	  69.000	  50.116	  62.834	  54.116	  58.874	Fill4	R	1	49	1	2101
5063	3	22	47.838	  74.000	  60.000	  59.000	  64.364	  55.000	SimA2	R	5	49	2	1275
5063	3	23	50.449	  69.000	  48.449	  61.652	  51.449	  57.979	Fill4	R	2	49	1	1243
5063	3	24	50.000	  77.000	  79.000	  48.734	  79.000	  40.734	AttR2	R	1	49	1	4698
5063	3	25	77.000	  47.506	  74.000	  43.176	  78.000	  41.551	Fill2	R	5	51	1	1186
5063	3	26	50.000	  78.000	  77.000	  50.649	  77.000	  41.649	AttR2	R	5	49	2	716
5063	3	27	96.000	  38.667	  80.000	  46.400	  58.000	  64.000	ComD1	R	3	51	3	1779
5063	3	28	59.000	  59.000	  57.000	  52.632	  62.000	  48.435	Fill3	R	2	49	1	1357
5063	3	29	73.000	  46.082	  70.000	  41.586	  76.000	  38.303	Fill2	R	6	51	1	1418
5063	3	30	50.000	  82.000	  84.000	  48.810	  84.000	  40.810	AttR2	R	4	51	2	1228
5063	3	31	38.227	  88.000	  36.227	  77.870	  40.227	  70.947	Fill5	R	2	49	1	1064
5063	3	32	62.000	  59.000	  59.000	  55.136	  63.000	  51.111	Fill3	R	5	51	1	839
5063	3	33	79.000	  46.177	  57.000	  64.000	  43.429	  84.000	ComD2	R	3	49	2	1519
5063	3	34	80.000	  45.675	  58.000	  63.000	  42.488	  86.000	ComD2	R	4	51	2	1805
5063	3	35	48.000	  75.000	  60.000	  60.000	  43.000	  83.721	SimA1	R	3	49	2	752
5063	3	36	50.449	  69.000	  48.449	  61.570	  51.449	  59.748	Fill4	R	4	50	1	1453
5063	3	37	59.000	  62.000	  56.000	  57.482	  61.000	  52.164	Fill3	R	3	50	1	2941
5063	3	38	51.000	  79.000	  81.000	  49.741	  43.000	  79.000	AttR1	R	2	49	1	1099
5063	3	39	77.000	  46.701	  75.000	  41.693	  80.000	  38.987	Fill2	R	6	50	2	1943
5063	3	40	49.000	  80.000	  81.000	  48.395	  81.000	  40.395	AttR2	R	1	49	1	908
5063	3	41	48.649	  74.000	  60.000	  60.000	  45.649	  78.863	SimA1	R	5	49	2	2362
5063	3	42	49.000	  78.000	  79.000	  48.380	  79.000	  40.380	AttR2	R	4	50	1	4751
5063	3	43	49.000	  80.000	  82.000	  47.805	  82.000	  38.805	AttR2	R	3	49	2	1012
5063	3	44	49.613	  75.000	  61.000	  61.000	  44.613	  83.406	SimA1	R	4	50	1	3704
5063	3	45	95.000	  40.368	  81.000	  47.346	  59.000	  65.000	ComD1	R	3	49	2	1301
5063	3	46	94.000	  38.915	  92.000	  35.293	  96.000	  33.385	Fill1	R	6	51	1	1019
5063	3	47	82.000	  48.207	  59.000	  67.000	  45.965	  86.000	ComD2	R	6	50	2	1748
5063	3	48	75.000	  46.413	  74.000	  40.311	  78.000	  38.641	Fill2	R	4	50	1	1682
5063	3	49	52.257	  70.000	  49.257	  64.965	  54.257	  59.826	Fill4	R	2	49	1	882
5063	3	50	95.000	  37.853	  93.000	  33.925	  97.000	  32.619	Fill1	R	2	49	1	619
5063	3	51	40.404	  89.000	  38.404	  80.459	  41.404	  74.412	Fill5	R	6	51	1	589
5063	3	52	49.613	  75.000	  61.000	  61.000	  45.613	  81.577	SimA1	R	2	49	1	2360
5063	3	53	41.568	  88.000	  39.568	  79.660	  43.568	  72.438	Fill5	R	5	50	3	6204
5063	3	54	47.838	  74.000	  59.000	  60.000	  42.838	  82.637	SimA1	R	4	49	3	1335
5063	3	55	62.000	  58.000	  61.000	  52.066	  64.000	  48.766	Fill3	R	3	50	1	1276
5063	3	56	50.000	  82.000	  84.000	  48.810	  43.000	  82.000	AttR1	R	5	51	1	1133
5063	3	57	48.000	  75.000	  60.000	  60.000	  64.286	  56.000	SimA2	R	1	49	1	6259
5063	3	58	49.000	  78.000	  79.000	  48.380	  42.000	  78.000	AttR1	R	5	49	2	1483
5063	3	59	49.471	  68.000	  46.471	  63.309	  50.471	  57.836	Fill4	R	3	50	1	1643
5063	3	60	48.000	  75.000	  60.000	  60.000	  63.158	  57.000	SimA2	R	4	49	3	1067
5063	3	61	81.000	  47.346	  59.000	  65.000	  43.580	  88.000	ComD2	R	6	50	2	1651
5063	3	62	75.000	  48.773	  73.000	  44.027	  77.000	  41.805	Fill2	R	2	49	1	714
5063	3	63	80.000	  46.400	  58.000	  64.000	  43.671	  85.000	ComD2	R	3	49	2	1119
5063	3	64	51.000	  79.000	  81.000	  49.741	  44.000	  79.000	AttR1	R	5	49	2	1973
5063	3	65	91.000	  36.967	  90.000	  32.867	  93.000	  31.022	Fill1	R	2	49	1	791
5063	3	66	49.000	  80.000	  82.000	  47.805	  42.000	  80.000	AttR1	R	3	50	1	1498
5063	3	67	94.000	  38.809	  79.000	  46.177	  57.000	  64.000	ComD1	R	4	49	3	911
5063	3	68	81.000	  47.346	  59.000	  65.000	  44.593	  86.000	ComD2	R	1	50	2	1205
5063	3	69	83.000	  46.120	  58.000	  66.000	  44.512	  86.000	ComD2	R	4	51	2	2399
5063	3	70	47.838	  74.000	  59.000	  60.000	  63.214	  56.000	SimA2	R	2	50	3	2707
5063	3	71	39.557	  88.000	  38.557	  76.044	  41.557	  70.674	Fill5	R	3	49	2	1135
5063	3	72	49.613	  75.000	  61.000	  61.000	  65.281	  57.000	SimA2	R	5	51	1	5357
5063	3	73	50.000	  80.000	  79.000	  50.633	  43.000	  80.000	AttR1	R	5	49	2	5179
5063	3	74	51.000	  79.000	  81.000	  49.741	  81.000	  42.741	AttR2	R	4	51	2	1877
5063	3	75	97.000	  39.464	  83.000	  46.120	  58.000	  66.000	ComD1	R	2	50	3	4228
5063	3	76	50.000	  78.000	  77.000	  50.649	  41.000	  78.000	AttR1	R	4	50	1	4239
5063	3	77	40.198	  91.000	  37.198	  84.199	  41.198	  76.096	Fill5	R	4	50	1	1359
5063	3	78	75.000	  46.413	  73.000	  41.795	  76.000	  40.408	Fill2	R	4	50	1	652
5063	3	79	92.000	  37.837	  89.000	  34.225	  95.000	  31.589	Fill1	R	3	50	1	2373
5063	3	80	98.000	  38.469	  82.000	  45.976	  58.000	  65.000	ComD1	R	3	51	3	1744
5063	3	81	100.000	  39.530	  82.000	  48.207	  59.000	  67.000	ComD1	R	4	51	2	2476
5063	3	82	48.000	  75.000	  60.000	  60.000	  43.000	  83.721	SimA1	R	2	51	2	7429
5063	3	83	80.000	  45.600	  57.000	  64.000	  42.419	  86.000	ComD2	R	3	49	2	736
5063	3	84	50.000	  77.000	  79.000	  48.734	  41.000	  77.000	AttR1	R	6	51	1	1141
5063	3	85	81.000	  47.259	  58.000	  66.000	  45.035	  85.000	ComD2	R	3	49	2	1363
5063	3	86	92.000	  37.837	  89.000	  34.416	  94.000	  32.415	Fill1	R	1	49	1	1216
5063	3	87	48.800	  75.000	  61.000	  60.000	  65.357	  56.000	SimA2	R	4	51	2	754
5063	3	88	48.635	  74.000	  61.000	  59.000	  65.436	  55.000	SimA2	R	2	50	3	1343
5063	3	89	82.000	  45.976	  58.000	  65.000	  43.333	  87.000	ComD2	R	3	49	2	1172
5063	3	90	59.000	  59.000	  56.000	  53.464	  61.000	  49.803	Fill3	R	4	50	1	751
5063	4	1	60.000	  61.000	  58.000	  55.155	  61.000	  52.393	Fill3	R	5	51	1	2389
5063	4	2	48.000	  82.000	  84.000	  46.857	  84.000	  38.857	AttR2	R	2	49	1	684
5063	4	3	97.000	  38.268	  80.000	  46.400	  58.000	  64.000	ComD1	R	3	51	3	1029
5063	4	4	97.000	  38.866	  82.000	  45.976	  58.000	  65.000	ComD1	R	2	50	3	512
5063	4	5	94.000	  38.809	  80.000	  45.600	  57.000	  64.000	ComD1	R	2	50	3	468
5063	4	6	97.000	  38.196	  80.000	  46.312	  57.000	  65.000	ComD1	R	3	49	2	517
5063	4	7	80.000	  46.312	  57.000	  65.000	  43.588	  85.000	ComD2	R	4	51	2	963
5063	4	8	80.000	  46.312	  57.000	  65.000	  44.107	  84.000	ComD2	R	2	51	2	780
5063	4	9	49.613	  75.000	  61.000	  61.000	  64.155	  58.000	SimA2	R	4	49	3	962
5063	4	10	49.000	  80.000	  80.000	  49.000	  41.000	  80.000	AttR1	R	3	49	2	1175
5063	4	11	40.667	  93.000	  37.667	  86.310	  42.667	  76.430	Fill5	R	5	51	1	1387
5063	4	12	92.000	  39.783	  91.000	  35.736	  95.000	  33.453	Fill1	R	5	51	1	868
5063	4	13	49.000	  80.000	  81.000	  48.395	  81.000	  40.395	AttR2	R	3	49	2	789
5063	4	14	47.838	  74.000	  60.000	  59.000	  65.556	  54.000	SimA2	R	4	51	2	952
5063	4	15	40.667	  90.000	  39.667	  78.782	  42.667	  73.711	Fill5	R	5	51	1	1316
5063	4	16	48.158	  76.000	  60.000	  61.000	  63.103	  58.000	SimA2	R	3	49	2	1538
5063	4	17	52.286	  70.000	  51.286	  61.869	  54.286	  59.887	Fill4	R	2	49	1	911
5063	4	18	50.833	  72.000	  47.833	  66.711	  51.833	  61.968	Fill4	R	5	51	1	637
5063	4	19	47.685	  73.000	  59.000	  59.000	  62.161	  56.000	SimA2	R	4	50	1	1213
5063	4	20	52.000	  81.000	  81.000	  52.000	  44.000	  81.000	AttR1	R	5	51	1	791
5063	4	21	76.000	  49.763	  74.000	  45.257	  77.000	  43.208	Fill2	R	2	49	1	546
5063	4	22	50.000	  81.000	  80.000	  50.625	  80.000	  42.625	AttR2	R	4	50	1	552
5063	4	23	76.000	  48.158	  73.000	  44.205	  77.000	  41.714	Fill2	R	6	51	1	1117
5063	4	24	51.000	  80.000	  78.000	  52.308	  42.000	  80.000	AttR1	R	2	49	1	619
5063	4	25	96.000	  38.594	  82.000	  45.183	  57.000	  65.000	ComD1	R	5	50	3	932
5063	4	26	50.000	  79.000	  80.000	  49.375	  80.000	  41.375	AttR2	R	2	49	1	586
5063	4	27	82.000	  45.976	  58.000	  65.000	  43.333	  87.000	ComD2	R	1	50	2	716
5063	4	28	81.000	  48.148	  60.000	  65.000	  43.820	  89.000	ComD2	R	5	49	2	771
5063	4	29	90.000	  38.678	  87.000	  35.092	  91.000	  33.626	Fill1	R	4	50	1	677
5063	4	30	47.200	  75.000	  59.000	  60.000	  63.214	  56.000	SimA2	R	4	51	2	669
5063	4	31	51.000	  83.000	  82.000	  51.622	  43.000	  83.000	AttR1	R	3	49	2	549
5063	4	32	92.000	  39.783	  90.000	  35.644	  93.000	  34.817	Fill1	R	3	50	1	603
5063	4	33	60.000	  61.000	  59.000	  54.661	  61.000	  52.639	Fill3	R	1	49	1	1045
5063	4	34	80.000	  46.400	  58.000	  64.000	  43.163	  86.000	ComD2	R	5	49	2	1061
5063	4	35	48.158	  76.000	  60.000	  61.000	  44.158	  82.884	SimA1	R	4	51	2	557
5063	4	36	93.000	  38.065	  91.000	  34.242	  96.000	  31.958	Fill1	R	4	50	1	755
5063	4	37	47.685	  73.000	  59.000	  59.000	  44.685	  77.901	SimA1	R	5	49	2	1320
5063	4	38	51.108	  74.000	  49.108	  68.848	  52.108	  64.232	Fill4	R	1	49	1	1284
5063	4	39	80.000	  47.125	  58.000	  65.000	  43.837	  86.000	ComD2	R	5	49	2	822
5063	4	40	40.220	  91.000	  37.220	  84.632	  41.220	  76.517	Fill5	R	2	49	1	1112
5063	4	41	49.729	  70.000	  47.729	  64.259	  51.729	  58.807	Fill4	R	3	50	1	1564
5063	4	42	48.961	  76.000	  61.000	  61.000	  45.961	  80.961	SimA1	R	5	50	3	663
5063	4	43	97.000	  40.144	  82.000	  47.488	  59.000	  66.000	ComD1	R	5	50	3	831
5063	4	44	48.000	  81.000	  81.000	  48.000	  41.000	  81.000	AttR1	R	5	51	1	1911
5063	4	45	52.000	  81.000	  81.000	  52.000	  81.000	  43.000	AttR2	R	3	50	1	684
5063	4	46	49.000	  80.000	  81.000	  48.395	  42.000	  80.000	AttR1	R	2	49	1	716
5063	4	47	51.000	  80.000	  78.000	  52.308	  78.000	  43.308	AttR2	R	3	49	2	1323
5063	4	48	47.987	  75.000	  61.000	  59.000	  64.268	  56.000	SimA2	R	2	49	1	1159
5063	4	49	96.000	  38.594	  80.000	  46.312	  57.000	  65.000	ComD1	R	5	49	2	1021
5063	4	50	60.000	  59.000	  58.000	  53.362	  63.000	  49.429	Fill3	R	4	50	1	728
5063	4	51	48.000	  82.000	  84.000	  46.857	  41.000	  82.000	AttR1	R	6	50	2	1196
5063	4	52	47.987	  75.000	  61.000	  59.000	  44.987	  80.001	SimA1	R	2	51	2	1063
5063	4	53	96.000	  39.875	  82.000	  46.683	  58.000	  66.000	ComD1	R	3	49	2	1536
5063	4	54	51.304	  69.000	  48.304	  65.005	  53.304	  57.631	Fill4	R	6	51	1	1100
5063	4	55	61.000	  62.000	  60.000	  55.233	  64.000	  52.469	Fill3	R	2	49	1	1923
5063	4	56	39.333	  90.000	  37.333	  80.116	  40.333	  74.826	Fill5	R	3	50	1	1423
5063	4	57	50.000	  81.000	  80.000	  50.625	  42.000	  81.000	AttR1	R	4	50	1	1139
5063	4	58	59.000	  59.000	  56.000	  54.089	  60.000	  50.433	Fill3	R	3	50	1	768
5063	4	59	49.000	  80.000	  80.000	  49.000	  80.000	  42.000	AttR2	R	4	50	1	1898
5063	4	60	39.783	  92.000	  36.783	  85.611	  40.783	  76.528	Fill5	R	5	49	2	1832
5063	4	61	76.000	  48.158	  74.000	  42.797	  79.000	  40.658	Fill2	R	3	50	1	674
5063	4	62	48.961	  76.000	  61.000	  61.000	  66.446	  56.000	SimA2	R	5	49	2	4202
5063	4	63	49.000	  80.000	  81.000	  48.395	  41.000	  80.000	AttR1	R	5	51	1	844
5063	4	64	76.000	  46.579	  75.000	  41.733	  78.000	  40.192	Fill2	R	4	50	1	1204
5063	4	65	96.000	  40.625	  81.000	  48.148	  60.000	  65.000	ComD1	R	6	49	3	1167
5063	4	66	48.000	  81.000	  81.000	  48.000	  81.000	  39.000	AttR2	R	4	51	2	1522
5063	4	67	48.595	  74.000	  62.000	  58.000	  66.593	  54.000	SimA2	R	3	49	2	744
5063	4	68	61.000	  60.000	  60.000	  53.317	  64.000	  49.797	Fill3	R	4	50	1	765
5063	4	69	46.413	  75.000	  59.000	  59.000	  41.413	  84.055	SimA1	R	5	49	2	848
5063	4	70	46.413	  75.000	  59.000	  59.000	  64.463	  54.000	SimA2	R	1	51	3	768
5063	4	71	75.000	  48.800	  73.000	  43.740	  76.000	  41.632	Fill2	R	6	51	1	1130
5063	4	72	46.740	  77.000	  59.000	  61.000	  41.740	  86.224	SimA1	R	3	49	2	1296
5063	4	73	48.595	  74.000	  62.000	  58.000	  45.595	  78.869	SimA1	R	5	51	1	1934
5063	4	74	95.000	  39.684	  80.000	  47.125	  58.000	  65.000	ComD1	R	6	49	3	756
5063	4	75	50.833	  72.000	  48.833	  65.283	  52.833	  61.174	Fill4	R	3	50	1	1914
5063	4	76	39.557	  88.000	  38.557	  76.044	  41.557	  71.589	Fill5	R	6	51	1	6711
5063	4	77	82.000	  45.183	  57.000	  65.000	  43.588	  85.000	ComD2	R	2	51	2	4364
5063	4	78	93.000	  40.667	  91.000	  36.725	  96.000	  34.562	Fill1	R	2	49	1	1535
5063	4	79	82.000	  47.488	  59.000	  66.000	  44.759	  87.000	ComD2	R	4	49	3	1772
5063	4	80	46.740	  77.000	  59.000	  61.000	  64.268	  56.000	SimA2	R	5	50	3	3159
5063	4	81	49.000	  80.000	  81.000	  48.395	  81.000	  39.395	AttR2	R	5	49	2	893
5063	4	82	47.838	  74.000	  60.000	  59.000	  42.838	  82.637	SimA1	R	4	50	1	693
5063	4	83	80.000	  45.600	  57.000	  64.000	  42.918	  85.000	ComD2	R	6	50	2	677
5063	4	84	91.000	  40.220	  88.000	  35.920	  92.000	  35.315	Fill1	R	4	50	1	732
5063	4	85	82.000	  46.683	  58.000	  66.000	  44.000	  87.000	ComD2	R	4	51	2	1218
5063	4	86	47.200	  75.000	  59.000	  60.000	  43.200	  81.944	SimA1	R	2	51	2	1100
5063	4	87	50.000	  79.000	  80.000	  49.375	  43.000	  79.000	AttR1	R	3	50	1	1562
5063	4	88	51.000	  83.000	  82.000	  51.622	  82.000	  42.622	AttR2	R	5	49	2	751
5063	4	89	49.613	  75.000	  61.000	  61.000	  46.613	  79.827	SimA1	R	5	50	3	604
5063	4	90	73.000	  47.685	  72.000	  42.264	  74.000	  40.581	Fill2	R	3	50	1	567
5063	5	1	80.000	  45.600	  57.000	  64.000	  42.419	  86.000	ComD2	R	6	50	2	805
5063	5	2	48.800	  75.000	  60.000	  61.000	  63.103	  58.000	SimA2	R	5	50	3	640
5063	5	3	91.000	  39.560	  88.000	  35.784	  94.000	  33.457	Fill1	R	5	50	3	857
5063	5	4	97.000	  40.144	  82.000	  47.488	  59.000	  66.000	ComD1	R	5	49	2	753
5063	5	5	99.000	  38.000	  83.000	  45.325	  57.000	  66.000	ComD1	R	1	50	2	517
5063	5	6	76.000	  47.355	  74.000	  43.189	  78.000	  40.795	Fill2	R	6	51	1	1146
5063	5	7	50.000	  80.000	  80.000	  50.000	  80.000	  41.000	AttR2	R	2	49	1	632
5063	5	8	77.000	  47.506	  75.000	  42.907	  80.000	  40.487	Fill2	R	2	50	3	562
5063	5	9	50.110	  73.000	  62.000	  59.000	  46.110	  79.333	SimA1	R	2	51	2	776
5063	5	10	40.438	  89.000	  38.438	  80.155	  42.438	  72.105	Fill5	R	5	51	1	939
5063	5	11	41.568	  88.000	  40.568	  77.401	  43.568	  71.750	Fill5	R	3	49	2	1480
5063	5	12	50.000	  81.000	  83.000	  48.795	  43.000	  81.000	AttR1	R	2	49	1	864
5063	5	13	54.000	  82.000	  80.000	  55.350	  47.000	  82.000	AttR1	R	2	49	1	816
5063	5	14	51.000	  81.000	  80.000	  51.638	  42.000	  81.000	AttR1	R	1	50	2	546
5063	5	15	80.000	  46.400	  58.000	  64.000	  43.163	  86.000	ComD2	R	2	49	1	568
5063	5	16	48.158	  76.000	  61.000	  60.000	  45.158	  81.049	SimA1	R	4	51	2	1219
5063	5	17	48.800	  75.000	  61.000	  60.000	  66.545	  55.000	SimA2	R	2	49	1	956
5063	5	18	53.014	  69.000	  52.014	  61.906	  55.014	  58.366	Fill4	R	4	50	1	2802
5063	5	19	59.000	  59.000	  57.000	  53.754	  61.000	  49.180	Fill3	R	4	50	1	564
5063	5	20	51.000	  82.000	  82.000	  51.000	  82.000	  42.000	AttR2	R	3	49	2	682
5063	5	21	71.000	  48.169	  70.000	  42.700	  74.000	  39.554	Fill2	R	3	50	1	994
5063	5	22	50.000	  78.000	  79.000	  49.367	  43.000	  78.000	AttR1	R	4	50	1	572
5063	5	23	50.000	  80.000	  80.000	  50.000	  42.000	  80.000	AttR1	R	5	51	1	679
5063	5	24	40.667	  90.000	  38.667	  80.534	  41.667	  75.816	Fill5	R	3	51	3	695
5063	5	25	83.000	  46.120	  58.000	  66.000	  44.512	  86.000	ComD2	R	4	49	3	983
5063	5	26	47.200	  75.000	  60.000	  59.000	  44.200	  80.090	SimA1	R	3	49	2	1138
5063	5	27	49.000	  80.000	  79.000	  49.620	  79.000	  42.620	AttR2	R	6	50	2	560
5063	5	28	97.000	  37.608	  80.000	  45.600	  57.000	  64.000	ComD1	R	5	50	3	852
5063	5	29	75.000	  48.000	  74.000	  43.189	  76.000	  41.303	Fill2	R	2	49	1	612
5063	5	30	47.200	  75.000	  60.000	  59.000	  65.556	  54.000	SimA2	R	4	51	2	808
5063	5	31	92.000	  39.120	  89.000	  35.787	  95.000	  32.758	Fill1	R	4	50	1	610
5063	5	32	40.449	  89.000	  37.449	  82.511	  42.449	  72.557	Fill5	R	3	51	3	1804
5063	5	33	98.000	  38.469	  80.000	  47.125	  58.000	  65.000	ComD1	R	1	51	3	912
5063	5	34	83.000	  45.325	  57.000	  66.000	  44.786	  84.000	ComD2	R	5	49	2	789
5063	5	35	57.000	  60.000	  55.000	  54.145	  60.000	  50.067	Fill3	R	5	51	1	1432
5063	5	36	94.000	  38.936	  91.000	  35.670	  97.000	  32.701	Fill1	R	5	51	1	1271
5063	5	37	49.000	  80.000	  79.000	  49.620	  42.000	  80.000	AttR1	R	3	49	2	848
5063	5	38	46.877	  73.000	  58.000	  59.000	  61.107	  56.000	SimA2	R	1	49	1	1392
5063	5	39	97.000	  38.196	  82.000	  45.183	  57.000	  65.000	ComD1	R	2	50	3	570
5063	5	40	50.077	  78.000	  62.000	  63.000	  47.077	  82.971	SimA1	R	4	49	3	1164
5063	5	41	46.413	  75.000	  59.000	  59.000	  62.161	  56.000	SimA2	R	5	49	2	552
5063	5	42	50.000	  79.000	  80.000	  49.375	  41.000	  79.000	AttR1	R	3	49	2	628
5063	5	43	54.000	  82.000	  80.000	  55.350	  80.000	  46.350	AttR2	R	3	49	2	703
5063	5	44	99.000	  38.667	  83.000	  46.120	  58.000	  66.000	ComD1	R	2	50	3	716
5063	5	45	61.000	  60.000	  58.000	  55.483	  64.000	  49.875	Fill3	R	5	51	1	1450
5063	5	46	51.000	  79.000	  80.000	  50.362	  42.000	  79.000	AttR1	R	3	50	1	587
5063	5	47	47.532	  77.000	  60.000	  61.000	  44.532	  82.187	SimA1	R	4	50	1	414
5063	5	48	39.112	  89.000	  38.112	  77.088	  41.112	  72.338	Fill5	R	5	50	3	776
5063	5	49	52.159	  69.000	  50.159	  63.637	  54.159	  58.863	Fill4	R	5	51	1	970
5063	5	50	47.838	  74.000	  60.000	  59.000	  43.838	  80.752	SimA1	R	6	50	2	677
5063	5	51	80.000	  47.125	  58.000	  65.000	  43.333	  87.000	ComD2	R	6	50	2	525
5063	5	52	96.000	  39.271	  81.000	  46.543	  58.000	  65.000	ComD1	R	4	49	3	570
5063	5	53	50.000	  72.000	  48.000	  65.875	  51.000	  60.863	Fill4	R	2	49	1	517
5063	5	54	50.000	  79.000	  80.000	  49.375	  80.000	  40.375	AttR2	R	2	49	1	651
5063	5	55	82.000	  45.183	  57.000	  65.000	  44.107	  84.000	ComD2	R	2	51	2	754
5063	5	56	51.000	  81.000	  80.000	  51.638	  80.000	  44.638	AttR2	R	4	50	1	512
5063	5	57	47.838	  74.000	  60.000	  59.000	  64.364	  55.000	SimA2	R	4	49	3	517
5063	5	58	50.000	  81.000	  83.000	  48.795	  83.000	  40.795	AttR2	R	4	50	1	459
5063	5	59	50.000	  82.000	  84.000	  48.810	  41.000	  82.000	AttR1	R	3	50	1	715
5063	5	60	61.000	  59.000	  59.000	  52.644	  64.000	  48.797	Fill3	R	2	49	1	520
5063	5	61	50.000	  78.000	  79.000	  49.367	  79.000	  41.367	AttR2	R	1	50	2	773
5063	5	62	81.000	  48.074	  59.000	  66.000	  45.279	  86.000	ComD2	R	4	50	1	520
5063	5	63	48.800	  75.000	  61.000	  60.000	  45.800	  79.913	SimA1	R	6	50	2	453
5063	5	64	60.000	  60.000	  59.000	  53.220	  61.000	  51.934	Fill3	R	2	49	1	621
5063	5	65	96.000	  38.667	  80.000	  46.400	  58.000	  64.000	ComD1	R	6	50	2	695
5063	5	66	82.000	  47.488	  59.000	  66.000	  45.279	  86.000	ComD2	R	5	51	1	696
5063	5	67	46.413	  75.000	  59.000	  59.000	  42.413	  82.073	SimA1	R	6	50	2	462
5063	5	68	50.110	  73.000	  62.000	  59.000	  65.321	  56.000	SimA2	R	3	50	1	439
5063	5	69	48.169	  71.000	  47.169	  62.520	  49.169	  59.651	Fill4	R	3	50	1	623
5063	5	70	62.000	  59.000	  61.000	  51.885	  64.000	  50.500	Fill3	R	5	51	1	658
5063	5	71	91.000	  38.253	  88.000	  34.432	  92.000	  32.804	Fill1	R	5	51	1	1018
5063	5	72	51.000	  82.000	  82.000	  51.000	  42.000	  82.000	AttR1	R	3	50	1	676
5063	5	73	46.877	  73.000	  58.000	  59.000	  41.877	  81.716	SimA1	R	3	51	3	956
5063	5	74	49.028	  71.000	  46.028	  65.373	  50.028	  61.325	Fill4	R	3	50	1	603
5063	5	75	48.800	  75.000	  60.000	  61.000	  43.800	  83.562	SimA1	R	4	51	2	596
5063	5	76	82.000	  45.878	  57.000	  66.000	  44.786	  84.000	ComD2	R	5	49	2	583
5063	5	77	51.000	  79.000	  80.000	  50.362	  80.000	  41.362	AttR2	R	4	50	1	514
5063	5	78	50.000	  82.000	  84.000	  48.810	  84.000	  39.810	AttR2	R	4	50	1	415
5063	5	79	38.000	  90.000	  35.000	  82.571	  39.000	  74.718	Fill5	R	3	50	1	1090
5063	5	80	48.158	  76.000	  61.000	  60.000	  64.211	  57.000	SimA2	R	1	50	2	1074
5063	5	81	74.000	  47.041	  73.000	  42.205	  76.000	  40.224	Fill2	R	4	50	1	946
5063	5	82	47.532	  77.000	  60.000	  61.000	  63.103	  58.000	SimA2	R	1	50	2	440
5063	5	83	50.077	  78.000	  62.000	  63.000	  67.345	  58.000	SimA2	R	6	51	1	703
5063	5	84	93.000	  39.333	  91.000	  34.879	  95.000	  34.168	Fill1	R	2	49	1	637
5063	5	85	50.833	  72.000	  47.833	  67.296	  51.833	  61.621	Fill4	R	4	50	1	453
5063	5	86	81.000	  46.543	  58.000	  65.000	  44.353	  85.000	ComD2	R	3	49	2	717
5063	5	87	96.000	  39.188	  82.000	  45.878	  57.000	  66.000	ComD1	R	2	50	3	507
5063	5	88	76.000	  48.158	  73.000	  44.178	  79.000	  41.076	Fill2	R	2	49	1	1216
5063	5	89	88.000	  38.864	  86.000	  34.512	  90.000	  33.178	Fill1	R	4	50	1	482
5063	5	90	97.000	  40.144	  81.000	  48.074	  59.000	  66.000	ComD1	R	5	50	3	827
5063	6	1	82.000	  46.768	  59.000	  65.000	  44.593	  86.000	ComD2	R	1	50	2	829
5063	6	2	84.000	  46.262	  58.000	  67.000	  45.186	  86.000	ComD2	R	2	51	2	667
5063	6	3	52.528	  72.000	  51.528	  63.771	  54.528	  60.868	Fill4	R	3	50	1	842
5063	6	4	59.000	  60.000	  56.000	  54.893	  60.000	  51.300	Fill3	R	2	49	1	1090
5063	6	5	50.000	  82.000	  84.000	  48.810	  84.000	  40.810	AttR2	R	2	49	1	547
5063	6	6	49.000	  81.000	  79.000	  50.241	  79.000	  41.241	AttR2	R	3	50	1	1057
5063	6	7	50.571	  70.000	  47.571	  64.345	  51.571	  59.413	Fill4	R	2	49	1	1200
5063	6	8	99.000	  39.253	  83.000	  46.819	  58.000	  67.000	ComD1	R	3	51	3	899
5063	6	9	52.000	  79.000	  78.000	  52.667	  45.000	  79.000	AttR1	R	3	50	1	1282
5063	6	10	75.000	  47.173	  73.000	  42.397	  76.000	  40.513	Fill2	R	5	50	3	555
5063	6	11	81.000	  46.444	  57.000	  66.000	  43.744	  86.000	ComD2	R	2	51	2	1711
5063	6	12	48.158	  76.000	  61.000	  60.000	  65.357	  56.000	SimA2	R	6	49	3	1620
5063	6	13	82.000	  45.976	  58.000	  65.000	  43.837	  86.000	ComD2	R	2	51	2	791
5063	6	14	48.635	  74.000	  61.000	  59.000	  66.648	  54.000	SimA2	R	4	50	1	1027
5063	6	15	48.649	  74.000	  60.000	  60.000	  64.286	  56.000	SimA2	R	4	50	1	1484
5063	6	16	47.368	  76.000	  60.000	  60.000	  42.368	  84.969	SimA1	R	2	51	2	1308
5063	6	17	97.000	  39.536	  82.000	  46.768	  59.000	  65.000	ComD1	R	5	50	3	715
5063	6	18	80.000	  47.938	  59.000	  65.000	  44.593	  86.000	ComD2	R	5	49	2	665
5063	6	19	83.000	  46.819	  58.000	  67.000	  45.186	  86.000	ComD2	R	5	49	2	840
5063	6	20	91.000	  38.901	  89.000	  35.112	  92.000	  33.489	Fill1	R	2	49	1	1352
5063	6	21	82.000	  46.768	  59.000	  65.000	  44.593	  86.000	ComD2	R	5	49	2	1572
5063	6	22	39.775	  89.000	  37.775	  79.655	  41.775	  72.579	Fill5	R	5	50	3	1183
5063	6	23	49.000	  80.000	  78.000	  50.256	  42.000	  80.000	AttR1	R	4	49	3	578
5063	6	24	50.000	  72.000	  48.000	  65.083	  51.000	  61.843	Fill4	R	4	50	1	573
5063	6	25	91.000	  39.560	  89.000	  34.865	  93.000	  33.409	Fill1	R	1	49	1	1033
5063	6	26	60.000	  60.000	  58.000	  55.052	  61.000	  51.951	Fill3	R	2	51	2	767
5063	6	27	50.000	  80.000	  82.000	  48.780	  82.000	  39.780	AttR2	R	4	50	1	859
5063	6	28	62.000	  61.000	  60.000	  56.067	  64.000	  52.609	Fill3	R	3	50	1	770
5063	6	29	47.838	  74.000	  59.000	  60.000	  44.838	  78.951	SimA1	R	5	49	2	1356
5063	6	30	82.000	  45.183	  57.000	  65.000	  43.081	  86.000	ComD2	R	5	49	2	875
5063	6	31	92.000	  38.457	  90.000	  33.822	  95.000	  33.000	Fill1	R	3	50	1	834
5063	6	32	48.635	  74.000	  61.000	  59.000	  43.635	  82.479	SimA1	R	3	49	2	771
5063	6	33	49.000	  81.000	  79.000	  50.241	  41.000	  81.000	AttR1	R	6	50	2	525
5063	6	34	49.000	  81.000	  79.000	  50.241	  40.000	  81.000	AttR1	R	3	49	2	523
5063	6	35	50.000	  82.000	  82.000	  50.000	  82.000	  42.000	AttR2	R	5	49	2	575
5063	6	36	49.000	  80.000	  81.000	  48.395	  81.000	  39.395	AttR2	R	4	50	1	515
5063	6	37	60.000	  61.000	  59.000	  53.729	  62.000	  51.032	Fill3	R	2	49	1	624
5063	6	38	96.000	  39.271	  82.000	  45.976	  58.000	  65.000	ComD1	R	4	49	3	1075
5063	6	39	47.368	  76.000	  60.000	  60.000	  63.158	  57.000	SimA2	R	3	51	3	651
5063	6	40	48.000	  75.000	  60.000	  60.000	  63.158	  57.000	SimA2	R	2	49	1	514
5063	6	41	48.000	  79.000	  79.000	  48.000	  40.000	  79.000	AttR1	R	4	50	1	560
5063	6	42	73.000	  48.493	  72.000	  42.306	  75.000	  41.707	Fill2	R	1	49	1	541
5063	6	43	96.000	  39.948	  82.000	  46.768	  59.000	  65.000	ComD1	R	3	51	3	810
5063	6	44	47.368	  76.000	  60.000	  60.000	  43.368	  83.010	SimA1	R	5	49	2	557
5063	6	45	95.000	  39.811	  94.000	  35.894	  98.000	  33.837	Fill1	R	3	50	1	563
5063	6	46	80.000	  47.938	  59.000	  65.000	  43.580	  88.000	ComD2	R	3	50	1	464
5063	6	47	48.000	  79.000	  79.000	  48.000	  79.000	  41.000	AttR2	R	2	49	1	519
5063	6	48	47.671	  73.000	  60.000	  58.000	  44.671	  77.902	SimA1	R	6	51	1	893
5063	6	49	51.000	  79.000	  79.000	  51.000	  79.000	  42.000	AttR2	R	4	50	1	517
5063	6	50	40.000	  90.000	  38.000	  81.263	  42.000	  73.357	Fill5	R	5	50	3	1171
5063	6	51	47.368	  76.000	  60.000	  60.000	  64.286	  56.000	SimA2	R	4	49	3	540
5063	6	52	95.000	  39.000	  81.000	  45.741	  57.000	  65.000	ComD1	R	6	49	3	450
5063	6	53	40.205	  88.000	  38.205	  78.839	  42.205	  71.082	Fill5	R	5	51	1	660
5063	6	54	98.000	  38.388	  81.000	  46.444	  57.000	  66.000	ComD1	R	4	49	3	507
5063	6	55	47.671	  73.000	  60.000	  58.000	  63.273	  55.000	SimA2	R	2	49	1	928
5063	6	56	100.000	  38.860	  84.000	  46.262	  58.000	  67.000	ComD1	R	4	49	3	525
5063	6	57	81.000	  45.741	  57.000	  65.000	  43.081	  86.000	ComD2	R	4	49	3	579
5063	6	58	48.649	  74.000	  60.000	  60.000	  43.649	  82.477	SimA1	R	5	49	2	636
5063	6	59	96.000	  39.948	  80.000	  47.938	  59.000	  65.000	ComD1	R	5	50	3	421
5063	6	60	50.000	  82.000	  82.000	  50.000	  43.000	  82.000	AttR1	R	2	49	1	656
5063	6	61	61.000	  58.000	  58.000	  52.569	  64.000	  48.266	Fill3	R	6	51	1	1504
5063	6	62	91.000	  38.901	  88.000	  34.659	  92.000	  33.804	Fill1	R	4	50	1	693
5063	6	63	50.000	  82.000	  84.000	  48.810	  43.000	  82.000	AttR1	R	2	49	1	597
5063	6	64	97.000	  38.196	  82.000	  45.183	  57.000	  65.000	ComD1	R	4	49	3	472
5063	6	65	49.000	  80.000	  78.000	  50.256	  78.000	  41.256	AttR2	R	1	49	1	472
5063	6	66	52.000	  79.000	  78.000	  52.667	  78.000	  43.667	AttR2	R	5	51	1	536
5063	6	67	76.000	  48.158	  75.000	  43.413	  78.000	  40.654	Fill2	R	1	49	1	581
5063	6	68	48.158	  76.000	  61.000	  60.000	  45.158	  81.049	SimA1	R	4	51	2	800
5063	6	69	97.000	  39.536	  80.000	  47.938	  59.000	  65.000	ComD1	R	1	51	3	604
5063	6	70	50.571	  70.000	  47.571	  64.724	  52.571	  58.054	Fill4	R	2	49	1	725
5063	6	71	52.029	  68.000	  50.029	  62.543	  54.029	  57.302	Fill4	R	6	51	1	634
5063	6	72	51.000	  79.000	  79.000	  51.000	  43.000	  79.000	AttR1	R	6	51	1	1595
5063	6	73	50.833	  72.000	  48.833	  66.307	  51.833	  62.605	Fill4	R	5	51	1	685
5063	6	74	50.000	  80.000	  82.000	  48.780	  41.000	  80.000	AttR1	R	1	49	1	516
5063	6	75	91.000	  40.220	  89.000	  36.618	  93.000	  34.054	Fill1	R	2	49	1	619
5063	6	76	46.740	  77.000	  59.000	  61.000	  64.268	  56.000	SimA2	R	3	51	3	804
5063	6	77	76.000	  47.368	  73.000	  42.616	  79.000	  40.405	Fill2	R	4	50	1	472
5063	6	78	48.961	  76.000	  61.000	  61.000	  66.446	  56.000	SimA2	R	5	51	1	607
5063	6	79	49.000	  81.000	  79.000	  50.241	  79.000	  43.241	AttR2	R	1	49	1	506
5063	6	80	46.740	  77.000	  59.000	  61.000	  43.740	  82.281	SimA1	R	2	51	2	543
5063	6	81	75.000	  47.200	  74.000	  41.743	  78.000	  40.231	Fill2	R	2	49	1	421
5063	6	82	48.961	  76.000	  61.000	  61.000	  45.961	  80.961	SimA1	R	1	50	2	440
5063	6	83	41.109	  92.000	  38.109	  85.335	  43.109	  75.832	Fill5	R	4	51	2	519
5063	6	84	47.838	  74.000	  59.000	  60.000	  63.214	  56.000	SimA2	R	3	49	2	461
5063	6	85	48.000	  75.000	  60.000	  60.000	  43.000	  83.721	SimA1	R	4	51	2	572
5063	6	86	59.000	  60.000	  58.000	  53.810	  60.000	  51.067	Fill3	R	3	50	1	480
5063	6	87	49.000	  80.000	  81.000	  48.395	  42.000	  80.000	AttR1	R	2	49	1	599
5063	6	88	39.333	  90.000	  38.333	  78.496	  40.333	  75.099	Fill5	R	5	50	3	907
5063	6	89	76.000	  49.763	  75.000	  43.907	  78.000	  43.141	Fill2	R	4	50	1	496
5063	6	90	39.783	  92.000	  38.783	  80.577	  40.783	  76.650	Fill5	R	5	50	3	704
5063	7	1	93.000	  41.323	  90.000	  38.033	  95.000	  35.558	Fill1	R	6	51	1	1038
5063	7	2	49.613	  75.000	  61.000	  61.000	  65.281	  57.000	SimA2	R	4	51	2	682
5063	7	3	47.000	  82.000	  82.000	  47.000	  40.000	  82.000	AttR1	R	5	51	1	666
5063	7	4	74.000	  47.838	  71.000	  44.211	  76.000	  40.789	Fill2	R	6	49	3	851
5063	7	5	95.000	  41.737	  82.000	  48.354	  61.000	  65.000	ComD1	R	4	49	3	778
5063	7	6	51.000	  80.000	  80.000	  51.000	  42.000	  80.000	AttR1	R	5	51	1	661
5063	7	7	49.000	  83.000	  85.000	  47.847	  41.000	  83.000	AttR1	R	6	50	2	604
5063	7	8	92.000	  39.783	  90.000	  35.178	  95.000	  33.326	Fill1	R	1	49	1	536
5063	7	9	41.109	  92.000	  40.109	  80.955	  42.109	  77.442	Fill5	R	3	51	3	773
5063	7	10	95.000	  39.684	  82.000	  45.976	  58.000	  65.000	ComD1	R	6	50	2	592
5063	7	11	52.757	  74.000	  50.757	  68.720	  54.757	  63.335	Fill4	R	2	49	1	739
5063	7	12	52.000	  83.000	  83.000	  52.000	  83.000	  44.000	AttR2	R	1	49	1	553
5063	7	13	39.333	  90.000	  37.333	  80.464	  40.333	  74.802	Fill5	R	6	51	1	604
5063	7	14	51.000	  80.000	  80.000	  51.000	  80.000	  44.000	AttR2	R	2	49	1	456
5063	7	15	51.000	  80.000	  81.000	  50.370	  81.000	  42.370	AttR2	R	3	50	1	400
5063	7	16	61.000	  62.000	  60.000	  55.317	  64.000	  52.484	Fill3	R	5	51	1	571
5063	7	17	81.000	  47.259	  58.000	  66.000	  44.512	  86.000	ComD2	R	1	49	1	445
5063	7	18	41.532	  94.000	  39.532	  85.501	  42.532	  78.999	Fill5	R	5	50	3	612
5063	7	19	50.000	  72.000	  49.000	  65.020	  51.000	  61.725	Fill4	R	1	49	1	616
5063	7	20	82.000	  48.354	  61.000	  65.000	  44.551	  89.000	ComD2	R	2	51	2	578
5063	7	21	82.000	  45.976	  58.000	  65.000	  43.333	  87.000	ComD2	R	4	49	3	389
5063	7	22	46.068	  73.000	  59.000	  57.000	  62.278	  54.000	SimA2	R	3	50	1	424
5063	7	23	98.000	  38.469	  81.000	  46.543	  58.000	  65.000	ComD1	R	3	49	2	443
5063	7	24	92.000	  39.130	  91.000	  34.253	  95.000	  32.811	Fill1	R	4	50	1	603
5063	7	25	51.000	  80.000	  81.000	  50.370	  42.000	  80.000	AttR1	R	1	50	2	509
5063	7	26	80.000	  46.400	  58.000	  64.000	  42.667	  87.000	ComD2	R	1	49	1	987
5063	7	27	92.000	  41.109	  90.000	  37.200	  94.000	  35.840	Fill1	R	3	50	1	685
5063	7	28	52.000	  80.000	  78.000	  53.333	  78.000	  45.333	AttR2	R	5	49	2	485
5063	7	29	48.000	  75.000	  60.000	  60.000	  64.286	  56.000	SimA2	R	3	49	2	573
5063	7	30	47.200	  75.000	  59.000	  60.000	  63.214	  56.000	SimA2	R	3	50	1	535
5063	7	31	51.000	  82.000	  83.000	  50.386	  83.000	  41.386	AttR2	R	2	49	1	421
5063	7	32	61.000	  64.000	  59.000	  57.831	  64.000	  53.922	Fill3	R	6	51	1	767
5063	7	33	48.800	  75.000	  60.000	  61.000	  65.357	  56.000	SimA2	R	5	49	2	619
5063	7	34	51.000	  82.000	  80.000	  52.275	  43.000	  82.000	AttR1	R	5	49	2	421
5063	7	35	96.000	  38.667	  80.000	  46.400	  58.000	  64.000	ComD1	R	1	51	3	784
5063	7	36	49.000	  80.000	  82.000	  47.805	  40.000	  80.000	AttR1	R	5	49	2	426
5063	7	37	51.000	  82.000	  80.000	  52.275	  80.000	  45.275	AttR2	R	4	50	1	453
5063	7	38	41.772	  92.000	  38.772	  85.836	  43.772	  75.757	Fill5	R	2	49	1	516
5063	7	39	51.000	  82.000	  83.000	  50.386	  43.000	  82.000	AttR1	R	5	49	2	538
5063	7	40	39.783	  92.000	  38.783	  80.964	  41.783	  75.582	Fill5	R	2	50	3	336
5063	7	41	49.000	  80.000	  82.000	  47.805	  82.000	  39.805	AttR2	R	3	49	2	364
5063	7	42	48.800	  75.000	  61.000	  60.000	  45.800	  79.913	SimA1	R	4	50	1	474
5063	7	43	47.838	  74.000	  60.000	  59.000	  42.838	  82.637	SimA1	R	3	49	2	562
5063	7	44	50.000	  81.000	  83.000	  48.795	  43.000	  81.000	AttR1	R	5	51	1	527
5063	7	45	97.000	  40.144	  82.000	  47.488	  59.000	  66.000	ComD1	R	5	49	2	484
5063	7	46	51.304	  69.000	  49.304	  63.179	  52.304	  58.714	Fill4	R	2	49	1	413
5063	7	47	61.000	  63.000	  59.000	  58.051	  63.000	  54.286	Fill3	R	4	49	3	680
5063	7	48	47.838	  74.000	  60.000	  59.000	  64.364	  55.000	SimA2	R	1	50	2	496
5063	7	49	97.000	  38.268	  80.000	  46.400	  58.000	  64.000	ComD1	R	4	49	3	407
5063	7	50	48.000	  75.000	  60.000	  60.000	  65.455	  55.000	SimA2	R	4	51	2	562
5063	7	51	49.000	  83.000	  85.000	  47.847	  85.000	  40.847	AttR2	R	2	49	1	447
5063	7	52	60.000	  60.000	  59.000	  52.814	  61.000	  52.115	Fill3	R	5	50	3	560
5063	7	53	74.000	  49.459	  72.000	  45.139	  75.000	  43.373	Fill2	R	3	50	1	589
5063	7	54	47.000	  82.000	  82.000	  47.000	  82.000	  40.000	AttR2	R	6	49	3	400
5063	7	55	80.000	  46.400	  58.000	  64.000	  43.163	  86.000	ComD2	R	4	51	2	434
5063	7	56	52.000	  83.000	  83.000	  52.000	  45.000	  83.000	AttR1	R	1	50	2	483
5063	7	57	45.789	  76.000	  58.000	  60.000	  40.789	  85.316	SimA1	R	6	51	1	1043
5063	7	58	47.200	  75.000	  60.000	  59.000	  65.556	  54.000	SimA2	R	5	49	2	531
5063	7	59	48.000	  75.000	  60.000	  60.000	  43.000	  83.721	SimA1	R	4	50	1	520
5063	7	60	48.800	  75.000	  60.000	  61.000	  44.800	  81.696	SimA1	R	6	49	3	813
5063	7	61	51.932	  74.000	  49.932	  68.853	  53.932	  63.802	Fill4	R	1	51	3	663
5063	7	62	94.000	  41.532	  93.000	  36.903	  95.000	  36.305	Fill1	R	1	49	1	3744
5063	7	63	52.000	  80.000	  78.000	  53.333	  45.000	  80.000	AttR1	R	5	51	1	1116
5063	7	64	82.000	  47.488	  59.000	  66.000	  44.250	  88.000	ComD2	R	2	51	2	1130
5063	7	65	95.000	  39.074	  81.000	  45.827	  58.000	  64.000	ComD1	R	1	51	3	1384
5063	7	66	80.000	  45.600	  57.000	  64.000	  43.429	  84.000	ComD2	R	3	49	2	620
5063	7	67	77.000	  49.909	  74.000	  46.054	  78.000	  43.449	Fill2	R	2	49	1	549
5063	7	68	47.200	  75.000	  60.000	  59.000	  43.200	  81.944	SimA1	R	5	49	2	1106
5063	7	69	74.000	  48.649	  73.000	  43.630	  75.000	  41.947	Fill2	R	5	51	1	735
5063	7	70	48.800	  75.000	  61.000	  60.000	  65.357	  56.000	SimA2	R	6	49	3	621
5063	7	71	45.789	  76.000	  58.000	  60.000	  62.143	  56.000	SimA2	R	2	49	1	512
5063	7	72	49.613	  75.000	  61.000	  61.000	  45.613	  81.577	SimA1	R	5	49	2	524
5063	7	73	50.000	  81.000	  83.000	  48.795	  83.000	  41.795	AttR2	R	2	49	1	515
5063	7	74	76.000	  51.368	  74.000	  46.919	  77.000	  44.403	Fill2	R	2	51	2	1536
5063	7	75	48.000	  75.000	  60.000	  60.000	  44.000	  81.818	SimA1	R	2	49	1	613
5063	7	76	97.000	  37.526	  81.000	  44.938	  56.000	  65.000	ComD1	R	4	49	3	568
5063	7	77	76.000	  49.763	  75.000	  44.573	  77.000	  42.675	Fill2	R	6	51	1	755
5063	7	78	99.000	  38.667	  81.000	  47.259	  58.000	  66.000	ComD1	R	3	51	3	808
5063	7	79	81.000	  44.938	  56.000	  65.000	  43.333	  84.000	ComD2	R	4	51	2	811
5063	7	80	81.000	  45.827	  58.000	  64.000	  42.667	  87.000	ComD2	R	5	49	2	605
5063	7	81	94.000	  38.809	  80.000	  45.600	  57.000	  64.000	ComD1	R	5	49	2	399
5063	7	82	60.000	  59.000	  57.000	  54.491	  61.000	  50.967	Fill3	R	5	51	1	915
5063	7	83	60.000	  61.000	  58.000	  55.793	  63.000	  51.238	Fill3	R	3	50	1	528
5063	7	84	47.200	  75.000	  59.000	  60.000	  42.200	  83.886	SimA1	R	4	49	3	460
5063	7	85	91.000	  38.901	  89.000	  34.944	  93.000	  33.699	Fill1	R	5	49	2	516
5063	7	86	40.000	  90.000	  38.000	  80.658	  42.000	  73.357	Fill5	R	3	50	1	490
5063	7	87	50.137	  73.000	  49.137	  64.982	  51.137	  63.398	Fill4	R	2	49	1	498
5063	7	88	81.000	  46.543	  58.000	  65.000	  44.353	  85.000	ComD2	R	6	49	3	434
5063	7	89	46.068	  73.000	  59.000	  57.000	  43.068	  78.085	SimA1	R	5	50	3	330
5063	7	90	51.108	  74.000	  48.108	  68.263	  52.108	  64.424	Fill4	R	1	49	1	639
5063	8	1	40.864	  88.000	  39.864	  76.436	  41.864	  73.620	Fill5	R	5	51	1	581
5063	8	2	47.532	  77.000	  60.000	  61.000	  65.357	  56.000	SimA2	R	5	49	2	455
5063	8	3	81.000	  44.938	  56.000	  65.000	  43.333	  84.000	ComD2	R	3	49	2	360
5063	8	4	50.000	  79.000	  79.000	  50.000	  43.000	  79.000	AttR1	R	3	50	1	421
5063	8	5	78.000	  46.103	  76.000	  41.408	  79.000	  40.291	Fill2	R	5	49	2	599
5063	8	6	47.685	  73.000	  59.000	  59.000	  44.685	  77.901	SimA1	R	3	50	1	386
5063	8	7	48.000	  82.000	  81.000	  48.593	  39.000	  82.000	AttR1	R	6	50	2	485
5063	8	8	40.227	  88.000	  38.227	  78.949	  41.227	  73.665	Fill5	R	5	49	2	485
5063	8	9	50.000	  80.000	  81.000	  49.383	  81.000	  41.383	AttR2	R	4	50	1	333
5063	8	10	59.000	  60.000	  56.000	  55.161	  62.000	  49.806	Fill3	R	3	50	1	595
5063	8	11	75.000	  48.800	  73.000	  43.342	  76.000	  42.566	Fill2	R	4	50	1	341
5063	8	12	38.427	  89.000	  36.427	  79.721	  39.427	  73.858	Fill5	R	2	49	1	635
5063	8	13	47.041	  74.000	  59.000	  59.000	  64.463	  54.000	SimA2	R	2	50	3	499
5063	8	14	49.000	  83.000	  81.000	  50.210	  81.000	  41.210	AttR2	R	4	51	2	907
5063	8	15	94.000	  40.170	  80.000	  47.200	  59.000	  64.000	ComD1	R	5	50	3	591
5063	8	16	95.000	  39.811	  94.000	  35.585	  96.000	  34.656	Fill1	R	3	50	1	771
5063	8	17	53.268	  71.000	  52.268	  63.060	  54.268	  61.510	Fill4	R	3	51	3	837
5063	8	18	47.027	  74.000	  60.000	  58.000	  43.027	  80.879	SimA1	R	2	49	1	725
5063	8	19	76.000	  46.579	  73.000	  42.767	  77.000	  39.844	Fill2	R	2	49	1	779
5063	8	20	46.553	  76.000	  58.000	  61.000	  43.553	  81.235	SimA1	R	4	49	3	541
5063	8	21	47.532	  77.000	  60.000	  61.000	  43.532	  84.075	SimA1	R	3	49	2	946
5063	8	22	49.763	  76.000	  62.000	  61.000	  46.763	  80.876	SimA1	R	4	49	3	816
5063	8	23	95.000	  39.684	  81.000	  46.543	  58.000	  65.000	ComD1	R	1	50	2	603
5063	8	24	47.000	  79.000	  79.000	  47.000	  79.000	  38.000	AttR2	R	5	49	2	708
5063	8	25	97.000	  38.866	  81.000	  46.543	  58.000	  65.000	ComD1	R	1	50	2	570
5063	8	26	76.000	  49.763	  74.000	  45.419	  77.000	  43.000	Fill2	R	4	50	1	693
5063	8	27	81.000	  46.543	  58.000	  65.000	  44.353	  85.000	ComD2	R	6	50	2	789
5063	8	28	62.000	  61.000	  59.000	  57.017	  63.000	  53.000	Fill3	R	4	51	2	640
5063	8	29	50.000	  79.000	  79.000	  50.000	  79.000	  42.000	AttR2	R	2	49	1	1401
5063	8	30	94.000	  39.489	  81.000	  45.827	  58.000	  64.000	ComD1	R	3	49	2	1186
5063	8	31	80.000	  47.200	  59.000	  64.000	  43.402	  87.000	ComD2	R	1	50	2	676
5063	8	32	93.000	  38.667	  90.000	  34.778	  94.000	  33.670	Fill1	R	4	50	1	676
5063	8	33	41.560	  91.000	  39.560	  82.962	  42.560	  76.409	Fill5	R	3	50	1	1029
5063	8	34	49.859	  71.000	  48.859	  63.857	  50.859	  60.461	Fill4	R	5	51	1	648
5063	8	35	60.000	  59.000	  57.000	  54.439	  62.000	  49.903	Fill3	R	4	50	1	488
5063	8	36	48.000	  82.000	  81.000	  48.593	  81.000	  39.593	AttR2	R	3	50	1	487
5063	8	37	46.579	  76.000	  59.000	  60.000	  64.364	  55.000	SimA2	R	4	50	1	543
5063	8	38	47.000	  80.000	  78.000	  48.205	  78.000	  40.205	AttR2	R	5	49	2	517
5063	8	39	53.000	  78.000	  79.000	  52.329	  79.000	  45.329	AttR2	R	2	49	1	579
5063	8	40	52.000	  81.000	  80.000	  52.650	  80.000	  43.650	AttR2	R	4	51	2	781
5063	8	41	62.000	  58.000	  60.000	  52.017	  63.000	  49.349	Fill3	R	3	50	1	464
5063	8	42	98.000	  37.143	  81.000	  44.938	  56.000	  65.000	ComD1	R	1	51	3	664
5063	8	43	60.000	  61.000	  59.000	  54.034	  61.000	  53.016	Fill3	R	4	50	1	560
5063	8	44	51.549	  71.000	  49.549	  64.703	  53.549	  59.571	Fill4	R	5	51	1	1165
5063	8	45	100.000	  39.530	  83.000	  47.627	  59.000	  67.000	ComD1	R	1	51	3	672
5063	8	46	50.000	  82.000	  80.000	  51.250	  41.000	  82.000	AttR1	R	4	50	1	743
5063	8	47	92.000	  39.783	  91.000	  35.044	  93.000	  35.011	Fill1	R	3	50	1	764
5063	8	48	47.000	  80.000	  78.000	  48.205	  38.000	  80.000	AttR1	R	1	50	2	1410
5063	8	49	83.000	  47.627	  59.000	  67.000	  44.920	  88.000	ComD2	R	1	50	2	692
5063	8	50	50.000	  80.000	  81.000	  49.383	  42.000	  80.000	AttR1	R	4	50	1	916
5063	8	51	48.857	  70.000	  47.857	  62.373	  50.857	  58.084	Fill4	R	2	49	1	1115
5063	8	52	96.000	  39.188	  81.000	  46.444	  57.000	  66.000	ComD1	R	2	49	1	760
5063	8	53	95.000	  39.000	  80.000	  46.312	  57.000	  65.000	ComD1	R	5	50	3	748
5063	8	54	50.000	  80.000	  82.000	  48.780	  42.000	  80.000	AttR1	R	5	51	1	691
5063	8	55	73.000	  48.493	  71.000	  43.817	  74.000	  41.568	Fill2	R	2	49	1	514
5063	8	56	50.000	  82.000	  80.000	  51.250	  80.000	  43.250	AttR2	R	5	49	2	1008
5063	8	57	47.027	  74.000	  60.000	  58.000	  63.273	  55.000	SimA2	R	2	51	2	818
5063	8	58	52.116	  69.000	  51.116	  60.901	  53.116	  59.624	Fill4	R	2	49	1	564
5063	8	59	46.579	  76.000	  59.000	  60.000	  42.579	  83.140	SimA1	R	3	50	1	431
5063	8	60	47.041	  74.000	  59.000	  59.000	  44.041	  79.041	SimA1	R	5	50	3	624
5063	8	61	48.773	  75.000	  62.000	  59.000	  45.773	  79.916	SimA1	R	1	49	1	442
5063	8	62	73.000	  46.849	  71.000	  41.775	  74.000	  39.986	Fill2	R	5	51	1	1011
5063	8	63	47.685	  73.000	  59.000	  59.000	  64.463	  54.000	SimA2	R	5	49	2	685
5063	8	64	49.000	  83.000	  81.000	  50.210	  42.000	  83.000	AttR1	R	6	50	2	1325
5063	8	65	97.000	  39.464	  82.000	  46.683	  58.000	  66.000	ComD1	R	4	49	3	2955
5063	8	66	39.333	  90.000	  38.333	  78.861	  41.333	  73.210	Fill5	R	3	50	1	3311
5063	8	67	49.944	  72.000	  62.000	  58.000	  45.944	  78.268	SimA1	R	3	49	2	2668
5063	8	68	47.000	  79.000	  79.000	  47.000	  39.000	  79.000	AttR1	R	2	49	1	620
5063	8	69	98.000	  38.469	  82.000	  45.976	  58.000	  65.000	ComD1	R	3	51	3	696
5063	8	70	50.000	  80.000	  82.000	  48.780	  82.000	  40.780	AttR2	R	6	51	1	616
5063	8	71	81.000	  46.543	  58.000	  65.000	  43.333	  87.000	ComD2	R	5	49	2	547
5063	8	72	92.000	  38.478	  89.000	  34.528	  95.000	  32.432	Fill1	R	4	50	1	448
5063	8	73	81.000	  45.827	  58.000	  64.000	  42.667	  87.000	ComD2	R	4	49	3	480
5063	8	74	90.000	  38.000	  87.000	  34.172	  93.000	  31.462	Fill1	R	6	50	2	657
5063	8	75	57.000	  60.000	  56.000	  52.607	  59.000	  50.576	Fill3	R	5	51	1	664
5063	8	76	53.000	  78.000	  79.000	  52.329	  46.000	  78.000	AttR1	R	2	49	1	551
5063	8	77	49.763	  76.000	  62.000	  61.000	  66.351	  57.000	SimA2	R	1	50	2	620
5063	8	78	49.944	  72.000	  62.000	  58.000	  65.382	  55.000	SimA2	R	3	50	1	488
5063	8	79	47.692	  78.000	  60.000	  62.000	  65.263	  57.000	SimA2	R	2	50	3	1000
5063	8	80	40.220	  91.000	  37.220	  84.203	  42.220	  74.183	Fill5	R	4	49	3	2003
5063	8	81	80.000	  46.312	  57.000	  65.000	  43.588	  85.000	ComD2	R	3	50	1	3557
5063	8	82	49.859	  71.000	  47.859	  64.941	  50.859	  60.422	Fill4	R	3	50	1	755
5063	8	83	92.000	  38.478	  91.000	  34.451	  95.000	  32.232	Fill1	R	2	49	1	656
5063	8	84	82.000	  46.683	  58.000	  66.000	  45.035	  85.000	ComD2	R	3	49	2	640
5063	8	85	82.000	  45.976	  58.000	  65.000	  43.333	  87.000	ComD2	R	6	50	2	1320
5063	8	86	48.773	  75.000	  62.000	  59.000	  66.509	  55.000	SimA2	R	2	50	3	629
5063	8	87	52.000	  81.000	  80.000	  52.650	  45.000	  81.000	AttR1	R	1	49	1	631
5063	8	88	47.692	  78.000	  60.000	  62.000	  44.692	  83.236	SimA1	R	3	49	2	562
5063	8	89	81.000	  46.444	  57.000	  66.000	  43.744	  86.000	ComD2	R	3	50	1	455
5063	8	90	46.553	  76.000	  58.000	  61.000	  62.070	  57.000	SimA2	R	6	50	2	719
