username: S86, Experiment time (minutes): 20
Operating system: Mac OS 10.8.5
Manufacturer: Google Pepper
Player type: PlugIn
Version: MAC 13,0,0,206

username	blkNum	trlNum	Rect1Height	Rect1Width	Rect2Height	Rect2Width	Rect3Height	Rect3Width	Effect	StimType	StimPosition	rawResp	response	RT
2716	0	1	59.000	  59.000	  58.000	  52.224	  60.000	  49.917	Fill3	R	1	49	1	7334
2716	0	2	77.000	  49.117	  74.000	  44.432	  79.000	  41.734	Fill2	R	3	50	1	2843
2716	0	3	90.000	  38.633	  88.000	  34.398	  91.000	  33.473	Fill1	R	1	49	1	3381
2716	1	1	46.000	  80.000	  81.000	  45.432	  39.000	  80.000	AttR1	R	1	49	1	1700
2716	1	2	50.690	  71.000	  49.690	  62.970	  52.690	  58.835	Fill4	R	6	49	3	1232
2716	1	3	92.000	  39.120	  91.000	  34.429	  94.000	  33.362	Fill1	R	5	51	1	2074
2716	1	4	81.000	  46.543	  58.000	  65.000	  43.837	  86.000	ComD2	R	1	49	1	1131
2716	1	5	76.000	  48.158	  75.000	  42.493	  77.000	  41.351	Fill2	R	1	49	1	712
2716	1	6	47.671	  73.000	  60.000	  58.000	  64.444	  54.000	SimA2	R	6	49	3	2566
2716	1	7	50.000	  80.000	  80.000	  50.000	  42.000	  80.000	AttR1	R	5	49	2	1169
2716	1	8	101.000	  39.050	  85.000	  46.400	  58.000	  68.000	ComD1	R	6	51	1	3379
2716	1	9	49.000	  82.000	  84.000	  47.833	  40.000	  82.000	AttR1	R	4	51	2	1910
2716	1	10	52.000	  76.000	  74.000	  53.405	  74.000	  44.405	AttR2	R	1	49	1	939
2716	1	11	95.000	  39.684	  80.000	  47.125	  58.000	  65.000	ComD1	R	5	49	2	713
2716	1	12	48.635	  74.000	  61.000	  59.000	  66.648	  54.000	SimA2	R	4	49	3	582
2716	1	13	48.635	  74.000	  61.000	  59.000	  44.635	  80.632	SimA1	R	4	49	3	721
2716	1	14	49.714	  70.000	  47.714	  63.419	  50.714	  60.042	Fill4	R	3	50	1	1911
2716	1	15	59.000	  58.000	  56.000	  52.964	  60.000	  50.367	Fill3	R	4	49	3	1507
2716	1	16	73.000	  49.301	  70.000	  45.086	  76.000	  41.697	Fill2	R	5	50	3	1968
2716	1	17	48.800	  75.000	  61.000	  60.000	  45.800	  79.913	SimA1	R	6	49	3	1258
2716	1	18	50.833	  72.000	  48.833	  64.853	  51.833	  62.045	Fill4	R	2	49	1	602
2716	1	19	41.101	  89.000	  39.101	  80.126	  42.101	  73.917	Fill5	R	4	49	3	566
2716	1	20	83.000	  46.120	  58.000	  66.000	  45.035	  85.000	ComD2	R	5	50	3	1265
2716	1	21	97.000	  38.268	  80.000	  46.400	  58.000	  64.000	ComD1	R	1	49	1	969
2716	1	22	47.838	  74.000	  59.000	  60.000	  64.364	  55.000	SimA2	R	6	49	3	1338
2716	1	23	97.000	  38.866	  81.000	  46.543	  58.000	  65.000	ComD1	R	2	50	3	936
2716	1	24	82.000	  45.183	  57.000	  65.000	  43.081	  86.000	ComD2	R	6	50	2	2013
2716	1	25	49.000	  79.000	  81.000	  47.790	  81.000	  39.790	AttR2	R	2	49	1	713
2716	1	26	47.355	  76.000	  59.000	  61.000	  62.052	  58.000	SimA2	R	6	49	3	629
2716	1	27	98.000	  37.806	  82.000	  45.183	  57.000	  65.000	ComD1	R	5	50	3	1465
2716	1	28	52.000	  79.000	  77.000	  53.351	  77.000	  45.351	AttR2	R	5	49	2	825
2716	1	29	50.000	  80.000	  80.000	  50.000	  80.000	  42.000	AttR2	R	2	49	1	587
2716	1	30	47.685	  73.000	  59.000	  59.000	  43.685	  79.684	SimA1	R	1	49	1	487
2716	1	31	79.000	  46.177	  57.000	  64.000	  43.429	  84.000	ComD2	R	3	49	2	606
2716	1	32	45.627	  75.000	  58.000	  59.000	  61.107	  56.000	SimA2	R	4	49	3	417
2716	1	33	46.000	  80.000	  81.000	  45.432	  81.000	  38.432	AttR2	R	2	49	1	396
2716	1	34	47.671	  73.000	  60.000	  58.000	  43.671	  79.686	SimA1	R	6	49	3	469
2716	1	35	98.000	  39.796	  82.000	  47.561	  60.000	  65.000	ComD1	R	4	49	3	502
2716	1	36	50.000	  81.000	  82.000	  49.390	  42.000	  81.000	AttR1	R	2	49	1	219
2716	1	37	52.000	  79.000	  77.000	  53.351	  43.000	  79.000	AttR1	R	5	49	2	294
2716	1	38	39.120	  92.000	  38.120	  80.169	  41.120	  74.539	Fill5	R	4	49	3	229
2716	1	39	96.000	  39.875	  81.000	  47.259	  58.000	  66.000	ComD1	R	3	49	2	601
2716	1	40	51.240	  75.000	  63.000	  61.000	  47.240	  81.351	SimA1	R	2	49	1	330
2716	1	41	50.000	  80.000	  78.000	  51.282	  78.000	  44.282	AttR2	R	5	49	2	424
2716	1	42	50.000	  81.000	  82.000	  49.390	  82.000	  41.390	AttR2	R	5	49	2	450
2716	1	43	85.000	  46.400	  58.000	  68.000	  46.400	  85.000	ComD2	R	5	49	2	483
2716	1	44	60.000	  58.000	  58.000	  52.103	  63.000	  47.810	Fill3	R	4	50	1	875
2716	1	45	61.000	  60.000	  59.000	  54.915	  62.000	  52.242	Fill3	R	5	51	1	1154
2716	1	46	81.000	  47.259	  58.000	  66.000	  44.512	  86.000	ComD2	R	5	49	2	664
2716	1	47	75.000	  45.627	  73.000	  41.288	  77.000	  38.325	Fill2	R	4	50	1	1361
2716	1	48	78.000	  46.897	  76.000	  42.000	  80.000	  39.587	Fill2	R	3	50	1	621
2716	1	49	50.000	  80.000	  78.000	  51.282	  43.000	  80.000	AttR1	R	2	49	1	648
2716	1	50	96.000	  39.271	  82.000	  45.976	  58.000	  65.000	ComD1	R	3	49	2	400
2716	1	51	49.000	  80.000	  81.000	  48.395	  81.000	  41.395	AttR2	R	2	49	1	707
2716	1	52	47.838	  74.000	  59.000	  60.000	  43.838	  80.752	SimA1	R	5	49	2	609
2716	1	53	45.627	  75.000	  58.000	  59.000	  42.627	  80.278	SimA1	R	6	50	2	1139
2716	1	54	53.000	  80.000	  81.000	  52.346	  45.000	  80.000	AttR1	R	5	49	2	896
2716	1	55	48.325	  77.000	  61.000	  61.000	  45.325	  82.097	SimA1	R	5	50	3	1465
2716	1	56	51.240	  75.000	  63.000	  61.000	  66.259	  58.000	SimA2	R	4	49	3	737
2716	1	57	80.000	  46.400	  58.000	  64.000	  43.671	  85.000	ComD2	R	4	50	1	798
2716	1	58	92.000	  37.826	  91.000	  33.055	  93.000	  32.376	Fill1	R	5	51	1	1393
2716	1	59	59.000	  61.000	  57.000	  55.509	  60.000	  52.300	Fill3	R	4	49	3	1811
2716	1	60	82.000	  47.561	  60.000	  65.000	  44.318	  88.000	ComD2	R	4	50	1	910
2716	1	61	46.579	  76.000	  59.000	  60.000	  62.105	  57.000	SimA2	R	5	49	2	747
2716	1	62	92.000	  37.196	  89.000	  33.607	  93.000	  31.742	Fill1	R	5	50	3	776
2716	1	63	52.000	  76.000	  74.000	  53.405	  44.000	  76.000	AttR1	R	4	50	1	747
2716	1	64	92.000	  39.120	  91.000	  34.132	  95.000	  32.916	Fill1	R	4	50	1	609
2716	1	65	39.545	  88.000	  37.545	  79.077	  40.545	  72.388	Fill5	R	2	49	1	610
2716	1	66	80.000	  47.125	  58.000	  65.000	  44.353	  85.000	ComD2	R	5	49	2	725
2716	1	67	48.800	  75.000	  61.000	  60.000	  66.545	  55.000	SimA2	R	4	50	1	675
2716	1	68	38.886	  88.000	  35.886	  81.312	  40.886	  70.610	Fill5	R	4	50	1	803
2716	1	69	40.667	  90.000	  37.667	  83.841	  42.667	  73.852	Fill5	R	2	49	1	782
2716	1	70	49.000	  79.000	  81.000	  47.790	  42.000	  79.000	AttR1	R	3	49	2	617
2716	1	71	48.886	  70.000	  47.886	  62.628	  49.886	  60.037	Fill4	R	2	49	1	546
2716	1	72	62.000	  59.000	  60.000	  52.850	  63.000	  50.381	Fill3	R	2	49	1	464
2716	1	73	49.000	  80.000	  81.000	  48.395	  42.000	  80.000	AttR1	R	4	49	3	456
2716	1	74	75.000	  46.400	  74.000	  40.986	  76.000	  40.487	Fill2	R	6	49	3	464
2716	1	75	49.000	  82.000	  84.000	  47.833	  84.000	  40.833	AttR2	R	2	49	1	417
2716	1	76	47.355	  76.000	  59.000	  61.000	  42.355	  84.972	SimA1	R	3	49	2	531
2716	1	77	92.000	  39.783	  89.000	  36.315	  93.000	  34.753	Fill1	R	5	50	3	649
2716	1	78	48.325	  77.000	  61.000	  61.000	  65.281	  57.000	SimA2	R	2	50	3	601
2716	1	79	47.685	  73.000	  59.000	  59.000	  62.161	  56.000	SimA2	R	5	50	3	531
2716	1	80	53.000	  80.000	  81.000	  52.346	  81.000	  43.346	AttR2	R	6	50	2	554
2716	1	81	59.000	  61.000	  56.000	  57.018	  61.000	  51.197	Fill3	R	4	50	1	438
2716	1	82	49.986	  72.000	  48.986	  65.141	  51.986	  61.497	Fill4	R	2	50	3	590
2716	1	83	82.000	  45.976	  58.000	  65.000	  43.837	  86.000	ComD2	R	3	50	1	713
2716	1	84	95.000	  38.505	  92.000	  35.033	  97.000	  32.948	Fill1	R	3	50	1	725
2716	1	85	53.014	  69.000	  50.014	  65.041	  54.014	  58.632	Fill4	R	3	50	1	699
2716	1	86	75.000	  47.987	  72.000	  44.319	  77.000	  41.208	Fill2	R	6	50	2	665
2716	1	87	46.579	  76.000	  59.000	  60.000	  43.579	  81.232	SimA1	R	4	50	1	561
2716	1	88	97.000	  39.464	  83.000	  46.120	  58.000	  66.000	ComD1	R	6	49	3	1150
2716	1	89	95.000	  38.400	  79.000	  46.177	  57.000	  64.000	ComD1	R	5	49	2	563
2716	1	90	39.989	  90.000	  38.989	  78.304	  41.989	  73.734	Fill5	R	4	49	3	632
2716	2	1	39.112	  89.000	  37.112	  79.623	  40.112	  73.693	Fill5	R	3	50	1	5301
2716	2	2	51.000	  80.000	  79.000	  51.646	  44.000	  80.000	AttR1	R	6	50	2	698
2716	2	3	98.000	  39.735	  81.000	  48.074	  59.000	  66.000	ComD1	R	3	49	2	1026
2716	2	4	95.000	  39.684	  80.000	  47.125	  58.000	  65.000	ComD1	R	2	50	3	990
2716	2	5	52.000	  78.000	  80.000	  50.700	  80.000	  42.700	AttR2	R	3	49	2	865
2716	2	6	84.000	  46.262	  58.000	  67.000	  45.718	  85.000	ComD2	R	6	50	2	1465
2716	2	7	96.000	  39.333	  80.000	  47.200	  59.000	  64.000	ComD1	R	4	50	1	1721
2716	2	8	57.000	  59.000	  54.000	  54.037	  59.000	  48.593	Fill3	R	2	49	1	1062
2716	2	9	49.000	  78.000	  77.000	  49.636	  42.000	  78.000	AttR1	R	3	49	2	1014
2716	2	10	81.000	  47.407	  60.000	  64.000	  43.146	  89.000	ComD2	R	3	50	1	865
2716	2	11	79.000	  46.177	  57.000	  64.000	  42.419	  86.000	ComD2	R	2	51	2	1561
2716	2	12	47.368	  76.000	  60.000	  60.000	  64.286	  56.000	SimA2	R	4	49	3	742
2716	2	13	100.000	  38.860	  84.000	  46.262	  58.000	  67.000	ComD1	R	3	49	2	914
2716	2	14	91.000	  38.901	  89.000	  34.742	  92.000	  33.957	Fill1	R	2	49	1	1256
2716	2	15	49.859	  71.000	  48.859	  64.000	  50.859	  61.739	Fill4	R	4	50	1	1017
2716	2	16	48.739	  69.000	  46.739	  62.432	  50.739	  57.037	Fill4	R	1	49	1	1019
2716	2	17	52.000	  79.000	  79.000	  52.000	  45.000	  79.000	AttR1	R	6	50	2	2277
2716	2	18	47.811	  74.000	  61.000	  58.000	  64.327	  55.000	SimA2	R	6	50	2	2389
2716	2	19	38.216	  88.000	  36.216	  77.728	  40.216	  70.569	Fill5	R	4	50	1	985
2716	2	20	37.753	  89.000	  36.753	  77.028	  39.753	  71.919	Fill5	R	6	49	3	2506
2716	2	21	49.000	  79.000	  77.000	  50.273	  40.000	  79.000	AttR1	R	2	49	1	1153
2716	2	22	47.200	  75.000	  59.000	  60.000	  42.200	  83.886	SimA1	R	2	49	1	693
2716	2	23	90.000	  37.367	  88.000	  33.170	  92.000	  31.293	Fill1	R	3	50	1	837
2716	2	24	48.325	  77.000	  61.000	  61.000	  64.155	  58.000	SimA2	R	1	49	1	1022
2716	2	25	81.000	  46.543	  58.000	  65.000	  43.333	  87.000	ComD2	R	4	50	1	793
2716	2	26	47.368	  76.000	  60.000	  60.000	  63.158	  57.000	SimA2	R	2	49	1	987
2716	2	27	53.000	  81.000	  82.000	  52.354	  46.000	  81.000	AttR1	R	4	50	1	678
2716	2	28	49.282	  78.000	  62.000	  62.000	  65.153	  59.000	SimA2	R	5	50	3	613
2716	2	29	47.368	  76.000	  60.000	  60.000	  42.368	  84.969	SimA1	R	3	49	2	1473
2716	2	30	81.000	  47.346	  59.000	  65.000	  43.580	  88.000	ComD2	R	5	49	2	736
2716	2	31	47.811	  74.000	  61.000	  58.000	  42.811	  82.643	SimA1	R	2	49	1	686
2716	2	32	76.000	  49.763	  73.000	  45.479	  77.000	  43.532	Fill2	R	4	49	3	629
2716	2	33	80.000	  47.200	  59.000	  64.000	  43.402	  87.000	ComD2	R	3	50	1	600
2716	2	34	48.132	  76.000	  59.000	  62.000	  63.069	  58.000	SimA2	R	5	50	3	427
2716	2	35	47.000	  81.000	  81.000	  47.000	  38.000	  81.000	AttR1	R	5	50	3	557
2716	2	36	82.000	  45.878	  57.000	  66.000	  44.786	  84.000	ComD2	R	5	50	3	586
2716	2	37	71.000	  47.324	  68.000	  43.132	  73.000	  40.164	Fill2	R	2	51	2	1245
2716	2	38	40.890	  91.000	  39.890	  80.747	  42.890	  74.563	Fill5	R	3	49	2	982
2716	2	39	59.000	  59.000	  58.000	  52.103	  61.000	  50.098	Fill3	R	1	49	1	785
2716	2	40	41.109	  92.000	  40.109	  80.606	  43.109	  75.112	Fill5	R	5	49	2	627
2716	2	41	47.200	  75.000	  59.000	  60.000	  64.364	  55.000	SimA2	R	6	49	3	661
2716	2	42	61.000	  61.000	  59.000	  55.237	  63.000	  52.476	Fill3	R	1	50	2	726
2716	2	43	49.459	  74.000	  61.000	  60.000	  64.211	  57.000	SimA2	R	1	50	2	578
2716	2	44	95.000	  39.684	  81.000	  46.543	  58.000	  65.000	ComD1	R	3	50	1	479
2716	2	45	50.000	  79.000	  81.000	  48.765	  41.000	  79.000	AttR1	R	2	50	3	758
2716	2	46	52.528	  72.000	  51.528	  64.354	  54.528	  61.272	Fill4	R	4	51	2	1603
2716	2	47	49.000	  78.000	  77.000	  49.636	  77.000	  40.636	AttR2	R	2	49	1	702
2716	2	48	56.000	  60.000	  53.000	  54.340	  59.000	  49.763	Fill3	R	4	50	1	810
2716	2	49	47.000	  81.000	  81.000	  47.000	  81.000	  40.000	AttR2	R	4	50	1	839
2716	2	50	49.000	  78.000	  77.000	  49.636	  77.000	  41.636	AttR2	R	1	49	1	902
2716	2	51	50.973	  73.000	  47.973	  67.351	  51.973	  62.822	Fill4	R	2	49	1	626
2716	2	52	59.000	  60.000	  57.000	  53.509	  60.000	  51.667	Fill3	R	3	49	2	854
2716	2	53	53.000	  81.000	  82.000	  52.354	  82.000	  44.354	AttR2	R	4	50	1	702
2716	2	54	49.282	  78.000	  62.000	  62.000	  45.282	  84.890	SimA1	R	2	49	1	699
2716	2	55	62.000	  61.000	  61.000	  54.705	  65.000	  51.523	Fill3	R	5	50	3	1265
2716	2	56	47.532	  77.000	  60.000	  61.000	  63.103	  58.000	SimA2	R	1	51	3	1168
2716	2	57	80.000	  47.125	  58.000	  65.000	  43.837	  86.000	ComD2	R	1	49	1	699
2716	2	58	52.000	  78.000	  80.000	  50.700	  45.000	  78.000	AttR1	R	6	49	3	712
2716	2	59	75.000	  46.413	  73.000	  42.192	  76.000	  40.118	Fill2	R	5	49	2	477
2716	2	60	89.000	  37.753	  87.000	  33.448	  92.000	  31.891	Fill1	R	2	50	3	653
2716	2	61	52.000	  79.000	  79.000	  52.000	  79.000	  44.000	AttR2	R	3	50	1	669
2716	2	62	77.000	  48.325	  75.000	  44.267	  79.000	  41.278	Fill2	R	5	50	3	566
2716	2	63	71.000	  47.366	  70.000	  41.714	  72.000	  40.444	Fill2	R	3	50	1	536
2716	2	64	81.000	  46.543	  58.000	  65.000	  43.837	  86.000	ComD2	R	2	50	3	414
2716	2	65	48.000	  78.000	  77.000	  48.623	  40.000	  78.000	AttR1	R	3	49	2	793
2716	2	66	49.000	  79.000	  77.000	  50.273	  77.000	  42.273	AttR2	R	2	49	1	730
2716	2	67	81.000	  48.074	  59.000	  66.000	  44.759	  87.000	ComD2	R	3	49	2	786
2716	2	68	94.000	  40.234	  91.000	  37.154	  95.000	  35.232	Fill1	R	4	50	1	994
2716	2	69	47.838	  74.000	  60.000	  59.000	  63.214	  56.000	SimA2	R	4	49	3	1022
2716	2	70	47.368	  76.000	  60.000	  60.000	  42.368	  84.969	SimA1	R	2	49	1	928
2716	2	71	73.000	  48.493	  70.000	  44.571	  76.000	  40.066	Fill2	R	6	50	2	838
2716	2	72	49.028	  71.000	  48.028	  62.172	  50.028	  59.606	Fill4	R	2	49	1	749
2716	2	73	39.775	  89.000	  38.775	  77.188	  40.775	  74.310	Fill5	R	6	50	2	770
2716	2	74	96.000	  39.188	  82.000	  45.878	  57.000	  66.000	ComD1	R	2	50	3	718
2716	2	75	49.000	  78.000	  77.000	  49.636	  41.000	  78.000	AttR1	R	2	50	3	603
2716	2	76	48.325	  77.000	  61.000	  61.000	  43.325	  85.886	SimA1	R	5	51	1	606
2716	2	77	46.667	  72.000	  43.667	  67.328	  48.667	  59.630	Fill4	R	4	50	1	577
2716	2	78	47.532	  77.000	  60.000	  61.000	  42.532	  86.052	SimA1	R	3	49	2	1123
2716	2	79	51.000	  80.000	  79.000	  51.646	  79.000	  42.646	AttR2	R	6	51	1	1041
2716	2	80	90.000	  38.678	  87.000	  34.460	  91.000	  33.615	Fill1	R	4	50	1	729
2716	2	81	49.459	  74.000	  61.000	  60.000	  46.459	  78.778	SimA1	R	6	50	2	1517
2716	2	82	50.000	  79.000	  81.000	  48.765	  81.000	  41.765	AttR2	R	1	49	1	690
2716	2	83	95.000	  40.421	  81.000	  47.407	  60.000	  64.000	ComD1	R	4	50	1	1138
2716	2	84	48.000	  78.000	  77.000	  48.623	  77.000	  39.623	AttR2	R	5	49	2	2801
2716	2	85	94.000	  38.809	  79.000	  46.177	  57.000	  64.000	ComD1	R	4	49	3	914
2716	2	86	47.838	  74.000	  60.000	  59.000	  43.838	  80.752	SimA1	R	3	50	1	1232
2716	2	87	48.132	  76.000	  59.000	  62.000	  45.132	  81.052	SimA1	R	1	50	2	2905
2716	2	88	92.000	  40.446	  89.000	  37.169	  95.000	  34.842	Fill1	R	1	49	1	2341
2716	2	89	96.000	  39.948	  81.000	  47.346	  59.000	  65.000	ComD1	R	2	49	1	1010
2716	2	90	96.000	  39.271	  81.000	  46.543	  58.000	  65.000	ComD1	R	1	49	1	2589
2716	3	1	49.000	  80.000	  82.000	  47.805	  82.000	  38.805	AttR2	R	3	49	2	2318
2716	3	2	91.000	  36.967	  90.000	  32.867	  93.000	  31.022	Fill1	R	5	51	1	1738
2716	3	3	50.000	  82.000	  84.000	  48.810	  43.000	  82.000	AttR1	R	4	50	1	1080
2716	3	4	59.000	  59.000	  57.000	  52.632	  62.000	  48.435	Fill3	R	3	50	1	1105
2716	3	5	50.000	  82.000	  84.000	  48.810	  84.000	  40.810	AttR2	R	5	49	2	1501
2716	3	6	49.000	  78.000	  79.000	  48.380	  42.000	  78.000	AttR1	R	4	51	2	1515
2716	3	7	80.000	  45.600	  57.000	  64.000	  42.419	  86.000	ComD2	R	4	50	1	825
2716	3	8	77.000	  47.506	  74.000	  43.176	  78.000	  41.551	Fill2	R	2	49	1	956
2716	3	9	48.000	  75.000	  60.000	  60.000	  64.286	  56.000	SimA2	R	5	49	2	609
2716	3	10	48.000	  75.000	  60.000	  60.000	  43.000	  83.721	SimA1	R	4	49	3	1138
2716	3	11	50.000	  77.000	  79.000	  48.734	  41.000	  77.000	AttR1	R	4	49	3	768
2716	3	12	97.000	  39.464	  83.000	  46.120	  58.000	  66.000	ComD1	R	4	49	3	634
2716	3	13	38.227	  88.000	  36.227	  77.870	  40.227	  70.947	Fill5	R	4	49	3	883
2716	3	14	50.449	  69.000	  48.449	  61.652	  51.449	  57.979	Fill4	R	2	49	1	1250
2716	3	15	51.000	  82.000	  84.000	  49.786	  84.000	  40.786	AttR2	R	4	50	1	1235
2716	3	16	100.000	  39.530	  82.000	  48.207	  59.000	  67.000	ComD1	R	2	49	1	835
2716	3	17	59.000	  59.000	  56.000	  53.464	  61.000	  49.803	Fill3	R	1	49	1	699
2716	3	18	96.000	  38.000	  80.000	  45.600	  57.000	  64.000	ComD1	R	5	49	2	880
2716	3	19	52.116	  69.000	  50.116	  62.834	  54.116	  58.874	Fill4	R	3	50	1	1177
2716	3	20	58.000	  58.000	  55.000	  53.818	  60.000	  48.300	Fill3	R	6	49	3	867
2716	3	21	81.000	  47.346	  59.000	  65.000	  44.593	  86.000	ComD2	R	4	50	1	1315
2716	3	22	82.000	  45.976	  58.000	  65.000	  43.333	  87.000	ComD2	R	3	50	1	633
2716	3	23	81.000	  47.259	  58.000	  66.000	  45.035	  85.000	ComD2	R	6	50	2	656
2716	3	24	49.000	  78.000	  79.000	  48.380	  79.000	  40.380	AttR2	R	3	49	2	640
2716	3	25	46.579	  76.000	  59.000	  60.000	  43.579	  81.232	SimA1	R	2	49	1	600
2716	3	26	47.838	  74.000	  60.000	  59.000	  43.838	  80.752	SimA1	R	4	49	3	587
2716	3	27	62.000	  58.000	  61.000	  52.066	  64.000	  48.766	Fill3	R	4	50	1	861
2716	3	28	95.000	  40.368	  81.000	  47.346	  59.000	  65.000	ComD1	R	6	50	2	1437
2716	3	29	77.000	  46.701	  75.000	  41.693	  80.000	  38.987	Fill2	R	5	50	3	678
2716	3	30	48.800	  75.000	  61.000	  60.000	  44.800	  81.696	SimA1	R	3	50	1	533
2716	3	31	62.000	  59.000	  59.000	  55.136	  63.000	  51.111	Fill3	R	3	50	1	2219
2716	3	32	50.000	  80.000	  79.000	  50.633	  43.000	  80.000	AttR1	R	6	50	2	1701
2716	3	33	51.000	  79.000	  81.000	  49.741	  44.000	  79.000	AttR1	R	3	49	2	2210
2716	3	34	48.649	  74.000	  60.000	  60.000	  63.158	  57.000	SimA2	R	5	49	2	1069
2716	3	35	50.000	  78.000	  77.000	  50.649	  41.000	  78.000	AttR1	R	1	49	1	1382
2716	3	36	49.613	  75.000	  61.000	  61.000	  65.281	  57.000	SimA2	R	4	50	1	3568
2716	3	37	48.635	  74.000	  61.000	  59.000	  43.635	  82.479	SimA1	R	3	50	1	891
2716	3	38	52.257	  70.000	  49.257	  64.965	  54.257	  59.826	Fill4	R	6	50	2	1226
2716	3	39	59.000	  62.000	  56.000	  57.482	  61.000	  52.164	Fill3	R	6	50	2	630
2716	3	40	49.613	  75.000	  61.000	  61.000	  44.613	  83.406	SimA1	R	3	50	1	897
2716	3	41	81.000	  47.346	  59.000	  65.000	  43.580	  88.000	ComD2	R	1	51	3	2897
2716	3	42	51.000	  79.000	  81.000	  49.741	  81.000	  42.741	AttR2	R	4	50	1	1352
2716	3	43	96.000	  39.875	  81.000	  47.259	  58.000	  66.000	ComD1	R	3	50	1	1749
2716	3	44	75.000	  46.413	  73.000	  41.795	  76.000	  40.408	Fill2	R	2	50	3	787
2716	3	45	49.471	  68.000	  46.471	  63.309	  50.471	  57.836	Fill4	R	2	49	1	1454
2716	3	46	50.000	  77.000	  79.000	  48.734	  79.000	  40.734	AttR2	R	5	49	2	1327
2716	3	47	75.000	  48.773	  73.000	  44.027	  77.000	  41.805	Fill2	R	5	50	3	1074
2716	3	48	79.000	  46.177	  57.000	  64.000	  43.429	  84.000	ComD2	R	2	50	3	826
2716	3	49	47.838	  74.000	  60.000	  59.000	  64.364	  55.000	SimA2	R	4	50	1	638
2716	3	50	48.000	  75.000	  60.000	  60.000	  43.000	  83.721	SimA1	R	5	50	3	587
2716	3	51	83.000	  46.120	  58.000	  66.000	  44.512	  86.000	ComD2	R	5	50	3	689
2716	3	52	75.000	  46.413	  74.000	  40.311	  78.000	  38.641	Fill2	R	4	50	1	737
2716	3	53	41.568	  88.000	  39.568	  79.660	  43.568	  72.438	Fill5	R	5	50	3	1069
2716	3	54	49.000	  80.000	  81.000	  48.395	  40.000	  80.000	AttR1	R	4	50	1	669
2716	3	55	49.000	  80.000	  82.000	  47.805	  42.000	  80.000	AttR1	R	2	49	1	1038
2716	3	56	50.449	  69.000	  48.449	  61.570	  51.449	  59.748	Fill4	R	5	49	2	622
2716	3	57	48.000	  75.000	  60.000	  60.000	  63.158	  57.000	SimA2	R	2	49	1	1009
2716	3	58	80.000	  46.400	  58.000	  64.000	  43.671	  85.000	ComD2	R	3	51	3	1411
2716	3	59	46.579	  76.000	  59.000	  60.000	  62.105	  57.000	SimA2	R	4	50	1	1430
2716	3	60	47.838	  74.000	  59.000	  60.000	  63.214	  56.000	SimA2	R	3	50	1	376
2716	3	61	91.000	  40.198	  88.000	  36.841	  94.000	  34.532	Fill1	R	5	50	3	626
2716	3	62	96.000	  38.667	  80.000	  46.400	  58.000	  64.000	ComD1	R	1	50	2	533
2716	3	63	94.000	  38.915	  92.000	  35.293	  96.000	  33.385	Fill1	R	3	50	1	370
2716	3	64	80.000	  45.675	  58.000	  63.000	  42.488	  86.000	ComD2	R	5	50	3	453
2716	3	65	95.000	  37.853	  93.000	  33.925	  97.000	  32.619	Fill1	R	4	50	1	437
2716	3	66	50.000	  80.000	  79.000	  50.633	  79.000	  43.633	AttR2	R	3	50	1	397
2716	3	67	50.000	  78.000	  77.000	  50.649	  77.000	  41.649	AttR2	R	5	49	2	1064
2716	3	68	48.649	  74.000	  60.000	  60.000	  45.649	  78.863	SimA1	R	4	49	3	720
2716	3	69	92.000	  37.837	  89.000	  34.225	  95.000	  31.589	Fill1	R	3	49	2	333
2716	3	70	49.613	  75.000	  61.000	  61.000	  45.613	  81.577	SimA1	R	1	50	2	1035
2716	3	71	95.000	  38.463	  80.000	  45.675	  58.000	  63.000	ComD1	R	6	50	2	802
2716	3	72	49.613	  75.000	  61.000	  61.000	  65.281	  57.000	SimA2	R	4	50	1	678
2716	3	73	51.000	  79.000	  81.000	  49.741	  81.000	  41.741	AttR2	R	1	50	2	462
2716	3	74	51.000	  82.000	  84.000	  49.786	  42.000	  82.000	AttR1	R	3	50	1	382
2716	3	75	47.838	  74.000	  59.000	  60.000	  42.838	  82.637	SimA1	R	2	50	3	505
2716	3	76	98.000	  38.469	  82.000	  45.976	  58.000	  65.000	ComD1	R	1	50	2	606
2716	3	77	49.000	  80.000	  81.000	  48.395	  81.000	  40.395	AttR2	R	2	50	3	378
2716	3	78	51.000	  79.000	  81.000	  49.741	  43.000	  79.000	AttR1	R	5	50	3	115
2716	3	79	50.110	  73.000	  48.110	  65.954	  52.110	  61.908	Fill4	R	5	50	3	8
2716	3	80	40.198	  91.000	  37.198	  84.199	  41.198	  76.096	Fill5	R	2	50	3	1339
2716	3	81	39.557	  88.000	  38.557	  76.044	  41.557	  70.674	Fill5	R	5	50	3	728
2716	3	82	95.000	  40.368	  81.000	  47.346	  59.000	  65.000	ComD1	R	3	50	1	765
2716	3	83	48.635	  74.000	  61.000	  59.000	  65.436	  55.000	SimA2	R	5	51	1	1425
2716	3	84	48.800	  75.000	  61.000	  60.000	  65.357	  56.000	SimA2	R	5	51	1	666
2716	3	85	82.000	  48.207	  59.000	  67.000	  45.965	  86.000	ComD2	R	3	50	1	595
2716	3	86	40.404	  89.000	  38.404	  80.459	  41.404	  74.412	Fill5	R	2	49	1	798
2716	3	87	39.112	  89.000	  38.112	  77.245	  40.112	  74.142	Fill5	R	4	50	1	657
2716	3	88	92.000	  37.837	  89.000	  34.416	  94.000	  32.415	Fill1	R	3	50	1	816
2716	3	89	94.000	  38.809	  79.000	  46.177	  57.000	  64.000	ComD1	R	5	49	2	1802
2716	3	90	73.000	  46.082	  70.000	  41.586	  76.000	  38.303	Fill2	R	5	51	1	949
2716	4	1	82.000	  47.488	  59.000	  66.000	  44.759	  87.000	ComD2	R	5	49	2	1517
2716	4	2	60.000	  61.000	  59.000	  54.661	  61.000	  52.639	Fill3	R	4	50	1	806
2716	4	3	61.000	  60.000	  60.000	  53.317	  64.000	  49.797	Fill3	R	5	50	3	554
2716	4	4	76.000	  48.158	  73.000	  44.205	  77.000	  41.714	Fill2	R	3	50	1	558
2716	4	5	51.000	  80.000	  78.000	  52.308	  42.000	  80.000	AttR1	R	6	49	3	810
2716	4	6	40.220	  91.000	  37.220	  84.632	  41.220	  76.517	Fill5	R	5	49	2	805
2716	4	7	46.740	  77.000	  59.000	  61.000	  64.268	  56.000	SimA2	R	2	49	1	1385
2716	4	8	91.000	  40.220	  88.000	  35.920	  92.000	  35.315	Fill1	R	3	49	2	962
2716	4	9	52.000	  81.000	  81.000	  52.000	  81.000	  43.000	AttR2	R	5	51	1	744
2716	4	10	81.000	  48.148	  60.000	  65.000	  43.820	  89.000	ComD2	R	6	49	3	621
2716	4	11	48.158	  76.000	  60.000	  61.000	  44.158	  82.884	SimA1	R	4	49	3	1553
2716	4	12	80.000	  46.312	  57.000	  65.000	  43.588	  85.000	ComD2	R	2	50	3	877
2716	4	13	48.000	  82.000	  84.000	  46.857	  41.000	  82.000	AttR1	R	4	49	3	1166
2716	4	14	49.000	  80.000	  81.000	  48.395	  41.000	  80.000	AttR1	R	4	49	3	675
2716	4	15	50.000	  81.000	  80.000	  50.625	  42.000	  81.000	AttR1	R	5	50	3	723
2716	4	16	90.000	  38.678	  87.000	  35.092	  91.000	  33.626	Fill1	R	2	50	3	881
2716	4	17	49.000	  80.000	  81.000	  48.395	  81.000	  40.395	AttR2	R	2	50	3	561
2716	4	18	46.413	  75.000	  59.000	  59.000	  64.463	  54.000	SimA2	R	4	50	1	622
2716	4	19	61.000	  62.000	  60.000	  55.233	  64.000	  52.469	Fill3	R	2	50	3	504
2716	4	20	49.613	  75.000	  61.000	  61.000	  46.613	  79.827	SimA1	R	3	50	1	422
2716	4	21	49.000	  80.000	  81.000	  48.395	  42.000	  80.000	AttR1	R	4	49	3	1120
2716	4	22	60.000	  59.000	  58.000	  53.362	  63.000	  49.429	Fill3	R	5	49	2	1829
2716	4	23	76.000	  48.158	  74.000	  42.797	  79.000	  40.658	Fill2	R	1	49	1	1016
2716	4	24	50.000	  81.000	  80.000	  50.625	  80.000	  42.625	AttR2	R	2	49	1	691
2716	4	25	47.838	  74.000	  60.000	  59.000	  65.556	  54.000	SimA2	R	1	49	1	1474
2716	4	26	48.595	  74.000	  62.000	  58.000	  66.593	  54.000	SimA2	R	2	49	1	1091
2716	4	27	96.000	  40.625	  81.000	  48.148	  60.000	  65.000	ComD1	R	6	49	3	1410
2716	4	28	95.000	  39.684	  80.000	  47.125	  58.000	  65.000	ComD1	R	3	50	1	942
2716	4	29	39.557	  88.000	  38.557	  76.044	  41.557	  71.589	Fill5	R	4	50	1	594
2716	4	30	51.108	  74.000	  49.108	  68.848	  52.108	  64.232	Fill4	R	4	50	1	686
2716	4	31	48.595	  74.000	  62.000	  58.000	  45.595	  78.869	SimA1	R	2	50	3	702
2716	4	32	47.838	  74.000	  60.000	  59.000	  42.838	  82.637	SimA1	R	5	50	3	683
2716	4	33	80.000	  46.312	  57.000	  65.000	  44.107	  84.000	ComD2	R	2	50	3	698
2716	4	34	52.286	  70.000	  51.286	  61.869	  54.286	  59.887	Fill4	R	4	50	1	489
2716	4	35	51.000	  80.000	  78.000	  52.308	  78.000	  43.308	AttR2	R	3	50	1	1105
2716	4	36	47.200	  75.000	  59.000	  60.000	  43.200	  81.944	SimA1	R	3	51	3	1398
2716	4	37	82.000	  45.183	  57.000	  65.000	  43.588	  85.000	ComD2	R	4	49	3	745
2716	4	38	50.000	  79.000	  80.000	  49.375	  80.000	  41.375	AttR2	R	4	49	3	1646
2716	4	39	96.000	  38.594	  80.000	  46.312	  57.000	  65.000	ComD1	R	4	50	1	1062
2716	4	40	47.987	  75.000	  61.000	  59.000	  44.987	  80.001	SimA1	R	5	50	3	630
2716	4	41	48.961	  76.000	  61.000	  61.000	  66.446	  56.000	SimA2	R	4	49	3	961
2716	4	42	92.000	  39.783	  90.000	  35.644	  93.000	  34.817	Fill1	R	3	50	1	638
2716	4	43	49.000	  80.000	  81.000	  48.395	  81.000	  39.395	AttR2	R	3	50	1	781
2716	4	44	97.000	  38.196	  80.000	  46.312	  57.000	  65.000	ComD1	R	3	50	1	520
2716	4	45	48.000	  81.000	  81.000	  48.000	  81.000	  39.000	AttR2	R	2	49	1	878
2716	4	46	92.000	  39.783	  91.000	  35.736	  95.000	  33.453	Fill1	R	2	49	1	1278
2716	4	47	47.987	  75.000	  61.000	  59.000	  64.268	  56.000	SimA2	R	2	50	3	677
2716	4	48	51.000	  83.000	  82.000	  51.622	  82.000	  42.622	AttR2	R	3	50	1	974
2716	4	49	46.413	  75.000	  59.000	  59.000	  41.413	  84.055	SimA1	R	1	49	1	785
2716	4	50	47.200	  75.000	  59.000	  60.000	  63.214	  56.000	SimA2	R	3	50	1	1026
2716	4	51	76.000	  46.579	  75.000	  41.733	  78.000	  40.192	Fill2	R	5	50	3	1198
2716	4	52	59.000	  59.000	  56.000	  54.089	  60.000	  50.433	Fill3	R	3	49	2	1377
2716	4	53	49.000	  80.000	  80.000	  49.000	  80.000	  42.000	AttR2	R	1	49	1	2586
2716	4	54	96.000	  39.875	  82.000	  46.683	  58.000	  66.000	ComD1	R	1	50	2	3078
2716	4	55	80.000	  46.400	  58.000	  64.000	  43.163	  86.000	ComD2	R	2	50	3	1669
2716	4	56	97.000	  38.866	  82.000	  45.976	  58.000	  65.000	ComD1	R	2	49	1	854
2716	4	57	80.000	  47.125	  58.000	  65.000	  43.837	  86.000	ComD2	R	1	50	2	2517
2716	4	58	97.000	  40.144	  82.000	  47.488	  59.000	  66.000	ComD1	R	2	50	3	498
2716	4	59	82.000	  46.683	  58.000	  66.000	  44.000	  87.000	ComD2	R	6	50	2	713
2716	4	60	51.304	  69.000	  48.304	  65.005	  53.304	  57.631	Fill4	R	5	49	2	1621
2716	4	61	82.000	  45.976	  58.000	  65.000	  43.333	  87.000	ComD2	R	5	50	3	680
2716	4	62	50.000	  79.000	  80.000	  49.375	  43.000	  79.000	AttR1	R	3	50	1	744
2716	4	63	93.000	  38.065	  91.000	  34.242	  96.000	  31.958	Fill1	R	3	50	1	1062
2716	4	64	48.000	  81.000	  81.000	  48.000	  41.000	  81.000	AttR1	R	5	50	3	501
2716	4	65	50.833	  72.000	  47.833	  66.711	  51.833	  61.968	Fill4	R	2	49	1	866
2716	4	66	48.000	  82.000	  84.000	  46.857	  84.000	  38.857	AttR2	R	2	49	1	931
2716	4	67	40.667	  93.000	  37.667	  86.310	  42.667	  76.430	Fill5	R	3	49	2	1393
2716	4	68	60.000	  61.000	  58.000	  55.155	  61.000	  52.393	Fill3	R	4	50	1	827
2716	4	69	47.685	  73.000	  59.000	  59.000	  62.161	  56.000	SimA2	R	3	50	1	742
2716	4	70	76.000	  49.763	  74.000	  45.257	  77.000	  43.208	Fill2	R	2	50	3	1187
2716	4	71	40.667	  90.000	  39.667	  78.782	  42.667	  73.711	Fill5	R	4	50	1	597
2716	4	72	97.000	  38.268	  80.000	  46.400	  58.000	  64.000	ComD1	R	1	49	1	848
2716	4	73	49.000	  80.000	  80.000	  49.000	  41.000	  80.000	AttR1	R	4	50	1	697
2716	4	74	80.000	  45.600	  57.000	  64.000	  42.918	  85.000	ComD2	R	2	50	3	561
2716	4	75	49.613	  75.000	  61.000	  61.000	  64.155	  58.000	SimA2	R	2	50	3	638
2716	4	76	48.961	  76.000	  61.000	  61.000	  45.961	  80.961	SimA1	R	5	50	3	694
2716	4	77	47.685	  73.000	  59.000	  59.000	  44.685	  77.901	SimA1	R	2	49	1	838
2716	4	78	96.000	  38.594	  82.000	  45.183	  57.000	  65.000	ComD1	R	4	50	1	1014
2716	4	79	75.000	  48.800	  73.000	  43.740	  76.000	  41.632	Fill2	R	2	49	1	1481
2716	4	80	73.000	  47.685	  72.000	  42.264	  74.000	  40.581	Fill2	R	2	49	1	632
2716	4	81	39.333	  90.000	  37.333	  80.116	  40.333	  74.826	Fill5	R	4	50	1	898
2716	4	82	49.729	  70.000	  47.729	  64.259	  51.729	  58.807	Fill4	R	2	49	1	800
2716	4	83	46.740	  77.000	  59.000	  61.000	  41.740	  86.224	SimA1	R	3	50	1	722
2716	4	84	48.158	  76.000	  60.000	  61.000	  63.103	  58.000	SimA2	R	2	50	3	648
2716	4	85	39.783	  92.000	  36.783	  85.611	  40.783	  76.528	Fill5	R	2	50	3	609
2716	4	86	93.000	  40.667	  91.000	  36.725	  96.000	  34.562	Fill1	R	6	49	3	907
2716	4	87	51.000	  83.000	  82.000	  51.622	  43.000	  83.000	AttR1	R	3	49	2	601
2716	4	88	50.833	  72.000	  48.833	  65.283	  52.833	  61.174	Fill4	R	4	49	3	842
2716	4	89	94.000	  38.809	  80.000	  45.600	  57.000	  64.000	ComD1	R	5	49	2	962
2716	4	90	52.000	  81.000	  81.000	  52.000	  44.000	  81.000	AttR1	R	2	50	3	1048
2716	5	1	97.000	  40.144	  82.000	  47.488	  59.000	  66.000	ComD1	R	5	49	2	1165
2716	5	2	51.000	  79.000	  80.000	  50.362	  80.000	  41.362	AttR2	R	3	50	1	1147
2716	5	3	80.000	  45.600	  57.000	  64.000	  42.419	  86.000	ComD2	R	2	50	3	689
2716	5	4	88.000	  38.864	  86.000	  34.512	  90.000	  33.178	Fill1	R	3	50	1	857
2716	5	5	47.532	  77.000	  60.000	  61.000	  44.532	  82.187	SimA1	R	2	50	3	849
2716	5	6	74.000	  47.041	  73.000	  42.205	  76.000	  40.224	Fill2	R	4	49	3	889
2716	5	7	60.000	  60.000	  59.000	  53.220	  61.000	  51.934	Fill3	R	3	49	2	810
2716	5	8	92.000	  39.120	  89.000	  35.787	  95.000	  32.758	Fill1	R	4	49	3	603
2716	5	9	75.000	  48.000	  74.000	  43.189	  76.000	  41.303	Fill2	R	5	49	2	573
2716	5	10	62.000	  59.000	  61.000	  51.885	  64.000	  50.500	Fill3	R	4	49	3	408
2716	5	11	50.110	  73.000	  62.000	  59.000	  46.110	  79.333	SimA1	R	5	50	3	626
2716	5	12	77.000	  47.506	  75.000	  42.907	  80.000	  40.487	Fill2	R	3	50	1	414
2716	5	13	50.077	  78.000	  62.000	  63.000	  47.077	  82.971	SimA1	R	6	49	3	672
2716	5	14	71.000	  48.169	  70.000	  42.700	  74.000	  39.554	Fill2	R	2	49	1	600
2716	5	15	99.000	  38.000	  83.000	  45.325	  57.000	  66.000	ComD1	R	1	49	1	490
2716	5	16	50.110	  73.000	  62.000	  59.000	  65.321	  56.000	SimA2	R	3	49	2	538
2716	5	17	49.028	  71.000	  46.028	  65.373	  50.028	  61.325	Fill4	R	4	49	3	360
2716	5	18	53.014	  69.000	  52.014	  61.906	  55.014	  58.366	Fill4	R	5	50	3	606
2716	5	19	51.000	  81.000	  80.000	  51.638	  42.000	  81.000	AttR1	R	4	49	3	601
2716	5	20	47.838	  74.000	  60.000	  59.000	  43.838	  80.752	SimA1	R	2	50	3	386
2716	5	21	96.000	  38.667	  80.000	  46.400	  58.000	  64.000	ComD1	R	2	49	1	645
2716	5	22	61.000	  59.000	  59.000	  52.644	  64.000	  48.797	Fill3	R	1	49	1	629
2716	5	23	51.000	  79.000	  80.000	  50.362	  42.000	  79.000	AttR1	R	2	49	1	610
2716	5	24	91.000	  38.253	  88.000	  34.432	  92.000	  32.804	Fill1	R	4	49	3	546
2716	5	25	38.000	  90.000	  35.000	  82.571	  39.000	  74.718	Fill5	R	4	50	1	696
2716	5	26	57.000	  60.000	  55.000	  54.145	  60.000	  50.067	Fill3	R	2	49	1	689
2716	5	27	83.000	  46.120	  58.000	  66.000	  44.512	  86.000	ComD2	R	6	49	3	577
2716	5	28	80.000	  46.400	  58.000	  64.000	  43.163	  86.000	ComD2	R	4	49	3	427
2716	5	29	54.000	  82.000	  80.000	  55.350	  80.000	  46.350	AttR2	R	4	50	1	1278
2716	5	30	97.000	  40.144	  81.000	  48.074	  59.000	  66.000	ComD1	R	1	51	3	1982
2716	5	31	50.000	  82.000	  84.000	  48.810	  84.000	  39.810	AttR2	R	4	51	2	937
2716	5	32	40.438	  89.000	  38.438	  80.155	  42.438	  72.105	Fill5	R	4	50	1	894
2716	5	33	52.159	  69.000	  50.159	  63.637	  54.159	  58.863	Fill4	R	2	49	1	654
2716	5	34	76.000	  48.158	  73.000	  44.178	  79.000	  41.076	Fill2	R	1	50	2	797
2716	5	35	50.000	  81.000	  83.000	  48.795	  43.000	  81.000	AttR1	R	4	49	3	648
2716	5	36	50.000	  81.000	  83.000	  48.795	  83.000	  40.795	AttR2	R	6	49	3	656
2716	5	37	50.000	  79.000	  80.000	  49.375	  80.000	  40.375	AttR2	R	5	49	2	688
2716	5	38	50.000	  80.000	  80.000	  50.000	  80.000	  41.000	AttR2	R	4	51	2	592
2716	5	39	50.000	  82.000	  84.000	  48.810	  41.000	  82.000	AttR1	R	5	50	3	523
2716	5	40	46.413	  75.000	  59.000	  59.000	  62.161	  56.000	SimA2	R	6	50	2	376
2716	5	41	50.000	  78.000	  79.000	  49.367	  43.000	  78.000	AttR1	R	6	49	3	955
2716	5	42	54.000	  82.000	  80.000	  55.350	  47.000	  82.000	AttR1	R	2	49	1	601
2716	5	43	47.200	  75.000	  60.000	  59.000	  44.200	  80.090	SimA1	R	6	49	3	532
2716	5	44	81.000	  46.543	  58.000	  65.000	  44.353	  85.000	ComD2	R	1	49	1	809
2716	5	45	82.000	  45.183	  57.000	  65.000	  44.107	  84.000	ComD2	R	5	50	3	1027
2716	5	46	48.800	  75.000	  61.000	  60.000	  66.545	  55.000	SimA2	R	6	49	3	877
2716	5	47	50.833	  72.000	  47.833	  67.296	  51.833	  61.621	Fill4	R	5	50	3	1093
2716	5	48	47.200	  75.000	  60.000	  59.000	  65.556	  54.000	SimA2	R	5	50	3	670
2716	5	49	99.000	  38.667	  83.000	  46.120	  58.000	  66.000	ComD1	R	3	49	2	1461
2716	5	50	49.000	  80.000	  79.000	  49.620	  79.000	  42.620	AttR2	R	4	50	1	573
2716	5	51	46.413	  75.000	  59.000	  59.000	  42.413	  82.073	SimA1	R	3	50	1	920
2716	5	52	96.000	  39.188	  82.000	  45.878	  57.000	  66.000	ComD1	R	3	50	1	2318
2716	5	53	40.667	  90.000	  38.667	  80.534	  41.667	  75.816	Fill5	R	2	49	1	827
2716	5	54	48.169	  71.000	  47.169	  62.520	  49.169	  59.651	Fill4	R	5	49	2	862
2716	5	55	48.158	  76.000	  61.000	  60.000	  64.211	  57.000	SimA2	R	4	50	1	669
2716	5	56	48.800	  75.000	  60.000	  61.000	  63.103	  58.000	SimA2	R	4	50	1	681
2716	5	57	48.158	  76.000	  61.000	  60.000	  45.158	  81.049	SimA1	R	2	50	3	622
2716	5	58	48.800	  75.000	  60.000	  61.000	  43.800	  83.562	SimA1	R	6	49	3	672
2716	5	59	50.000	  80.000	  80.000	  50.000	  42.000	  80.000	AttR1	R	1	49	1	482
2716	5	60	82.000	  45.878	  57.000	  66.000	  44.786	  84.000	ComD2	R	1	49	1	610
2716	5	61	59.000	  59.000	  57.000	  53.754	  61.000	  49.180	Fill3	R	2	49	1	483
2716	5	62	83.000	  45.325	  57.000	  66.000	  44.786	  84.000	ComD2	R	5	50	3	514
2716	5	63	96.000	  39.271	  81.000	  46.543	  58.000	  65.000	ComD1	R	3	50	1	656
2716	5	64	47.838	  74.000	  60.000	  59.000	  64.364	  55.000	SimA2	R	5	49	2	673
2716	5	65	82.000	  47.488	  59.000	  66.000	  45.279	  86.000	ComD2	R	4	50	1	401
2716	5	66	51.000	  82.000	  82.000	  51.000	  82.000	  42.000	AttR2	R	2	49	1	458
2716	5	67	91.000	  39.560	  88.000	  35.784	  94.000	  33.457	Fill1	R	3	50	1	547
2716	5	68	46.877	  73.000	  58.000	  59.000	  61.107	  56.000	SimA2	R	3	50	1	441
2716	5	69	50.000	  79.000	  80.000	  49.375	  41.000	  79.000	AttR1	R	2	49	1	505
2716	5	70	93.000	  39.333	  91.000	  34.879	  95.000	  34.168	Fill1	R	6	50	2	766
2716	5	71	97.000	  37.608	  80.000	  45.600	  57.000	  64.000	ComD1	R	1	49	1	1601
2716	5	72	81.000	  48.074	  59.000	  66.000	  45.279	  86.000	ComD2	R	2	50	3	1218
2716	5	73	51.000	  82.000	  82.000	  51.000	  42.000	  82.000	AttR1	R	5	49	2	1742
2716	5	74	51.000	  81.000	  80.000	  51.638	  80.000	  44.638	AttR2	R	5	49	2	1187
2716	5	75	61.000	  60.000	  58.000	  55.483	  64.000	  49.875	Fill3	R	3	50	1	1590
2716	5	76	98.000	  38.469	  80.000	  47.125	  58.000	  65.000	ComD1	R	4	50	1	1632
2716	5	77	49.000	  80.000	  79.000	  49.620	  42.000	  80.000	AttR1	R	4	50	1	1162
2716	5	78	97.000	  38.196	  82.000	  45.183	  57.000	  65.000	ComD1	R	3	49	2	1510
2716	5	79	50.000	  78.000	  79.000	  49.367	  79.000	  41.367	AttR2	R	5	51	1	1515
2716	5	80	50.000	  72.000	  48.000	  65.875	  51.000	  60.863	Fill4	R	2	49	1	930
2716	5	81	47.532	  77.000	  60.000	  61.000	  63.103	  58.000	SimA2	R	4	50	1	982
2716	5	82	76.000	  47.355	  74.000	  43.189	  78.000	  40.795	Fill2	R	4	50	1	920
2716	5	83	50.077	  78.000	  62.000	  63.000	  67.345	  58.000	SimA2	R	3	50	1	862
2716	5	84	40.449	  89.000	  37.449	  82.511	  42.449	  72.557	Fill5	R	1	49	1	1174
2716	5	85	46.877	  73.000	  58.000	  59.000	  41.877	  81.716	SimA1	R	2	49	1	1457
2716	5	86	48.800	  75.000	  61.000	  60.000	  45.800	  79.913	SimA1	R	4	50	1	736
2716	5	87	94.000	  38.936	  91.000	  35.670	  97.000	  32.701	Fill1	R	2	49	1	862
2716	5	88	80.000	  47.125	  58.000	  65.000	  43.333	  87.000	ComD2	R	2	50	3	926
2716	5	89	39.112	  89.000	  38.112	  77.088	  41.112	  72.338	Fill5	R	4	50	1	579
2716	5	90	41.568	  88.000	  40.568	  77.401	  43.568	  71.750	Fill5	R	3	50	1	670
2716	6	1	48.635	  74.000	  61.000	  59.000	  43.635	  82.479	SimA1	R	2	50	3	1214
2716	6	2	98.000	  38.388	  81.000	  46.444	  57.000	  66.000	ComD1	R	6	50	2	921
2716	6	3	40.205	  88.000	  38.205	  78.839	  42.205	  71.082	Fill5	R	4	50	1	542
2716	6	4	92.000	  38.457	  90.000	  33.822	  95.000	  33.000	Fill1	R	6	50	2	299
2716	6	5	62.000	  61.000	  60.000	  56.067	  64.000	  52.609	Fill3	R	2	50	3	570
2716	6	6	81.000	  46.444	  57.000	  66.000	  43.744	  86.000	ComD2	R	5	50	3	603
2716	6	7	51.000	  79.000	  79.000	  51.000	  43.000	  79.000	AttR1	R	1	49	1	982
2716	6	8	82.000	  46.768	  59.000	  65.000	  44.593	  86.000	ComD2	R	3	51	3	1009
2716	6	9	82.000	  45.976	  58.000	  65.000	  43.837	  86.000	ComD2	R	4	49	3	1434
2716	6	10	76.000	  48.158	  75.000	  43.413	  78.000	  40.654	Fill2	R	4	50	1	818
2716	6	11	95.000	  39.000	  81.000	  45.741	  57.000	  65.000	ComD1	R	1	49	1	1501
2716	6	12	96.000	  39.271	  82.000	  45.976	  58.000	  65.000	ComD1	R	1	49	1	794
2716	6	13	48.000	  79.000	  79.000	  48.000	  79.000	  41.000	AttR2	R	5	49	2	677
2716	6	14	52.528	  72.000	  51.528	  63.771	  54.528	  60.868	Fill4	R	6	49	3	1469
2716	6	15	47.671	  73.000	  60.000	  58.000	  44.671	  77.902	SimA1	R	2	49	1	1101
2716	6	16	82.000	  45.183	  57.000	  65.000	  43.081	  86.000	ComD2	R	3	50	1	618
2716	6	17	96.000	  39.948	  80.000	  47.938	  59.000	  65.000	ComD1	R	3	50	1	782
2716	6	18	82.000	  46.768	  59.000	  65.000	  44.593	  86.000	ComD2	R	1	49	1	865
2716	6	19	47.368	  76.000	  60.000	  60.000	  43.368	  83.010	SimA1	R	4	49	3	720
2716	6	20	97.000	  38.196	  82.000	  45.183	  57.000	  65.000	ComD1	R	6	49	3	709
2716	6	21	80.000	  47.938	  59.000	  65.000	  43.580	  88.000	ComD2	R	5	49	2	635
2716	6	22	75.000	  47.200	  74.000	  41.743	  78.000	  40.231	Fill2	R	3	50	1	564
2716	6	23	52.029	  68.000	  50.029	  62.543	  54.029	  57.302	Fill4	R	3	50	1	681
2716	6	24	49.000	  81.000	  79.000	  50.241	  40.000	  81.000	AttR1	R	3	50	1	961
2716	6	25	61.000	  58.000	  58.000	  52.569	  64.000	  48.266	Fill3	R	3	50	1	422
2716	6	26	49.000	  81.000	  79.000	  50.241	  79.000	  41.241	AttR2	R	6	50	2	697
2716	6	27	100.000	  38.860	  84.000	  46.262	  58.000	  67.000	ComD1	R	2	50	3	849
2716	6	28	50.000	  82.000	  84.000	  48.810	  84.000	  40.810	AttR2	R	3	49	2	825
2716	6	29	50.571	  70.000	  47.571	  64.724	  52.571	  58.054	Fill4	R	4	50	1	651
2716	6	30	48.635	  74.000	  61.000	  59.000	  66.648	  54.000	SimA2	R	2	49	1	875
2716	6	31	50.571	  70.000	  47.571	  64.345	  51.571	  59.413	Fill4	R	3	49	2	620
2716	6	32	75.000	  47.173	  73.000	  42.397	  76.000	  40.513	Fill2	R	4	50	1	478
2716	6	33	48.961	  76.000	  61.000	  61.000	  45.961	  80.961	SimA1	R	3	50	1	662
2716	6	34	48.000	  75.000	  60.000	  60.000	  43.000	  83.721	SimA1	R	4	50	1	453
2716	6	35	50.000	  72.000	  48.000	  65.083	  51.000	  61.843	Fill4	R	4	50	1	518
2716	6	36	76.000	  49.763	  75.000	  43.907	  78.000	  43.141	Fill2	R	5	50	3	435
2716	6	37	96.000	  39.948	  82.000	  46.768	  59.000	  65.000	ComD1	R	5	49	2	627
2716	6	38	49.000	  80.000	  81.000	  48.395	  42.000	  80.000	AttR1	R	4	50	1	710
2716	6	39	46.740	  77.000	  59.000	  61.000	  43.740	  82.281	SimA1	R	3	50	1	612
2716	6	40	51.000	  79.000	  79.000	  51.000	  79.000	  42.000	AttR2	R	2	50	3	382
2716	6	41	81.000	  45.741	  57.000	  65.000	  43.081	  86.000	ComD2	R	3	49	2	545
2716	6	42	47.368	  76.000	  60.000	  60.000	  64.286	  56.000	SimA2	R	3	50	1	541
2716	6	43	95.000	  39.811	  94.000	  35.894	  98.000	  33.837	Fill1	R	3	49	2	786
2716	6	44	50.000	  82.000	  82.000	  50.000	  43.000	  82.000	AttR1	R	4	50	1	750
2716	6	45	97.000	  39.536	  82.000	  46.768	  59.000	  65.000	ComD1	R	5	50	3	490
2716	6	46	52.000	  79.000	  78.000	  52.667	  78.000	  43.667	AttR2	R	3	49	2	651
2716	6	47	80.000	  47.938	  59.000	  65.000	  44.593	  86.000	ComD2	R	5	49	2	450
2716	6	48	47.368	  76.000	  60.000	  60.000	  42.368	  84.969	SimA1	R	1	51	3	1187
2716	6	49	83.000	  46.819	  58.000	  67.000	  45.186	  86.000	ComD2	R	1	51	3	639
2716	6	50	49.000	  81.000	  79.000	  50.241	  79.000	  43.241	AttR2	R	2	49	1	854
2716	6	51	91.000	  40.220	  89.000	  36.618	  93.000	  34.054	Fill1	R	6	50	2	894
2716	6	52	47.838	  74.000	  59.000	  60.000	  63.214	  56.000	SimA2	R	3	50	1	1438
2716	6	53	49.000	  80.000	  78.000	  50.256	  78.000	  41.256	AttR2	R	4	50	1	469
2716	6	54	50.000	  82.000	  82.000	  50.000	  82.000	  42.000	AttR2	R	6	50	2	823
2716	6	55	60.000	  60.000	  58.000	  55.052	  61.000	  51.951	Fill3	R	4	50	1	817
2716	6	56	40.000	  90.000	  38.000	  81.263	  42.000	  73.357	Fill5	R	1	49	1	684
2716	6	57	46.740	  77.000	  59.000	  61.000	  64.268	  56.000	SimA2	R	2	50	3	1011
2716	6	58	91.000	  38.901	  89.000	  35.112	  92.000	  33.489	Fill1	R	5	49	2	805
2716	6	59	49.000	  80.000	  78.000	  50.256	  42.000	  80.000	AttR1	R	2	50	3	1648
2716	6	60	50.000	  80.000	  82.000	  48.780	  82.000	  39.780	AttR2	R	4	50	1	777
2716	6	61	48.649	  74.000	  60.000	  60.000	  64.286	  56.000	SimA2	R	6	51	1	1715
2716	6	62	39.333	  90.000	  38.333	  78.496	  40.333	  75.099	Fill5	R	2	50	3	1193
2716	6	63	48.000	  75.000	  60.000	  60.000	  63.158	  57.000	SimA2	R	2	50	3	1027
2716	6	64	48.158	  76.000	  61.000	  60.000	  65.357	  56.000	SimA2	R	2	49	1	614
2716	6	65	47.671	  73.000	  60.000	  58.000	  63.273	  55.000	SimA2	R	3	50	1	705
2716	6	66	39.783	  92.000	  38.783	  80.577	  40.783	  76.650	Fill5	R	3	49	2	790
2716	6	67	48.000	  79.000	  79.000	  48.000	  40.000	  79.000	AttR1	R	3	50	1	609
2716	6	68	49.000	  81.000	  79.000	  50.241	  41.000	  81.000	AttR1	R	2	49	1	939
2716	6	69	50.000	  80.000	  82.000	  48.780	  41.000	  80.000	AttR1	R	5	51	1	761
2716	6	70	47.368	  76.000	  60.000	  60.000	  63.158	  57.000	SimA2	R	2	49	1	654
2716	6	71	48.158	  76.000	  61.000	  60.000	  45.158	  81.049	SimA1	R	6	51	1	693
2716	6	72	59.000	  60.000	  58.000	  53.810	  60.000	  51.067	Fill3	R	5	50	3	1766
2716	6	73	99.000	  39.253	  83.000	  46.819	  58.000	  67.000	ComD1	R	4	51	2	2121
2716	6	74	60.000	  61.000	  59.000	  53.729	  62.000	  51.032	Fill3	R	3	50	1	1494
2716	6	75	48.649	  74.000	  60.000	  60.000	  43.649	  82.477	SimA1	R	5	50	3	902
2716	6	76	73.000	  48.493	  72.000	  42.306	  75.000	  41.707	Fill2	R	5	51	1	1467
2716	6	77	39.775	  89.000	  37.775	  79.655	  41.775	  72.579	Fill5	R	4	50	1	834
2716	6	78	97.000	  39.536	  80.000	  47.938	  59.000	  65.000	ComD1	R	3	49	2	1363
2716	6	79	91.000	  38.901	  88.000	  34.659	  92.000	  33.804	Fill1	R	3	50	1	880
2716	6	80	84.000	  46.262	  58.000	  67.000	  45.186	  86.000	ComD2	R	5	50	3	1360
2716	6	81	50.000	  82.000	  84.000	  48.810	  43.000	  82.000	AttR1	R	4	50	1	822
2716	6	82	48.961	  76.000	  61.000	  61.000	  66.446	  56.000	SimA2	R	6	51	1	1145
2716	6	83	59.000	  60.000	  56.000	  54.893	  60.000	  51.300	Fill3	R	1	49	1	909
2716	6	84	49.000	  80.000	  81.000	  48.395	  81.000	  39.395	AttR2	R	4	50	1	603
2716	6	85	91.000	  39.560	  89.000	  34.865	  93.000	  33.409	Fill1	R	3	50	1	830
2716	6	86	52.000	  79.000	  78.000	  52.667	  45.000	  79.000	AttR1	R	4	50	1	608
2716	6	87	50.833	  72.000	  48.833	  66.307	  51.833	  62.605	Fill4	R	3	50	1	578
2716	6	88	41.109	  92.000	  38.109	  85.335	  43.109	  75.832	Fill5	R	3	50	1	638
2716	6	89	76.000	  47.368	  73.000	  42.616	  79.000	  40.405	Fill2	R	4	50	1	1014
2716	6	90	47.838	  74.000	  59.000	  60.000	  44.838	  78.951	SimA1	R	2	49	1	1257
2716	7	1	48.800	  75.000	  61.000	  60.000	  45.800	  79.913	SimA1	R	1	49	1	1190
2716	7	2	74.000	  47.838	  71.000	  44.211	  76.000	  40.789	Fill2	R	3	50	1	944
2716	7	3	80.000	  46.400	  58.000	  64.000	  43.163	  86.000	ComD2	R	5	51	1	838
2716	7	4	49.000	  80.000	  82.000	  47.805	  82.000	  39.805	AttR2	R	4	49	3	605
2716	7	5	47.838	  74.000	  60.000	  59.000	  42.838	  82.637	SimA1	R	4	49	3	601
2716	7	6	77.000	  49.909	  74.000	  46.054	  78.000	  43.449	Fill2	R	5	51	1	1090
2716	7	7	95.000	  39.074	  81.000	  45.827	  58.000	  64.000	ComD1	R	6	49	3	571
2716	7	8	50.137	  73.000	  49.137	  64.982	  51.137	  63.398	Fill4	R	2	49	1	757
2716	7	9	98.000	  38.469	  81.000	  46.543	  58.000	  65.000	ComD1	R	3	49	2	699
2716	7	10	51.000	  80.000	  80.000	  51.000	  80.000	  44.000	AttR2	R	3	50	1	578
2716	7	11	92.000	  39.130	  91.000	  34.253	  95.000	  32.811	Fill1	R	5	49	2	661
2716	7	12	80.000	  45.600	  57.000	  64.000	  43.429	  84.000	ComD2	R	1	51	3	774
2716	7	13	81.000	  46.543	  58.000	  65.000	  44.353	  85.000	ComD2	R	4	49	3	1168
2716	7	14	52.000	  83.000	  83.000	  52.000	  45.000	  83.000	AttR1	R	3	50	1	1138
2716	7	15	48.000	  75.000	  60.000	  60.000	  65.455	  55.000	SimA2	R	1	49	1	601
2716	7	16	47.200	  75.000	  60.000	  59.000	  43.200	  81.944	SimA1	R	5	50	3	619
2716	7	17	47.200	  75.000	  60.000	  59.000	  65.556	  54.000	SimA2	R	5	51	1	837
2716	7	18	47.000	  82.000	  82.000	  47.000	  40.000	  82.000	AttR1	R	6	51	1	863
2716	7	19	47.200	  75.000	  59.000	  60.000	  42.200	  83.886	SimA1	R	3	50	1	790
2716	7	20	61.000	  62.000	  60.000	  55.317	  64.000	  52.484	Fill3	R	2	49	1	681
2716	7	21	51.000	  82.000	  80.000	  52.275	  43.000	  82.000	AttR1	R	3	50	1	754
2716	7	22	46.068	  73.000	  59.000	  57.000	  43.068	  78.085	SimA1	R	6	49	3	830
2716	7	23	95.000	  39.684	  82.000	  45.976	  58.000	  65.000	ComD1	R	3	49	2	1162
2716	7	24	80.000	  46.400	  58.000	  64.000	  42.667	  87.000	ComD2	R	4	49	3	1222
2716	7	25	60.000	  59.000	  57.000	  54.491	  61.000	  50.967	Fill3	R	3	50	1	1193
2716	7	26	51.932	  74.000	  49.932	  68.853	  53.932	  63.802	Fill4	R	1	49	1	787
2716	7	27	41.532	  94.000	  39.532	  85.501	  42.532	  78.999	Fill5	R	2	49	1	685
2716	7	28	95.000	  41.737	  82.000	  48.354	  61.000	  65.000	ComD1	R	4	49	3	445
2716	7	29	52.757	  74.000	  50.757	  68.720	  54.757	  63.335	Fill4	R	1	49	1	493
2716	7	30	97.000	  40.144	  82.000	  47.488	  59.000	  66.000	ComD1	R	6	49	3	549
2716	7	31	39.783	  92.000	  38.783	  80.964	  41.783	  75.582	Fill5	R	5	49	2	603
2716	7	32	48.000	  75.000	  60.000	  60.000	  43.000	  83.721	SimA1	R	6	49	3	661
2716	7	33	61.000	  63.000	  59.000	  58.051	  63.000	  54.286	Fill3	R	5	49	2	782
2716	7	34	81.000	  47.259	  58.000	  66.000	  44.512	  86.000	ComD2	R	4	49	3	553
2716	7	35	81.000	  45.827	  58.000	  64.000	  42.667	  87.000	ComD2	R	6	49	3	631
2716	7	36	49.613	  75.000	  61.000	  61.000	  65.281	  57.000	SimA2	R	4	50	1	1058
2716	7	37	74.000	  49.459	  72.000	  45.139	  75.000	  43.373	Fill2	R	4	50	1	1057
2716	7	38	76.000	  49.763	  75.000	  44.573	  77.000	  42.675	Fill2	R	3	50	1	504
2716	7	39	97.000	  37.526	  81.000	  44.938	  56.000	  65.000	ComD1	R	4	49	3	757
2716	7	40	47.838	  74.000	  60.000	  59.000	  64.364	  55.000	SimA2	R	5	50	3	931
2716	7	41	51.000	  82.000	  83.000	  50.386	  83.000	  41.386	AttR2	R	6	51	1	785
2716	7	42	92.000	  41.109	  90.000	  37.200	  94.000	  35.840	Fill1	R	2	50	3	699
2716	7	43	48.800	  75.000	  61.000	  60.000	  65.357	  56.000	SimA2	R	3	50	1	672
2716	7	44	92.000	  39.783	  90.000	  35.178	  95.000	  33.326	Fill1	R	3	50	1	633
2716	7	45	49.613	  75.000	  61.000	  61.000	  45.613	  81.577	SimA1	R	4	50	1	649
2716	7	46	41.109	  92.000	  40.109	  80.955	  42.109	  77.442	Fill5	R	4	50	1	1353
2716	7	47	51.000	  82.000	  80.000	  52.275	  80.000	  45.275	AttR2	R	1	49	1	950
2716	7	48	82.000	  45.976	  58.000	  65.000	  43.333	  87.000	ComD2	R	1	51	3	971
2716	7	49	48.000	  75.000	  60.000	  60.000	  44.000	  81.818	SimA1	R	3	49	2	654
2716	7	50	52.000	  80.000	  78.000	  53.333	  78.000	  45.333	AttR2	R	3	50	1	815
2716	7	51	76.000	  51.368	  74.000	  46.919	  77.000	  44.403	Fill2	R	2	49	1	1096
2716	7	52	51.304	  69.000	  49.304	  63.179	  52.304	  58.714	Fill4	R	2	49	1	1130
2716	7	53	94.000	  41.532	  93.000	  36.903	  95.000	  36.305	Fill1	R	2	49	1	1022
2716	7	54	48.800	  75.000	  60.000	  61.000	  65.357	  56.000	SimA2	R	5	51	1	1616
2716	7	55	41.772	  92.000	  38.772	  85.836	  43.772	  75.757	Fill5	R	1	49	1	930
2716	7	56	51.000	  82.000	  83.000	  50.386	  43.000	  82.000	AttR1	R	2	49	1	1089
2716	7	57	51.108	  74.000	  48.108	  68.263	  52.108	  64.424	Fill4	R	5	51	1	977
2716	7	58	49.000	  80.000	  82.000	  47.805	  40.000	  80.000	AttR1	R	5	49	2	611
2716	7	59	51.000	  80.000	  81.000	  50.370	  81.000	  42.370	AttR2	R	4	50	1	861
2716	7	60	50.000	  81.000	  83.000	  48.795	  83.000	  41.795	AttR2	R	3	50	1	669
2716	7	61	40.000	  90.000	  38.000	  80.658	  42.000	  73.357	Fill5	R	1	49	1	1158
2716	7	62	48.000	  75.000	  60.000	  60.000	  64.286	  56.000	SimA2	R	1	49	1	531
2716	7	63	52.000	  80.000	  78.000	  53.333	  45.000	  80.000	AttR1	R	3	50	1	1289
2716	7	64	47.000	  82.000	  82.000	  47.000	  82.000	  40.000	AttR2	R	2	49	1	705
2716	7	65	96.000	  38.667	  80.000	  46.400	  58.000	  64.000	ComD1	R	3	49	2	1462
2716	7	66	91.000	  38.901	  89.000	  34.944	  93.000	  33.699	Fill1	R	6	51	1	1109
2716	7	67	45.789	  76.000	  58.000	  60.000	  62.143	  56.000	SimA2	R	3	50	1	1059
2716	7	68	49.000	  83.000	  85.000	  47.847	  85.000	  40.847	AttR2	R	2	49	1	779
2716	7	69	97.000	  38.268	  80.000	  46.400	  58.000	  64.000	ComD1	R	2	49	1	1526
2716	7	70	46.068	  73.000	  59.000	  57.000	  62.278	  54.000	SimA2	R	1	49	1	634
2716	7	71	74.000	  48.649	  73.000	  43.630	  75.000	  41.947	Fill2	R	2	49	1	915
2716	7	72	39.333	  90.000	  37.333	  80.464	  40.333	  74.802	Fill5	R	6	51	1	1152
2716	7	73	60.000	  60.000	  59.000	  52.814	  61.000	  52.115	Fill3	R	4	50	1	1045
2716	7	74	61.000	  64.000	  59.000	  57.831	  64.000	  53.922	Fill3	R	5	50	3	725
2716	7	75	48.800	  75.000	  60.000	  61.000	  44.800	  81.696	SimA1	R	4	49	3	1106
2716	7	76	49.000	  83.000	  85.000	  47.847	  41.000	  83.000	AttR1	R	3	49	2	784
2716	7	77	60.000	  61.000	  58.000	  55.793	  63.000	  51.238	Fill3	R	4	50	1	683
2716	7	78	82.000	  47.488	  59.000	  66.000	  44.250	  88.000	ComD2	R	5	49	2	828
2716	7	79	93.000	  41.323	  90.000	  38.033	  95.000	  35.558	Fill1	R	2	49	1	774
2716	7	80	51.000	  80.000	  81.000	  50.370	  42.000	  80.000	AttR1	R	2	49	1	650
2716	7	81	52.000	  83.000	  83.000	  52.000	  83.000	  44.000	AttR2	R	2	49	1	585
2716	7	82	82.000	  48.354	  61.000	  65.000	  44.551	  89.000	ComD2	R	3	51	3	883
2716	7	83	47.200	  75.000	  59.000	  60.000	  63.214	  56.000	SimA2	R	2	49	1	651
2716	7	84	45.789	  76.000	  58.000	  60.000	  40.789	  85.316	SimA1	R	4	49	3	795
2716	7	85	50.000	  81.000	  83.000	  48.795	  43.000	  81.000	AttR1	R	4	49	3	534
2716	7	86	51.000	  80.000	  80.000	  51.000	  42.000	  80.000	AttR1	R	2	49	1	379
2716	7	87	50.000	  72.000	  49.000	  65.020	  51.000	  61.725	Fill4	R	2	49	1	1190
2716	7	88	94.000	  38.809	  80.000	  45.600	  57.000	  64.000	ComD1	R	4	49	3	1521
2716	7	89	81.000	  44.938	  56.000	  65.000	  43.333	  84.000	ComD2	R	5	50	3	654
2716	7	90	99.000	  38.667	  81.000	  47.259	  58.000	  66.000	ComD1	R	2	49	1	622
2716	8	1	47.532	  77.000	  60.000	  61.000	  65.357	  56.000	SimA2	R	3	50	1	1045
2716	8	2	97.000	  39.464	  82.000	  46.683	  58.000	  66.000	ComD1	R	1	50	2	637
2716	8	3	94.000	  39.489	  81.000	  45.827	  58.000	  64.000	ComD1	R	2	50	3	534
2716	8	4	46.553	  76.000	  58.000	  61.000	  43.553	  81.235	SimA1	R	1	50	2	515
2716	8	5	48.773	  75.000	  62.000	  59.000	  66.509	  55.000	SimA2	R	4	50	1	1304
2716	8	6	73.000	  46.849	  71.000	  41.775	  74.000	  39.986	Fill2	R	5	50	3	526
2716	8	7	50.000	  82.000	  80.000	  51.250	  41.000	  82.000	AttR1	R	6	50	2	650
2716	8	8	47.027	  74.000	  60.000	  58.000	  43.027	  80.879	SimA1	R	4	50	1	611
2716	8	9	48.773	  75.000	  62.000	  59.000	  45.773	  79.916	SimA1	R	4	50	1	1414
2716	8	10	94.000	  40.170	  80.000	  47.200	  59.000	  64.000	ComD1	R	4	49	3	1177
2716	8	11	73.000	  48.493	  71.000	  43.817	  74.000	  41.568	Fill2	R	2	49	1	802
2716	8	12	41.560	  91.000	  39.560	  82.962	  42.560	  76.409	Fill5	R	5	50	3	1326
2716	8	13	51.549	  71.000	  49.549	  64.703	  53.549	  59.571	Fill4	R	5	51	1	1155
2716	8	14	81.000	  45.827	  58.000	  64.000	  42.667	  87.000	ComD2	R	2	49	1	1529
2716	8	15	50.000	  80.000	  82.000	  48.780	  82.000	  40.780	AttR2	R	4	50	1	822
2716	8	16	47.000	  80.000	  78.000	  48.205	  78.000	  40.205	AttR2	R	2	49	1	889
2716	8	17	50.000	  82.000	  80.000	  51.250	  80.000	  43.250	AttR2	R	4	50	1	737
2716	8	18	48.857	  70.000	  47.857	  62.373	  50.857	  58.084	Fill4	R	6	51	1	958
2716	8	19	40.220	  91.000	  37.220	  84.203	  42.220	  74.183	Fill5	R	1	50	2	739
2716	8	20	46.553	  76.000	  58.000	  61.000	  62.070	  57.000	SimA2	R	1	49	1	753
2716	8	21	46.579	  76.000	  59.000	  60.000	  64.364	  55.000	SimA2	R	2	49	1	606
2716	8	22	49.763	  76.000	  62.000	  61.000	  46.763	  80.876	SimA1	R	4	50	1	552
2716	8	23	98.000	  37.143	  81.000	  44.938	  56.000	  65.000	ComD1	R	4	50	1	1205
2716	8	24	50.000	  80.000	  81.000	  49.383	  81.000	  41.383	AttR2	R	5	51	1	856
2716	8	25	81.000	  44.938	  56.000	  65.000	  43.333	  84.000	ComD2	R	4	49	3	624
2716	8	26	60.000	  59.000	  57.000	  54.439	  62.000	  49.903	Fill3	R	2	49	1	556
2716	8	27	52.116	  69.000	  51.116	  60.901	  53.116	  59.624	Fill4	R	2	49	1	617
2716	8	28	81.000	  46.543	  58.000	  65.000	  43.333	  87.000	ComD2	R	4	49	3	587
2716	8	29	47.000	  79.000	  79.000	  47.000	  79.000	  38.000	AttR2	R	6	49	3	469
2716	8	30	83.000	  47.627	  59.000	  67.000	  44.920	  88.000	ComD2	R	4	49	3	574
2716	8	31	62.000	  58.000	  60.000	  52.017	  63.000	  49.349	Fill3	R	6	49	3	745
2716	8	32	49.000	  83.000	  81.000	  50.210	  42.000	  83.000	AttR1	R	3	49	2	542
2716	8	33	95.000	  39.811	  94.000	  35.585	  96.000	  34.656	Fill1	R	4	49	3	547
2716	8	34	62.000	  61.000	  59.000	  57.017	  63.000	  53.000	Fill3	R	4	49	3	745
2716	8	35	49.944	  72.000	  62.000	  58.000	  65.382	  55.000	SimA2	R	2	49	1	590
2716	8	36	81.000	  46.444	  57.000	  66.000	  43.744	  86.000	ComD2	R	3	49	2	465
2716	8	37	80.000	  47.200	  59.000	  64.000	  43.402	  87.000	ComD2	R	3	49	2	529
2716	8	38	97.000	  38.866	  81.000	  46.543	  58.000	  65.000	ComD1	R	2	50	3	958
2716	8	39	76.000	  46.579	  73.000	  42.767	  77.000	  39.844	Fill2	R	4	49	3	747
2716	8	40	100.000	  39.530	  83.000	  47.627	  59.000	  67.000	ComD1	R	4	49	3	717
2716	8	41	47.532	  77.000	  60.000	  61.000	  43.532	  84.075	SimA1	R	3	50	1	934
2716	8	42	47.692	  78.000	  60.000	  62.000	  44.692	  83.236	SimA1	R	6	50	2	2259
2716	8	43	39.333	  90.000	  38.333	  78.861	  41.333	  73.210	Fill5	R	5	49	2	683
2716	8	44	53.000	  78.000	  79.000	  52.329	  79.000	  45.329	AttR2	R	5	51	1	3043
2716	8	45	49.000	  83.000	  81.000	  50.210	  81.000	  41.210	AttR2	R	5	51	1	802
2716	8	46	95.000	  39.684	  81.000	  46.543	  58.000	  65.000	ComD1	R	3	51	3	2414
2716	8	47	80.000	  46.312	  57.000	  65.000	  43.588	  85.000	ComD2	R	3	51	3	704
2716	8	48	93.000	  38.667	  90.000	  34.778	  94.000	  33.670	Fill1	R	4	50	1	1726
2716	8	49	47.685	  73.000	  59.000	  59.000	  44.685	  77.901	SimA1	R	3	51	3	1018
2716	8	50	92.000	  38.478	  91.000	  34.451	  95.000	  32.232	Fill1	R	3	50	1	1213
2716	8	51	57.000	  60.000	  56.000	  52.607	  59.000	  50.576	Fill3	R	4	50	1	1105
2716	8	52	60.000	  61.000	  59.000	  54.034	  61.000	  53.016	Fill3	R	2	50	3	1581
2716	8	53	59.000	  60.000	  56.000	  55.161	  62.000	  49.806	Fill3	R	3	50	1	913
2716	8	54	49.859	  71.000	  48.859	  63.857	  50.859	  60.461	Fill4	R	1	49	1	1118
2716	8	55	48.000	  82.000	  81.000	  48.593	  81.000	  39.593	AttR2	R	5	51	1	1059
2716	8	56	90.000	  38.000	  87.000	  34.172	  93.000	  31.462	Fill1	R	3	50	1	1187
2716	8	57	47.027	  74.000	  60.000	  58.000	  63.273	  55.000	SimA2	R	3	50	1	958
2716	8	58	98.000	  38.469	  82.000	  45.976	  58.000	  65.000	ComD1	R	3	51	3	658
2716	8	59	53.268	  71.000	  52.268	  63.060	  54.268	  61.510	Fill4	R	6	51	1	683
2716	8	60	40.864	  88.000	  39.864	  76.436	  41.864	  73.620	Fill5	R	3	51	3	1099
2716	8	61	53.000	  78.000	  79.000	  52.329	  46.000	  78.000	AttR1	R	4	50	1	706
2716	8	62	49.859	  71.000	  47.859	  64.941	  50.859	  60.422	Fill4	R	4	50	1	449
2716	8	63	50.000	  79.000	  79.000	  50.000	  79.000	  42.000	AttR2	R	6	51	1	801
2716	8	64	50.000	  80.000	  82.000	  48.780	  42.000	  80.000	AttR1	R	3	50	1	987
2716	8	65	47.692	  78.000	  60.000	  62.000	  65.263	  57.000	SimA2	R	2	49	1	910
2716	8	66	76.000	  49.763	  74.000	  45.419	  77.000	  43.000	Fill2	R	5	49	2	611
2716	8	67	92.000	  39.783	  91.000	  35.044	  93.000	  35.011	Fill1	R	4	49	3	773
2716	8	68	81.000	  46.543	  58.000	  65.000	  44.353	  85.000	ComD2	R	5	50	3	545
2716	8	69	95.000	  39.000	  80.000	  46.312	  57.000	  65.000	ComD1	R	2	50	3	573
2716	8	70	48.000	  82.000	  81.000	  48.593	  39.000	  82.000	AttR1	R	4	50	1	448
2716	8	71	40.227	  88.000	  38.227	  78.949	  41.227	  73.665	Fill5	R	4	49	3	584
2716	8	72	46.579	  76.000	  59.000	  60.000	  42.579	  83.140	SimA1	R	4	49	3	507
2716	8	73	82.000	  45.976	  58.000	  65.000	  43.333	  87.000	ComD2	R	6	49	3	553
2716	8	74	50.000	  80.000	  81.000	  49.383	  42.000	  80.000	AttR1	R	3	49	2	567
2716	8	75	49.763	  76.000	  62.000	  61.000	  66.351	  57.000	SimA2	R	4	50	1	1106
2716	8	76	47.000	  79.000	  79.000	  47.000	  39.000	  79.000	AttR1	R	5	50	3	653
2716	8	77	47.041	  74.000	  59.000	  59.000	  44.041	  79.041	SimA1	R	2	50	3	717
2716	8	78	92.000	  38.478	  89.000	  34.528	  95.000	  32.432	Fill1	R	4	50	1	795
2716	8	79	52.000	  81.000	  80.000	  52.650	  45.000	  81.000	AttR1	R	1	50	2	342
2716	8	80	47.685	  73.000	  59.000	  59.000	  64.463	  54.000	SimA2	R	5	51	1	955
2716	8	81	38.427	  89.000	  36.427	  79.721	  39.427	  73.858	Fill5	R	4	50	1	641
2716	8	82	96.000	  39.188	  81.000	  46.444	  57.000	  66.000	ComD1	R	4	49	3	769
2716	8	83	50.000	  79.000	  79.000	  50.000	  43.000	  79.000	AttR1	R	4	50	1	563
2716	8	84	47.041	  74.000	  59.000	  59.000	  64.463	  54.000	SimA2	R	2	49	1	744
2716	8	85	52.000	  81.000	  80.000	  52.650	  80.000	  43.650	AttR2	R	5	50	3	614
2716	8	86	75.000	  48.800	  73.000	  43.342	  76.000	  42.566	Fill2	R	1	50	2	921
2716	8	87	78.000	  46.103	  76.000	  41.408	  79.000	  40.291	Fill2	R	2	50	3	582
2716	8	88	49.944	  72.000	  62.000	  58.000	  45.944	  78.268	SimA1	R	3	51	3	713
2716	8	89	82.000	  46.683	  58.000	  66.000	  45.035	  85.000	ComD2	R	4	49	3	806
2716	8	90	47.000	  80.000	  78.000	  48.205	  38.000	  80.000	AttR1	R	2	50	3	984
