username: S89, Experiment time (minutes): 32
Operating system: Mac OS 10.8.5
Manufacturer: Google Pepper
Player type: PlugIn
Version: MAC 13,0,0,206

username	blkNum	trlNum	Rect1Height	Rect1Width	Rect2Height	Rect2Width	Rect3Height	Rect3Width	Effect	StimType	StimPosition	rawResp	response	RT
7644	0	1	59.000	  59.000	  58.000	  52.224	  60.000	  49.917	Fill3	R	2	49	1	8894
7644	0	2	77.000	  49.117	  74.000	  44.432	  79.000	  41.734	Fill2	R	3	50	1	4145
7644	0	3	90.000	  38.633	  88.000	  34.398	  91.000	  33.473	Fill1	R	2	49	1	3776
7644	1	1	50.000	  80.000	  78.000	  51.282	  43.000	  80.000	AttR1	R	1	49	1	8005
7644	1	2	92.000	  39.120	  91.000	  34.429	  94.000	  33.362	Fill1	R	4	50	1	2304
7644	1	3	52.000	  79.000	  77.000	  53.351	  77.000	  45.351	AttR2	R	1	50	2	3942
7644	1	4	49.000	  80.000	  81.000	  48.395	  81.000	  41.395	AttR2	R	6	50	2	5651
7644	1	5	52.000	  79.000	  77.000	  53.351	  43.000	  79.000	AttR1	R	5	51	1	2427
7644	1	6	75.000	  47.987	  72.000	  44.319	  77.000	  41.208	Fill2	R	1	49	1	2095
7644	1	7	80.000	  47.125	  58.000	  65.000	  44.353	  85.000	ComD2	R	2	50	3	6742
7644	1	8	50.000	  81.000	  82.000	  49.390	  82.000	  41.390	AttR2	R	2	51	2	2875
7644	1	9	46.000	  80.000	  81.000	  45.432	  39.000	  80.000	AttR1	R	2	49	1	2155
7644	1	10	48.635	  74.000	  61.000	  59.000	  66.648	  54.000	SimA2	R	2	50	3	5040
7644	1	11	95.000	  38.505	  92.000	  35.033	  97.000	  32.948	Fill1	R	5	51	1	4352
7644	1	12	83.000	  46.120	  58.000	  66.000	  45.035	  85.000	ComD2	R	3	50	1	4327
7644	1	13	39.545	  88.000	  37.545	  79.077	  40.545	  72.388	Fill5	R	1	49	1	3538
7644	1	14	78.000	  46.897	  76.000	  42.000	  80.000	  39.587	Fill2	R	1	49	1	2304
7644	1	15	41.101	  89.000	  39.101	  80.126	  42.101	  73.917	Fill5	R	6	51	1	2543
7644	1	16	82.000	  45.976	  58.000	  65.000	  43.837	  86.000	ComD2	R	6	51	1	4315
7644	1	17	39.989	  90.000	  38.989	  78.304	  41.989	  73.734	Fill5	R	3	50	1	2592
7644	1	18	47.838	  74.000	  59.000	  60.000	  64.364	  55.000	SimA2	R	3	50	1	11404
7644	1	19	59.000	  58.000	  56.000	  52.964	  60.000	  50.367	Fill3	R	5	51	1	1783
7644	1	20	40.667	  90.000	  37.667	  83.841	  42.667	  73.852	Fill5	R	3	50	1	2168
7644	1	21	82.000	  45.183	  57.000	  65.000	  43.081	  86.000	ComD2	R	4	49	3	3732
7644	1	22	61.000	  60.000	  59.000	  54.915	  62.000	  52.242	Fill3	R	4	50	1	2368
7644	1	23	97.000	  39.464	  83.000	  46.120	  58.000	  66.000	ComD1	R	3	50	1	1268
7644	1	24	92.000	  37.826	  91.000	  33.055	  93.000	  32.376	Fill1	R	3	49	2	3491
7644	1	25	49.000	  79.000	  81.000	  47.790	  81.000	  39.790	AttR2	R	4	51	2	1539
7644	1	26	48.800	  75.000	  61.000	  60.000	  45.800	  79.913	SimA1	R	4	49	3	2312
7644	1	27	62.000	  59.000	  60.000	  52.850	  63.000	  50.381	Fill3	R	1	49	1	1391
7644	1	28	46.000	  80.000	  81.000	  45.432	  81.000	  38.432	AttR2	R	6	50	2	785
7644	1	29	98.000	  37.806	  82.000	  45.183	  57.000	  65.000	ComD1	R	2	51	2	1316
7644	1	30	81.000	  46.543	  58.000	  65.000	  43.837	  86.000	ComD2	R	3	50	1	9488
7644	1	31	48.325	  77.000	  61.000	  61.000	  45.325	  82.097	SimA1	R	5	50	3	672
7644	1	32	49.000	  82.000	  84.000	  47.833	  40.000	  82.000	AttR1	R	5	51	1	1415
7644	1	33	52.000	  76.000	  74.000	  53.405	  74.000	  44.405	AttR2	R	4	51	2	1259
7644	1	34	47.355	  76.000	  59.000	  61.000	  42.355	  84.972	SimA1	R	3	51	3	635
7644	1	35	50.690	  71.000	  49.690	  62.970	  52.690	  58.835	Fill4	R	3	50	1	1459
7644	1	36	95.000	  39.684	  80.000	  47.125	  58.000	  65.000	ComD1	R	5	51	1	963
7644	1	37	85.000	  46.400	  58.000	  68.000	  46.400	  85.000	ComD2	R	2	50	3	1360
7644	1	38	50.000	  80.000	  80.000	  50.000	  80.000	  42.000	AttR2	R	3	49	2	2671
7644	1	39	48.800	  75.000	  61.000	  60.000	  66.545	  55.000	SimA2	R	3	51	3	1983
7644	1	40	92.000	  37.196	  89.000	  33.607	  93.000	  31.742	Fill1	R	2	49	1	1281
7644	1	41	59.000	  61.000	  56.000	  57.018	  61.000	  51.197	Fill3	R	5	50	3	1112
7644	1	42	51.240	  75.000	  63.000	  61.000	  66.259	  58.000	SimA2	R	5	51	1	3767
7644	1	43	98.000	  39.796	  82.000	  47.561	  60.000	  65.000	ComD1	R	3	49	2	1399
7644	1	44	45.627	  75.000	  58.000	  59.000	  42.627	  80.278	SimA1	R	4	50	1	1300
7644	1	45	49.000	  82.000	  84.000	  47.833	  84.000	  40.833	AttR2	R	1	49	1	1248
7644	1	46	95.000	  38.400	  79.000	  46.177	  57.000	  64.000	ComD1	R	6	50	2	1745
7644	1	47	53.000	  80.000	  81.000	  52.346	  45.000	  80.000	AttR1	R	6	50	2	711
7644	1	48	47.685	  73.000	  59.000	  59.000	  43.685	  79.684	SimA1	R	4	50	1	1163
7644	1	49	51.240	  75.000	  63.000	  61.000	  47.240	  81.351	SimA1	R	3	50	1	2592
7644	1	50	96.000	  39.875	  81.000	  47.259	  58.000	  66.000	ComD1	R	2	51	2	1379
7644	1	51	92.000	  39.783	  89.000	  36.315	  93.000	  34.753	Fill1	R	1	49	1	1318
7644	1	52	96.000	  39.271	  82.000	  45.976	  58.000	  65.000	ComD1	R	1	51	3	5235
7644	1	53	53.000	  80.000	  81.000	  52.346	  81.000	  43.346	AttR2	R	4	50	1	1267
7644	1	54	92.000	  39.120	  91.000	  34.132	  95.000	  32.916	Fill1	R	5	51	1	1179
7644	1	55	50.833	  72.000	  48.833	  64.853	  51.833	  62.045	Fill4	R	5	51	1	1007
7644	1	56	47.355	  76.000	  59.000	  61.000	  62.052	  58.000	SimA2	R	6	51	1	816
7644	1	57	50.000	  80.000	  78.000	  51.282	  78.000	  44.282	AttR2	R	5	49	2	1076
7644	1	58	73.000	  49.301	  70.000	  45.086	  76.000	  41.697	Fill2	R	3	50	1	1396
7644	1	59	75.000	  46.400	  74.000	  40.986	  76.000	  40.487	Fill2	R	6	51	1	600
7644	1	60	76.000	  48.158	  75.000	  42.493	  77.000	  41.351	Fill2	R	2	49	1	833
7644	1	61	46.579	  76.000	  59.000	  60.000	  43.579	  81.232	SimA1	R	6	51	1	1896
7644	1	62	75.000	  45.627	  73.000	  41.288	  77.000	  38.325	Fill2	R	5	51	1	4776
7644	1	63	38.886	  88.000	  35.886	  81.312	  40.886	  70.610	Fill5	R	5	51	1	2979
7644	1	64	46.579	  76.000	  59.000	  60.000	  62.105	  57.000	SimA2	R	5	51	1	1686
7644	1	65	49.714	  70.000	  47.714	  63.419	  50.714	  60.042	Fill4	R	1	49	1	798
7644	1	66	59.000	  61.000	  57.000	  55.509	  60.000	  52.300	Fill3	R	6	49	3	1272
7644	1	67	49.000	  80.000	  81.000	  48.395	  42.000	  80.000	AttR1	R	5	51	1	2432
7644	1	68	81.000	  47.259	  58.000	  66.000	  44.512	  86.000	ComD2	R	5	50	3	2057
7644	1	69	53.014	  69.000	  50.014	  65.041	  54.014	  58.632	Fill4	R	4	50	1	705
7644	1	70	47.671	  73.000	  60.000	  58.000	  64.444	  54.000	SimA2	R	3	51	3	695
7644	1	71	49.986	  72.000	  48.986	  65.141	  51.986	  61.497	Fill4	R	5	51	1	1367
7644	1	72	80.000	  46.400	  58.000	  64.000	  43.671	  85.000	ComD2	R	5	51	1	1337
7644	1	73	50.000	  81.000	  82.000	  49.390	  42.000	  81.000	AttR1	R	5	49	2	894
7644	1	74	48.635	  74.000	  61.000	  59.000	  44.635	  80.632	SimA1	R	4	49	3	2079
7644	1	75	97.000	  38.268	  80.000	  46.400	  58.000	  64.000	ComD1	R	3	50	1	2630
7644	1	76	47.838	  74.000	  59.000	  60.000	  43.838	  80.752	SimA1	R	2	50	3	3992
7644	1	77	48.325	  77.000	  61.000	  61.000	  65.281	  57.000	SimA2	R	3	50	1	595
7644	1	78	82.000	  47.561	  60.000	  65.000	  44.318	  88.000	ComD2	R	4	51	2	1085
7644	1	79	47.685	  73.000	  59.000	  59.000	  62.161	  56.000	SimA2	R	6	49	3	2286
7644	1	80	52.000	  76.000	  74.000	  53.405	  44.000	  76.000	AttR1	R	3	49	2	614
7644	1	81	45.627	  75.000	  58.000	  59.000	  61.107	  56.000	SimA2	R	5	50	3	1753
7644	1	82	39.120	  92.000	  38.120	  80.169	  41.120	  74.539	Fill5	R	3	50	1	983
7644	1	83	47.671	  73.000	  60.000	  58.000	  43.671	  79.686	SimA1	R	5	50	3	5369
7644	1	84	48.886	  70.000	  47.886	  62.628	  49.886	  60.037	Fill4	R	5	51	1	1092
7644	1	85	79.000	  46.177	  57.000	  64.000	  43.429	  84.000	ComD2	R	2	49	1	740
7644	1	86	49.000	  79.000	  81.000	  47.790	  42.000	  79.000	AttR1	R	3	49	2	569
7644	1	87	50.000	  80.000	  80.000	  50.000	  42.000	  80.000	AttR1	R	4	51	2	730
7644	1	88	97.000	  38.866	  81.000	  46.543	  58.000	  65.000	ComD1	R	5	49	2	1599
7644	1	89	101.000	  39.050	  85.000	  46.400	  58.000	  68.000	ComD1	R	3	49	2	1176
7644	1	90	60.000	  58.000	  58.000	  52.103	  63.000	  47.810	Fill3	R	2	50	3	1566
7644	2	1	96.000	  39.188	  82.000	  45.878	  57.000	  66.000	ComD1	R	5	50	3	3014
7644	2	2	79.000	  46.177	  57.000	  64.000	  42.419	  86.000	ComD2	R	4	50	1	624
7644	2	3	47.000	  81.000	  81.000	  47.000	  38.000	  81.000	AttR1	R	5	49	2	883
7644	2	4	47.838	  74.000	  60.000	  59.000	  43.838	  80.752	SimA1	R	4	49	3	835
7644	2	5	38.216	  88.000	  36.216	  77.728	  40.216	  70.569	Fill5	R	3	49	2	1331
7644	2	6	56.000	  60.000	  53.000	  54.340	  59.000	  49.763	Fill3	R	5	50	3	1232
7644	2	7	50.000	  79.000	  81.000	  48.765	  41.000	  79.000	AttR1	R	4	50	1	744
7644	2	8	47.811	  74.000	  61.000	  58.000	  64.327	  55.000	SimA2	R	3	50	1	1086
7644	2	9	49.000	  79.000	  77.000	  50.273	  77.000	  42.273	AttR2	R	1	50	2	735
7644	2	10	80.000	  47.200	  59.000	  64.000	  43.402	  87.000	ComD2	R	6	51	1	572
7644	2	11	39.112	  89.000	  37.112	  79.623	  40.112	  73.693	Fill5	R	3	49	2	2439
7644	2	12	47.368	  76.000	  60.000	  60.000	  64.286	  56.000	SimA2	R	2	49	1	1015
7644	2	13	73.000	  48.493	  70.000	  44.571	  76.000	  40.066	Fill2	R	6	51	1	937
7644	2	14	62.000	  61.000	  61.000	  54.705	  65.000	  51.523	Fill3	R	5	51	1	3550
7644	2	15	59.000	  59.000	  58.000	  52.103	  61.000	  50.098	Fill3	R	3	50	1	1060
7644	2	16	47.532	  77.000	  60.000	  61.000	  63.103	  58.000	SimA2	R	2	50	3	1003
7644	2	17	52.000	  78.000	  80.000	  50.700	  45.000	  78.000	AttR1	R	4	50	1	1678
7644	2	18	95.000	  39.684	  81.000	  46.543	  58.000	  65.000	ComD1	R	4	51	2	1574
7644	2	19	51.000	  80.000	  79.000	  51.646	  44.000	  80.000	AttR1	R	2	51	2	728
7644	2	20	49.459	  74.000	  61.000	  60.000	  46.459	  78.778	SimA1	R	2	49	1	1334
7644	2	21	47.200	  75.000	  59.000	  60.000	  64.364	  55.000	SimA2	R	1	51	3	1523
7644	2	22	47.368	  76.000	  60.000	  60.000	  63.158	  57.000	SimA2	R	6	51	1	2040
7644	2	23	98.000	  39.735	  81.000	  48.074	  59.000	  66.000	ComD1	R	2	51	2	3368
7644	2	24	90.000	  37.367	  88.000	  33.170	  92.000	  31.293	Fill1	R	5	51	1	2340
7644	2	25	94.000	  38.809	  79.000	  46.177	  57.000	  64.000	ComD1	R	5	49	2	2728
7644	2	26	49.000	  78.000	  77.000	  49.636	  41.000	  78.000	AttR1	R	5	51	1	2087
7644	2	27	52.528	  72.000	  51.528	  64.354	  54.528	  61.272	Fill4	R	5	51	1	687
7644	2	28	47.200	  75.000	  59.000	  60.000	  42.200	  83.886	SimA1	R	2	49	1	1806
7644	2	29	57.000	  59.000	  54.000	  54.037	  59.000	  48.593	Fill3	R	2	49	1	3792
7644	2	30	81.000	  47.346	  59.000	  65.000	  43.580	  88.000	ComD2	R	6	50	2	3731
7644	2	31	100.000	  38.860	  84.000	  46.262	  58.000	  67.000	ComD1	R	2	50	3	3224
7644	2	32	53.000	  81.000	  82.000	  52.354	  82.000	  44.354	AttR2	R	4	50	1	3147
7644	2	33	47.368	  76.000	  60.000	  60.000	  42.368	  84.969	SimA1	R	4	50	1	2193
7644	2	34	92.000	  40.446	  89.000	  37.169	  95.000	  34.842	Fill1	R	2	49	1	3091
7644	2	35	89.000	  37.753	  87.000	  33.448	  92.000	  31.891	Fill1	R	5	51	1	1412
7644	2	36	49.859	  71.000	  48.859	  64.000	  50.859	  61.739	Fill4	R	2	49	1	2207
7644	2	37	47.368	  76.000	  60.000	  60.000	  42.368	  84.969	SimA1	R	5	51	1	1345
7644	2	38	49.000	  78.000	  77.000	  49.636	  77.000	  41.636	AttR2	R	2	49	1	1598
7644	2	39	76.000	  49.763	  73.000	  45.479	  77.000	  43.532	Fill2	R	6	51	1	600
7644	2	40	48.739	  69.000	  46.739	  62.432	  50.739	  57.037	Fill4	R	2	49	1	939
7644	2	41	53.000	  81.000	  82.000	  52.354	  46.000	  81.000	AttR1	R	4	51	2	728
7644	2	42	48.325	  77.000	  61.000	  61.000	  43.325	  85.886	SimA1	R	3	49	2	1366
7644	2	43	95.000	  40.421	  81.000	  47.407	  60.000	  64.000	ComD1	R	5	49	2	1248
7644	2	44	80.000	  47.125	  58.000	  65.000	  43.837	  86.000	ComD2	R	6	51	1	1249
7644	2	45	61.000	  61.000	  59.000	  55.237	  63.000	  52.476	Fill3	R	5	50	3	761
7644	2	46	52.000	  79.000	  79.000	  52.000	  79.000	  44.000	AttR2	R	4	50	1	735
7644	2	47	51.000	  80.000	  79.000	  51.646	  79.000	  42.646	AttR2	R	1	50	2	1443
7644	2	48	47.838	  74.000	  60.000	  59.000	  63.214	  56.000	SimA2	R	4	51	2	1100
7644	2	49	81.000	  48.074	  59.000	  66.000	  44.759	  87.000	ComD2	R	2	51	2	769
7644	2	50	50.000	  79.000	  81.000	  48.765	  81.000	  41.765	AttR2	R	5	51	1	868
7644	2	51	77.000	  48.325	  75.000	  44.267	  79.000	  41.278	Fill2	R	2	49	1	651
7644	2	52	49.028	  71.000	  48.028	  62.172	  50.028	  59.606	Fill4	R	2	49	1	3323
7644	2	53	96.000	  39.333	  80.000	  47.200	  59.000	  64.000	ComD1	R	2	49	1	1848
7644	2	54	48.132	  76.000	  59.000	  62.000	  45.132	  81.052	SimA1	R	3	51	3	729
7644	2	55	95.000	  39.684	  80.000	  47.125	  58.000	  65.000	ComD1	R	6	50	2	2190
7644	2	56	48.000	  78.000	  77.000	  48.623	  40.000	  78.000	AttR1	R	3	49	2	1113
7644	2	57	48.000	  78.000	  77.000	  48.623	  77.000	  39.623	AttR2	R	1	49	1	1166
7644	2	58	47.000	  81.000	  81.000	  47.000	  81.000	  40.000	AttR2	R	3	50	1	912
7644	2	59	81.000	  46.543	  58.000	  65.000	  43.333	  87.000	ComD2	R	3	50	1	1958
7644	2	60	49.282	  78.000	  62.000	  62.000	  45.282	  84.890	SimA1	R	3	50	1	2211
7644	2	61	48.132	  76.000	  59.000	  62.000	  63.069	  58.000	SimA2	R	3	50	1	5294
7644	2	62	40.890	  91.000	  39.890	  80.747	  42.890	  74.563	Fill5	R	2	49	1	1278
7644	2	63	82.000	  45.878	  57.000	  66.000	  44.786	  84.000	ComD2	R	4	49	3	3967
7644	2	64	84.000	  46.262	  58.000	  67.000	  45.718	  85.000	ComD2	R	2	50	3	7521
7644	2	65	96.000	  39.271	  81.000	  46.543	  58.000	  65.000	ComD1	R	4	49	3	679
7644	2	66	39.775	  89.000	  38.775	  77.188	  40.775	  74.310	Fill5	R	5	51	1	703
7644	2	67	91.000	  38.901	  89.000	  34.742	  92.000	  33.957	Fill1	R	2	49	1	940
7644	2	68	49.000	  79.000	  77.000	  50.273	  40.000	  79.000	AttR1	R	3	49	2	1120
7644	2	69	94.000	  40.234	  91.000	  37.154	  95.000	  35.232	Fill1	R	3	49	2	1022
7644	2	70	49.000	  78.000	  77.000	  49.636	  42.000	  78.000	AttR1	R	4	51	2	1288
7644	2	71	46.667	  72.000	  43.667	  67.328	  48.667	  59.630	Fill4	R	6	51	1	648
7644	2	72	71.000	  47.366	  70.000	  41.714	  72.000	  40.444	Fill2	R	2	51	2	720
7644	2	73	81.000	  47.407	  60.000	  64.000	  43.146	  89.000	ComD2	R	6	50	2	1702
7644	2	74	75.000	  46.413	  73.000	  42.192	  76.000	  40.118	Fill2	R	3	50	1	548
7644	2	75	96.000	  39.948	  81.000	  47.346	  59.000	  65.000	ComD1	R	4	51	2	3233
7644	2	76	48.325	  77.000	  61.000	  61.000	  64.155	  58.000	SimA2	R	5	51	1	1617
7644	2	77	49.459	  74.000	  61.000	  60.000	  64.211	  57.000	SimA2	R	3	49	2	715
7644	2	78	41.109	  92.000	  40.109	  80.606	  43.109	  75.112	Fill5	R	3	51	3	577
7644	2	79	81.000	  46.543	  58.000	  65.000	  43.837	  86.000	ComD2	R	6	49	3	1083
7644	2	80	52.000	  79.000	  79.000	  52.000	  45.000	  79.000	AttR1	R	5	51	1	2548
7644	2	81	52.000	  78.000	  80.000	  50.700	  80.000	  42.700	AttR2	R	2	49	1	1297
7644	2	82	47.811	  74.000	  61.000	  58.000	  42.811	  82.643	SimA1	R	4	51	2	586
7644	2	83	59.000	  60.000	  57.000	  53.509	  60.000	  51.667	Fill3	R	2	49	1	3388
7644	2	84	37.753	  89.000	  36.753	  77.028	  39.753	  71.919	Fill5	R	3	50	1	2134
7644	2	85	49.000	  78.000	  77.000	  49.636	  77.000	  40.636	AttR2	R	3	49	2	1571
7644	2	86	90.000	  38.678	  87.000	  34.460	  91.000	  33.615	Fill1	R	4	50	1	534
7644	2	87	49.282	  78.000	  62.000	  62.000	  65.153	  59.000	SimA2	R	5	51	1	2195
7644	2	88	71.000	  47.324	  68.000	  43.132	  73.000	  40.164	Fill2	R	5	49	2	2366
7644	2	89	47.532	  77.000	  60.000	  61.000	  42.532	  86.052	SimA1	R	6	51	1	1360
7644	2	90	50.973	  73.000	  47.973	  67.351	  51.973	  62.822	Fill4	R	5	51	1	839
7644	3	1	59.000	  59.000	  56.000	  53.464	  61.000	  49.803	Fill3	R	5	51	1	1101
7644	3	2	62.000	  59.000	  59.000	  55.136	  63.000	  51.111	Fill3	R	3	50	1	660
7644	3	3	39.557	  88.000	  38.557	  76.044	  41.557	  70.674	Fill5	R	5	51	1	1452
7644	3	4	49.613	  75.000	  61.000	  61.000	  65.281	  57.000	SimA2	R	2	49	1	1612
7644	3	5	49.613	  75.000	  61.000	  61.000	  44.613	  83.406	SimA1	R	3	50	1	511
7644	3	6	81.000	  47.346	  59.000	  65.000	  44.593	  86.000	ComD2	R	2	50	3	700
7644	3	7	49.000	  80.000	  82.000	  47.805	  82.000	  38.805	AttR2	R	3	50	1	1664
7644	3	8	50.000	  80.000	  79.000	  50.633	  43.000	  80.000	AttR1	R	3	50	1	784
7644	3	9	94.000	  38.915	  92.000	  35.293	  96.000	  33.385	Fill1	R	5	51	1	779
7644	3	10	50.000	  77.000	  79.000	  48.734	  41.000	  77.000	AttR1	R	5	51	1	598
7644	3	11	82.000	  45.976	  58.000	  65.000	  43.333	  87.000	ComD2	R	3	50	1	944
7644	3	12	51.000	  82.000	  84.000	  49.786	  84.000	  40.786	AttR2	R	4	51	2	750
7644	3	13	48.000	  75.000	  60.000	  60.000	  43.000	  83.721	SimA1	R	3	50	1	1635
7644	3	14	48.000	  75.000	  60.000	  60.000	  43.000	  83.721	SimA1	R	6	50	2	820
7644	3	15	62.000	  58.000	  61.000	  52.066	  64.000	  48.766	Fill3	R	1	51	3	798
7644	3	16	49.000	  80.000	  81.000	  48.395	  81.000	  40.395	AttR2	R	4	51	2	808
7644	3	17	80.000	  45.675	  58.000	  63.000	  42.488	  86.000	ComD2	R	2	49	1	2187
7644	3	18	48.635	  74.000	  61.000	  59.000	  65.436	  55.000	SimA2	R	1	51	3	966
7644	3	19	50.000	  78.000	  77.000	  50.649	  77.000	  41.649	AttR2	R	2	51	2	792
7644	3	20	50.000	  77.000	  79.000	  48.734	  79.000	  40.734	AttR2	R	3	49	2	499
7644	3	21	80.000	  45.600	  57.000	  64.000	  42.419	  86.000	ComD2	R	3	50	1	769
7644	3	22	95.000	  37.853	  93.000	  33.925	  97.000	  32.619	Fill1	R	3	50	1	668
7644	3	23	51.000	  79.000	  81.000	  49.741	  44.000	  79.000	AttR1	R	3	50	1	699
7644	3	24	59.000	  59.000	  57.000	  52.632	  62.000	  48.435	Fill3	R	5	51	1	976
7644	3	25	79.000	  46.177	  57.000	  64.000	  43.429	  84.000	ComD2	R	3	51	3	1147
7644	3	26	81.000	  47.346	  59.000	  65.000	  43.580	  88.000	ComD2	R	4	49	3	624
7644	3	27	48.649	  74.000	  60.000	  60.000	  63.158	  57.000	SimA2	R	6	51	1	772
7644	3	28	95.000	  38.463	  80.000	  45.675	  58.000	  63.000	ComD1	R	5	51	1	694
7644	3	29	77.000	  47.506	  74.000	  43.176	  78.000	  41.551	Fill2	R	4	50	1	1429
7644	3	30	81.000	  47.259	  58.000	  66.000	  45.035	  85.000	ComD2	R	6	51	1	825
7644	3	31	91.000	  36.967	  90.000	  32.867	  93.000	  31.022	Fill1	R	5	51	1	2171
7644	3	32	51.000	  82.000	  84.000	  49.786	  42.000	  82.000	AttR1	R	2	51	2	894
7644	3	33	49.471	  68.000	  46.471	  63.309	  50.471	  57.836	Fill4	R	5	51	1	1271
7644	3	34	96.000	  38.000	  80.000	  45.600	  57.000	  64.000	ComD1	R	4	49	3	967
7644	3	35	73.000	  46.082	  70.000	  41.586	  76.000	  38.303	Fill2	R	1	49	1	936
7644	3	36	50.110	  73.000	  48.110	  65.954	  52.110	  61.908	Fill4	R	1	49	1	1214
7644	3	37	52.116	  69.000	  50.116	  62.834	  54.116	  58.874	Fill4	R	2	50	3	912
7644	3	38	47.838	  74.000	  59.000	  60.000	  42.838	  82.637	SimA1	R	2	50	3	710
7644	3	39	58.000	  58.000	  55.000	  53.818	  60.000	  48.300	Fill3	R	6	51	1	1763
7644	3	40	49.000	  80.000	  82.000	  47.805	  42.000	  80.000	AttR1	R	5	51	1	673
7644	3	41	77.000	  46.701	  75.000	  41.693	  80.000	  38.987	Fill2	R	4	50	1	688
7644	3	42	39.112	  89.000	  38.112	  77.245	  40.112	  74.142	Fill5	R	4	50	1	680
7644	3	43	49.613	  75.000	  61.000	  61.000	  65.281	  57.000	SimA2	R	2	51	2	4009
7644	3	44	75.000	  48.773	  73.000	  44.027	  77.000	  41.805	Fill2	R	4	50	1	820
7644	3	45	91.000	  40.198	  88.000	  36.841	  94.000	  34.532	Fill1	R	2	49	1	911
7644	3	46	49.000	  80.000	  81.000	  48.395	  40.000	  80.000	AttR1	R	4	51	2	653
7644	3	47	40.198	  91.000	  37.198	  84.199	  41.198	  76.096	Fill5	R	1	49	1	1548
7644	3	48	59.000	  62.000	  56.000	  57.482	  61.000	  52.164	Fill3	R	3	50	1	640
7644	3	49	48.800	  75.000	  61.000	  60.000	  65.357	  56.000	SimA2	R	3	50	1	528
7644	3	50	96.000	  39.875	  81.000	  47.259	  58.000	  66.000	ComD1	R	5	51	1	1326
7644	3	51	49.000	  78.000	  79.000	  48.380	  42.000	  78.000	AttR1	R	5	49	2	603
7644	3	52	50.000	  82.000	  84.000	  48.810	  84.000	  40.810	AttR2	R	2	51	2	646
7644	3	53	51.000	  79.000	  81.000	  49.741	  43.000	  79.000	AttR1	R	3	49	2	630
7644	3	54	49.613	  75.000	  61.000	  61.000	  45.613	  81.577	SimA1	R	1	51	3	1721
7644	3	55	100.000	  39.530	  82.000	  48.207	  59.000	  67.000	ComD1	R	3	50	1	518
7644	3	56	96.000	  38.667	  80.000	  46.400	  58.000	  64.000	ComD1	R	4	51	2	899
7644	3	57	48.635	  74.000	  61.000	  59.000	  43.635	  82.479	SimA1	R	3	51	3	1848
7644	3	58	46.579	  76.000	  59.000	  60.000	  43.579	  81.232	SimA1	R	2	49	1	945
7644	3	59	92.000	  37.837	  89.000	  34.416	  94.000	  32.415	Fill1	R	6	51	1	1142
7644	3	60	46.579	  76.000	  59.000	  60.000	  62.105	  57.000	SimA2	R	4	50	1	1443
7644	3	61	50.000	  80.000	  79.000	  50.633	  79.000	  43.633	AttR2	R	5	49	2	787
7644	3	62	38.227	  88.000	  36.227	  77.870	  40.227	  70.947	Fill5	R	2	49	1	1046
7644	3	63	50.000	  82.000	  84.000	  48.810	  43.000	  82.000	AttR1	R	4	51	2	1445
7644	3	64	49.000	  78.000	  79.000	  48.380	  79.000	  40.380	AttR2	R	4	51	2	1333
7644	3	65	83.000	  46.120	  58.000	  66.000	  44.512	  86.000	ComD2	R	3	51	3	876
7644	3	66	97.000	  39.464	  83.000	  46.120	  58.000	  66.000	ComD1	R	3	49	2	1172
7644	3	67	50.000	  78.000	  77.000	  50.649	  41.000	  78.000	AttR1	R	4	51	2	1773
7644	3	68	95.000	  40.368	  81.000	  47.346	  59.000	  65.000	ComD1	R	4	50	1	896
7644	3	69	80.000	  46.400	  58.000	  64.000	  43.671	  85.000	ComD2	R	1	49	1	816
7644	3	70	94.000	  38.809	  79.000	  46.177	  57.000	  64.000	ComD1	R	4	51	2	1291
7644	3	71	48.000	  75.000	  60.000	  60.000	  63.158	  57.000	SimA2	R	4	50	1	1987
7644	3	72	50.449	  69.000	  48.449	  61.570	  51.449	  59.748	Fill4	R	3	50	1	878
7644	3	73	75.000	  46.413	  74.000	  40.311	  78.000	  38.641	Fill2	R	1	49	1	894
7644	3	74	51.000	  79.000	  81.000	  49.741	  81.000	  41.741	AttR2	R	3	49	2	974
7644	3	75	47.838	  74.000	  59.000	  60.000	  63.214	  56.000	SimA2	R	1	49	1	3841
7644	3	76	47.838	  74.000	  60.000	  59.000	  43.838	  80.752	SimA1	R	3	49	2	1961
7644	3	77	82.000	  48.207	  59.000	  67.000	  45.965	  86.000	ComD2	R	3	50	1	767
7644	3	78	41.568	  88.000	  39.568	  79.660	  43.568	  72.438	Fill5	R	4	50	1	777
7644	3	79	48.649	  74.000	  60.000	  60.000	  45.649	  78.863	SimA1	R	3	51	3	628
7644	3	80	51.000	  79.000	  81.000	  49.741	  81.000	  42.741	AttR2	R	2	51	2	607
7644	3	81	48.800	  75.000	  61.000	  60.000	  44.800	  81.696	SimA1	R	2	50	3	2017
7644	3	82	47.838	  74.000	  60.000	  59.000	  64.364	  55.000	SimA2	R	5	51	1	1212
7644	3	83	75.000	  46.413	  73.000	  41.795	  76.000	  40.408	Fill2	R	3	50	1	607
7644	3	84	50.449	  69.000	  48.449	  61.652	  51.449	  57.979	Fill4	R	1	49	1	680
7644	3	85	98.000	  38.469	  82.000	  45.976	  58.000	  65.000	ComD1	R	2	49	1	663
7644	3	86	40.404	  89.000	  38.404	  80.459	  41.404	  74.412	Fill5	R	5	51	1	785
7644	3	87	92.000	  37.837	  89.000	  34.225	  95.000	  31.589	Fill1	R	5	50	3	323
7644	3	88	95.000	  40.368	  81.000	  47.346	  59.000	  65.000	ComD1	R	6	50	2	896
7644	3	89	48.000	  75.000	  60.000	  60.000	  64.286	  56.000	SimA2	R	2	50	3	800
7644	3	90	52.257	  70.000	  49.257	  64.965	  54.257	  59.826	Fill4	R	3	50	1	651
7644	4	1	90.000	  38.678	  87.000	  35.092	  91.000	  33.626	Fill1	R	2	49	1	1421
7644	4	2	60.000	  61.000	  59.000	  54.661	  61.000	  52.639	Fill3	R	3	49	2	3024
7644	4	3	47.685	  73.000	  59.000	  59.000	  44.685	  77.901	SimA1	R	4	50	1	860
7644	4	4	76.000	  48.158	  74.000	  42.797	  79.000	  40.658	Fill2	R	4	50	1	540
7644	4	5	39.557	  88.000	  38.557	  76.044	  41.557	  71.589	Fill5	R	6	49	3	2368
7644	4	6	47.200	  75.000	  59.000	  60.000	  43.200	  81.944	SimA1	R	6	49	3	1164
7644	4	7	48.961	  76.000	  61.000	  61.000	  45.961	  80.961	SimA1	R	2	50	3	465
7644	4	8	52.000	  81.000	  81.000	  52.000	  81.000	  43.000	AttR2	R	5	49	2	753
7644	4	9	52.000	  81.000	  81.000	  52.000	  44.000	  81.000	AttR1	R	5	50	3	567
7644	4	10	47.200	  75.000	  59.000	  60.000	  63.214	  56.000	SimA2	R	3	50	1	488
7644	4	11	82.000	  46.683	  58.000	  66.000	  44.000	  87.000	ComD2	R	5	51	1	888
7644	4	12	61.000	  60.000	  60.000	  53.317	  64.000	  49.797	Fill3	R	6	50	2	576
7644	4	13	81.000	  48.148	  60.000	  65.000	  43.820	  89.000	ComD2	R	5	50	3	571
7644	4	14	73.000	  47.685	  72.000	  42.264	  74.000	  40.581	Fill2	R	3	50	1	574
7644	4	15	50.000	  79.000	  80.000	  49.375	  43.000	  79.000	AttR1	R	6	50	2	576
7644	4	16	48.595	  74.000	  62.000	  58.000	  45.595	  78.869	SimA1	R	4	50	1	1187
7644	4	17	49.729	  70.000	  47.729	  64.259	  51.729	  58.807	Fill4	R	5	51	1	822
7644	4	18	96.000	  39.875	  82.000	  46.683	  58.000	  66.000	ComD1	R	3	49	2	1032
7644	4	19	93.000	  40.667	  91.000	  36.725	  96.000	  34.562	Fill1	R	1	49	1	760
7644	4	20	95.000	  39.684	  80.000	  47.125	  58.000	  65.000	ComD1	R	2	51	2	2326
7644	4	21	40.667	  93.000	  37.667	  86.310	  42.667	  76.430	Fill5	R	5	51	1	1771
7644	4	22	48.158	  76.000	  60.000	  61.000	  63.103	  58.000	SimA2	R	5	51	1	790
7644	4	23	82.000	  45.183	  57.000	  65.000	  43.588	  85.000	ComD2	R	5	51	1	1712
7644	4	24	49.613	  75.000	  61.000	  61.000	  64.155	  58.000	SimA2	R	3	49	2	2967
7644	4	25	48.158	  76.000	  60.000	  61.000	  44.158	  82.884	SimA1	R	4	49	3	3840
7644	4	26	92.000	  39.783	  90.000	  35.644	  93.000	  34.817	Fill1	R	1	49	1	881
7644	4	27	76.000	  48.158	  73.000	  44.205	  77.000	  41.714	Fill2	R	1	50	2	609
7644	4	28	49.000	  80.000	  81.000	  48.395	  81.000	  39.395	AttR2	R	4	51	2	2347
7644	4	29	82.000	  47.488	  59.000	  66.000	  44.759	  87.000	ComD2	R	4	51	2	1120
7644	4	30	75.000	  48.800	  73.000	  43.740	  76.000	  41.632	Fill2	R	6	51	1	3821
7644	4	31	76.000	  49.763	  74.000	  45.257	  77.000	  43.208	Fill2	R	6	51	1	2832
7644	4	32	46.740	  77.000	  59.000	  61.000	  41.740	  86.224	SimA1	R	4	51	2	1120
7644	4	33	50.000	  79.000	  80.000	  49.375	  80.000	  41.375	AttR2	R	4	49	3	582
7644	4	34	49.000	  80.000	  80.000	  49.000	  41.000	  80.000	AttR1	R	2	50	3	352
7644	4	35	50.000	  81.000	  80.000	  50.625	  80.000	  42.625	AttR2	R	2	51	2	734
7644	4	36	80.000	  45.600	  57.000	  64.000	  42.918	  85.000	ComD2	R	5	51	1	699
7644	4	37	82.000	  45.976	  58.000	  65.000	  43.333	  87.000	ComD2	R	1	50	2	2800
7644	4	38	60.000	  61.000	  58.000	  55.155	  61.000	  52.393	Fill3	R	1	50	2	270
7644	4	39	96.000	  38.594	  82.000	  45.183	  57.000	  65.000	ComD1	R	3	49	2	2716
7644	4	40	48.595	  74.000	  62.000	  58.000	  66.593	  54.000	SimA2	R	3	51	3	553
7644	4	41	48.000	  81.000	  81.000	  48.000	  81.000	  39.000	AttR2	R	5	49	2	703
7644	4	42	94.000	  38.809	  80.000	  45.600	  57.000	  64.000	ComD1	R	5	49	2	1172
7644	4	43	91.000	  40.220	  88.000	  35.920	  92.000	  35.315	Fill1	R	5	51	1	943
7644	4	44	97.000	  40.144	  82.000	  47.488	  59.000	  66.000	ComD1	R	5	51	1	652
7644	4	45	96.000	  40.625	  81.000	  48.148	  60.000	  65.000	ComD1	R	5	49	2	627
7644	4	46	48.000	  82.000	  84.000	  46.857	  41.000	  82.000	AttR1	R	6	49	3	767
7644	4	47	59.000	  59.000	  56.000	  54.089	  60.000	  50.433	Fill3	R	2	49	1	1121
7644	4	48	46.413	  75.000	  59.000	  59.000	  41.413	  84.055	SimA1	R	6	51	1	758
7644	4	49	97.000	  38.866	  82.000	  45.976	  58.000	  65.000	ComD1	R	2	49	1	996
7644	4	50	51.000	  80.000	  78.000	  52.308	  78.000	  43.308	AttR2	R	4	51	2	1366
7644	4	51	52.286	  70.000	  51.286	  61.869	  54.286	  59.887	Fill4	R	3	50	1	647
7644	4	52	51.304	  69.000	  48.304	  65.005	  53.304	  57.631	Fill4	R	1	50	2	2152
7644	4	53	49.000	  80.000	  81.000	  48.395	  81.000	  40.395	AttR2	R	3	50	1	606
7644	4	54	47.685	  73.000	  59.000	  59.000	  62.161	  56.000	SimA2	R	2	51	2	2005
7644	4	55	80.000	  46.400	  58.000	  64.000	  43.163	  86.000	ComD2	R	3	50	1	2019
7644	4	56	49.000	  80.000	  81.000	  48.395	  42.000	  80.000	AttR1	R	5	49	2	2199
7644	4	57	92.000	  39.783	  91.000	  35.736	  95.000	  33.453	Fill1	R	2	49	1	1016
7644	4	58	49.000	  80.000	  81.000	  48.395	  41.000	  80.000	AttR1	R	4	51	2	732
7644	4	59	76.000	  46.579	  75.000	  41.733	  78.000	  40.192	Fill2	R	3	50	1	640
7644	4	60	39.333	  90.000	  37.333	  80.116	  40.333	  74.826	Fill5	R	2	50	3	681
7644	4	61	47.838	  74.000	  60.000	  59.000	  65.556	  54.000	SimA2	R	4	49	3	1249
7644	4	62	46.413	  75.000	  59.000	  59.000	  64.463	  54.000	SimA2	R	5	50	3	881
7644	4	63	51.000	  83.000	  82.000	  51.622	  43.000	  83.000	AttR1	R	5	49	2	1200
7644	4	64	51.000	  80.000	  78.000	  52.308	  42.000	  80.000	AttR1	R	4	51	2	821
7644	4	65	48.000	  82.000	  84.000	  46.857	  84.000	  38.857	AttR2	R	5	49	2	1392
7644	4	66	51.108	  74.000	  49.108	  68.848	  52.108	  64.232	Fill4	R	4	50	1	553
7644	4	67	61.000	  62.000	  60.000	  55.233	  64.000	  52.469	Fill3	R	3	50	1	518
7644	4	68	97.000	  38.268	  80.000	  46.400	  58.000	  64.000	ComD1	R	3	50	1	4963
7644	4	69	49.613	  75.000	  61.000	  61.000	  46.613	  79.827	SimA1	R	5	49	2	4808
7644	4	70	40.220	  91.000	  37.220	  84.632	  41.220	  76.517	Fill5	R	4	50	1	627
7644	4	71	93.000	  38.065	  91.000	  34.242	  96.000	  31.958	Fill1	R	3	50	1	623
7644	4	72	47.838	  74.000	  60.000	  59.000	  42.838	  82.637	SimA1	R	4	51	2	712
7644	4	73	60.000	  59.000	  58.000	  53.362	  63.000	  49.429	Fill3	R	5	50	3	5495
7644	4	74	49.000	  80.000	  80.000	  49.000	  80.000	  42.000	AttR2	R	5	49	2	991
7644	4	75	46.740	  77.000	  59.000	  61.000	  64.268	  56.000	SimA2	R	2	50	3	1136
7644	4	76	80.000	  46.312	  57.000	  65.000	  44.107	  84.000	ComD2	R	1	51	3	1239
7644	4	77	80.000	  47.125	  58.000	  65.000	  43.837	  86.000	ComD2	R	2	49	1	1247
7644	4	78	51.000	  83.000	  82.000	  51.622	  82.000	  42.622	AttR2	R	5	49	2	607
7644	4	79	50.833	  72.000	  48.833	  65.283	  52.833	  61.174	Fill4	R	4	50	1	657
7644	4	80	47.987	  75.000	  61.000	  59.000	  44.987	  80.001	SimA1	R	3	50	1	529
7644	4	81	40.667	  90.000	  39.667	  78.782	  42.667	  73.711	Fill5	R	3	50	1	438
7644	4	82	50.833	  72.000	  47.833	  66.711	  51.833	  61.968	Fill4	R	4	50	1	502
7644	4	83	97.000	  38.196	  80.000	  46.312	  57.000	  65.000	ComD1	R	5	49	2	1155
7644	4	84	39.783	  92.000	  36.783	  85.611	  40.783	  76.528	Fill5	R	4	51	2	1215
7644	4	85	96.000	  38.594	  80.000	  46.312	  57.000	  65.000	ComD1	R	4	51	2	843
7644	4	86	48.961	  76.000	  61.000	  61.000	  66.446	  56.000	SimA2	R	2	50	3	1203
7644	4	87	48.000	  81.000	  81.000	  48.000	  41.000	  81.000	AttR1	R	3	50	1	870
7644	4	88	50.000	  81.000	  80.000	  50.625	  42.000	  81.000	AttR1	R	3	50	1	2422
7644	4	89	47.987	  75.000	  61.000	  59.000	  64.268	  56.000	SimA2	R	3	50	1	2000
7644	4	90	80.000	  46.312	  57.000	  65.000	  43.588	  85.000	ComD2	R	6	51	1	1923
7644	5	1	83.000	  46.120	  58.000	  66.000	  44.512	  86.000	ComD2	R	2	50	3	974
7644	5	2	46.413	  75.000	  59.000	  59.000	  42.413	  82.073	SimA1	R	5	50	3	652
7644	5	3	92.000	  39.120	  89.000	  35.787	  95.000	  32.758	Fill1	R	4	50	1	620
7644	5	4	80.000	  47.125	  58.000	  65.000	  43.333	  87.000	ComD2	R	2	50	3	574
7644	5	5	82.000	  45.183	  57.000	  65.000	  44.107	  84.000	ComD2	R	4	50	1	658
7644	5	6	48.169	  71.000	  47.169	  62.520	  49.169	  59.651	Fill4	R	3	50	1	873
7644	5	7	41.568	  88.000	  40.568	  77.401	  43.568	  71.750	Fill5	R	4	51	2	480
7644	5	8	50.833	  72.000	  47.833	  67.296	  51.833	  61.621	Fill4	R	5	51	1	618
7644	5	9	97.000	  40.144	  82.000	  47.488	  59.000	  66.000	ComD1	R	6	49	3	467
7644	5	10	48.158	  76.000	  61.000	  60.000	  45.158	  81.049	SimA1	R	4	50	1	291
7644	5	11	47.200	  75.000	  60.000	  59.000	  65.556	  54.000	SimA2	R	2	50	3	570
7644	5	12	47.532	  77.000	  60.000	  61.000	  44.532	  82.187	SimA1	R	4	50	1	606
7644	5	13	74.000	  47.041	  73.000	  42.205	  76.000	  40.224	Fill2	R	1	49	1	584
7644	5	14	47.838	  74.000	  60.000	  59.000	  43.838	  80.752	SimA1	R	2	51	2	676
7644	5	15	82.000	  45.878	  57.000	  66.000	  44.786	  84.000	ComD2	R	3	50	1	499
7644	5	16	40.667	  90.000	  38.667	  80.534	  41.667	  75.816	Fill5	R	4	50	1	528
7644	5	17	76.000	  47.355	  74.000	  43.189	  78.000	  40.795	Fill2	R	1	49	1	726
7644	5	18	50.000	  82.000	  84.000	  48.810	  41.000	  82.000	AttR1	R	2	51	2	475
7644	5	19	51.000	  82.000	  82.000	  51.000	  82.000	  42.000	AttR2	R	4	51	2	611
7644	5	20	50.000	  81.000	  83.000	  48.795	  43.000	  81.000	AttR1	R	3	50	1	918
7644	5	21	76.000	  48.158	  73.000	  44.178	  79.000	  41.076	Fill2	R	2	49	1	915
7644	5	22	47.200	  75.000	  60.000	  59.000	  44.200	  80.090	SimA1	R	2	51	2	488
7644	5	23	62.000	  59.000	  61.000	  51.885	  64.000	  50.500	Fill3	R	3	50	1	536
7644	5	24	40.438	  89.000	  38.438	  80.155	  42.438	  72.105	Fill5	R	2	49	1	2598
7644	5	25	96.000	  39.188	  82.000	  45.878	  57.000	  66.000	ComD1	R	6	51	1	2289
7644	5	26	61.000	  60.000	  58.000	  55.483	  64.000	  49.875	Fill3	R	5	51	1	1848
7644	5	27	50.000	  72.000	  48.000	  65.875	  51.000	  60.863	Fill4	R	1	49	1	1968
7644	5	28	50.000	  80.000	  80.000	  50.000	  80.000	  41.000	AttR2	R	2	49	1	724
7644	5	29	50.000	  81.000	  83.000	  48.795	  83.000	  40.795	AttR2	R	6	50	2	1736
7644	5	30	50.000	  78.000	  79.000	  49.367	  43.000	  78.000	AttR1	R	1	50	2	4287
7644	5	31	48.158	  76.000	  61.000	  60.000	  64.211	  57.000	SimA2	R	5	50	3	1094
7644	5	32	48.800	  75.000	  61.000	  60.000	  45.800	  79.913	SimA1	R	4	50	1	662
7644	5	33	50.000	  82.000	  84.000	  48.810	  84.000	  39.810	AttR2	R	4	51	2	1702
7644	5	34	61.000	  59.000	  59.000	  52.644	  64.000	  48.797	Fill3	R	4	50	1	643
7644	5	35	50.000	  79.000	  80.000	  49.375	  41.000	  79.000	AttR1	R	4	50	1	755
7644	5	36	51.000	  81.000	  80.000	  51.638	  80.000	  44.638	AttR2	R	5	49	2	696
7644	5	37	51.000	  81.000	  80.000	  51.638	  42.000	  81.000	AttR1	R	2	51	2	2736
7644	5	38	46.877	  73.000	  58.000	  59.000	  41.877	  81.716	SimA1	R	2	49	1	1710
7644	5	39	50.110	  73.000	  62.000	  59.000	  65.321	  56.000	SimA2	R	6	50	2	1099
7644	5	40	82.000	  47.488	  59.000	  66.000	  45.279	  86.000	ComD2	R	4	51	2	768
7644	5	41	51.000	  82.000	  82.000	  51.000	  42.000	  82.000	AttR1	R	4	50	1	587
7644	5	42	50.000	  80.000	  80.000	  50.000	  42.000	  80.000	AttR1	R	6	50	2	542
7644	5	43	50.077	  78.000	  62.000	  63.000	  67.345	  58.000	SimA2	R	5	51	1	451
7644	5	44	47.838	  74.000	  60.000	  59.000	  64.364	  55.000	SimA2	R	1	51	3	1019
7644	5	45	54.000	  82.000	  80.000	  55.350	  80.000	  46.350	AttR2	R	5	49	2	1014
7644	5	46	81.000	  46.543	  58.000	  65.000	  44.353	  85.000	ComD2	R	4	50	1	1503
7644	5	47	50.000	  79.000	  80.000	  49.375	  80.000	  40.375	AttR2	R	5	51	1	782
7644	5	48	91.000	  38.253	  88.000	  34.432	  92.000	  32.804	Fill1	R	5	49	2	2224
7644	5	49	96.000	  39.271	  81.000	  46.543	  58.000	  65.000	ComD1	R	5	51	1	779
7644	5	50	49.000	  80.000	  79.000	  49.620	  79.000	  42.620	AttR2	R	6	50	2	1414
7644	5	51	40.449	  89.000	  37.449	  82.511	  42.449	  72.557	Fill5	R	6	50	2	1024
7644	5	52	50.110	  73.000	  62.000	  59.000	  46.110	  79.333	SimA1	R	2	50	3	2699
7644	5	53	71.000	  48.169	  70.000	  42.700	  74.000	  39.554	Fill2	R	2	49	1	784
7644	5	54	59.000	  59.000	  57.000	  53.754	  61.000	  49.180	Fill3	R	5	50	3	924
7644	5	55	60.000	  60.000	  59.000	  53.220	  61.000	  51.934	Fill3	R	3	51	3	752
7644	5	56	97.000	  37.608	  80.000	  45.600	  57.000	  64.000	ComD1	R	4	49	3	1158
7644	5	57	50.000	  78.000	  79.000	  49.367	  79.000	  41.367	AttR2	R	5	49	2	1220
7644	5	58	50.077	  78.000	  62.000	  63.000	  47.077	  82.971	SimA1	R	5	50	3	16069
7644	5	59	83.000	  45.325	  57.000	  66.000	  44.786	  84.000	ComD2	R	4	49	3	2278
7644	5	60	38.000	  90.000	  35.000	  82.571	  39.000	  74.718	Fill5	R	5	51	1	934
7644	5	61	49.000	  80.000	  79.000	  49.620	  42.000	  80.000	AttR1	R	5	51	1	611
7644	5	62	81.000	  48.074	  59.000	  66.000	  45.279	  86.000	ComD2	R	2	50	3	558
7644	5	63	99.000	  38.667	  83.000	  46.120	  58.000	  66.000	ComD1	R	2	50	3	875
7644	5	64	54.000	  82.000	  80.000	  55.350	  47.000	  82.000	AttR1	R	4	51	2	1139
7644	5	65	94.000	  38.936	  91.000	  35.670	  97.000	  32.701	Fill1	R	4	50	1	600
7644	5	66	96.000	  38.667	  80.000	  46.400	  58.000	  64.000	ComD1	R	1	50	2	508
7644	5	67	91.000	  39.560	  88.000	  35.784	  94.000	  33.457	Fill1	R	5	51	1	777
7644	5	68	75.000	  48.000	  74.000	  43.189	  76.000	  41.303	Fill2	R	5	49	2	1083
7644	5	69	51.000	  79.000	  80.000	  50.362	  80.000	  41.362	AttR2	R	4	50	1	683
7644	5	70	48.800	  75.000	  60.000	  61.000	  43.800	  83.562	SimA1	R	3	50	1	779
7644	5	71	48.800	  75.000	  60.000	  61.000	  63.103	  58.000	SimA2	R	2	50	3	3742
7644	5	72	46.877	  73.000	  58.000	  59.000	  61.107	  56.000	SimA2	R	5	50	3	700
7644	5	73	53.014	  69.000	  52.014	  61.906	  55.014	  58.366	Fill4	R	2	49	1	593
7644	5	74	49.028	  71.000	  46.028	  65.373	  50.028	  61.325	Fill4	R	1	49	1	957
7644	5	75	52.159	  69.000	  50.159	  63.637	  54.159	  58.863	Fill4	R	5	51	1	672
7644	5	76	97.000	  40.144	  81.000	  48.074	  59.000	  66.000	ComD1	R	4	50	1	3000
7644	5	77	88.000	  38.864	  86.000	  34.512	  90.000	  33.178	Fill1	R	5	51	1	819
7644	5	78	39.112	  89.000	  38.112	  77.088	  41.112	  72.338	Fill5	R	2	50	3	654
7644	5	79	46.413	  75.000	  59.000	  59.000	  62.161	  56.000	SimA2	R	5	51	1	1230
7644	5	80	57.000	  60.000	  55.000	  54.145	  60.000	  50.067	Fill3	R	2	49	1	1415
7644	5	81	99.000	  38.000	  83.000	  45.325	  57.000	  66.000	ComD1	R	3	50	1	2763
7644	5	82	80.000	  46.400	  58.000	  64.000	  43.163	  86.000	ComD2	R	4	50	1	16928
7644	5	83	97.000	  38.196	  82.000	  45.183	  57.000	  65.000	ComD1	R	2	50	3	775
7644	5	84	51.000	  79.000	  80.000	  50.362	  42.000	  79.000	AttR1	R	3	50	1	561
7644	5	85	77.000	  47.506	  75.000	  42.907	  80.000	  40.487	Fill2	R	3	50	1	406
7644	5	86	98.000	  38.469	  80.000	  47.125	  58.000	  65.000	ComD1	R	5	50	3	663
7644	5	87	47.532	  77.000	  60.000	  61.000	  63.103	  58.000	SimA2	R	3	51	3	1536
7644	5	88	48.800	  75.000	  61.000	  60.000	  66.545	  55.000	SimA2	R	4	51	2	502
7644	5	89	93.000	  39.333	  91.000	  34.879	  95.000	  34.168	Fill1	R	5	51	1	835
7644	5	90	80.000	  45.600	  57.000	  64.000	  42.419	  86.000	ComD2	R	3	49	2	699
7644	6	1	96.000	  39.948	  82.000	  46.768	  59.000	  65.000	ComD1	R	3	49	2	933
7644	6	2	82.000	  46.768	  59.000	  65.000	  44.593	  86.000	ComD2	R	5	50	3	1283
7644	6	3	48.000	  75.000	  60.000	  60.000	  63.158	  57.000	SimA2	R	6	51	1	675
7644	6	4	95.000	  39.811	  94.000	  35.894	  98.000	  33.837	Fill1	R	4	50	1	667
7644	6	5	47.368	  76.000	  60.000	  60.000	  63.158	  57.000	SimA2	R	3	51	3	539
7644	6	6	52.000	  79.000	  78.000	  52.667	  78.000	  43.667	AttR2	R	3	49	2	568
7644	6	7	39.775	  89.000	  37.775	  79.655	  41.775	  72.579	Fill5	R	2	49	1	1523
7644	6	8	50.000	  82.000	  84.000	  48.810	  84.000	  40.810	AttR2	R	2	51	2	752
7644	6	9	50.000	  80.000	  82.000	  48.780	  82.000	  39.780	AttR2	R	6	51	1	589
7644	6	10	80.000	  47.938	  59.000	  65.000	  44.593	  86.000	ComD2	R	5	50	3	1529
7644	6	11	59.000	  60.000	  58.000	  53.810	  60.000	  51.067	Fill3	R	3	51	3	1191
7644	6	12	48.000	  75.000	  60.000	  60.000	  43.000	  83.721	SimA1	R	2	51	2	1920
7644	6	13	39.783	  92.000	  38.783	  80.577	  40.783	  76.650	Fill5	R	4	50	1	487
7644	6	14	47.671	  73.000	  60.000	  58.000	  44.671	  77.902	SimA1	R	3	50	1	485
7644	6	15	48.649	  74.000	  60.000	  60.000	  43.649	  82.477	SimA1	R	3	49	2	806
7644	6	16	48.000	  79.000	  79.000	  48.000	  79.000	  41.000	AttR2	R	5	51	1	1184
7644	6	17	60.000	  61.000	  59.000	  53.729	  62.000	  51.032	Fill3	R	4	50	1	1067
7644	6	18	100.000	  38.860	  84.000	  46.262	  58.000	  67.000	ComD1	R	2	51	2	2579
7644	6	19	59.000	  60.000	  56.000	  54.893	  60.000	  51.300	Fill3	R	1	49	1	1870
7644	6	20	76.000	  47.368	  73.000	  42.616	  79.000	  40.405	Fill2	R	5	50	3	830
7644	6	21	50.000	  72.000	  48.000	  65.083	  51.000	  61.843	Fill4	R	3	50	1	800
7644	6	22	99.000	  39.253	  83.000	  46.819	  58.000	  67.000	ComD1	R	5	51	1	3028
7644	6	23	75.000	  47.200	  74.000	  41.743	  78.000	  40.231	Fill2	R	6	49	3	1638
7644	6	24	82.000	  46.768	  59.000	  65.000	  44.593	  86.000	ComD2	R	4	50	1	590
7644	6	25	50.000	  80.000	  82.000	  48.780	  41.000	  80.000	AttR1	R	2	51	2	529
7644	6	26	95.000	  39.000	  81.000	  45.741	  57.000	  65.000	ComD1	R	2	51	2	719
7644	6	27	47.368	  76.000	  60.000	  60.000	  42.368	  84.969	SimA1	R	5	50	3	812
7644	6	28	41.109	  92.000	  38.109	  85.335	  43.109	  75.832	Fill5	R	5	51	1	783
7644	6	29	46.740	  77.000	  59.000	  61.000	  64.268	  56.000	SimA2	R	6	51	1	841
7644	6	30	48.961	  76.000	  61.000	  61.000	  45.961	  80.961	SimA1	R	2	49	1	1624
7644	6	31	97.000	  39.536	  82.000	  46.768	  59.000	  65.000	ComD1	R	4	51	2	1435
7644	6	32	91.000	  38.901	  89.000	  35.112	  92.000	  33.489	Fill1	R	2	49	1	676
7644	6	33	61.000	  58.000	  58.000	  52.569	  64.000	  48.266	Fill3	R	3	50	1	667
7644	6	34	47.838	  74.000	  59.000	  60.000	  63.214	  56.000	SimA2	R	4	50	1	819
7644	6	35	48.635	  74.000	  61.000	  59.000	  43.635	  82.479	SimA1	R	3	50	1	510
7644	6	36	48.158	  76.000	  61.000	  60.000	  45.158	  81.049	SimA1	R	3	51	3	515
7644	6	37	52.000	  79.000	  78.000	  52.667	  45.000	  79.000	AttR1	R	4	51	2	536
7644	6	38	39.333	  90.000	  38.333	  78.496	  40.333	  75.099	Fill5	R	5	51	1	718
7644	6	39	49.000	  81.000	  79.000	  50.241	  40.000	  81.000	AttR1	R	4	51	2	612
7644	6	40	50.571	  70.000	  47.571	  64.345	  51.571	  59.413	Fill4	R	4	50	1	1126
7644	6	41	49.000	  80.000	  78.000	  50.256	  42.000	  80.000	AttR1	R	1	50	2	1299
7644	6	42	92.000	  38.457	  90.000	  33.822	  95.000	  33.000	Fill1	R	4	50	1	792
7644	6	43	51.000	  79.000	  79.000	  51.000	  43.000	  79.000	AttR1	R	4	51	2	1283
7644	6	44	48.649	  74.000	  60.000	  60.000	  64.286	  56.000	SimA2	R	5	51	1	12395
7644	6	45	76.000	  49.763	  75.000	  43.907	  78.000	  43.141	Fill2	R	2	49	1	1168
7644	6	46	50.000	  82.000	  82.000	  50.000	  43.000	  82.000	AttR1	R	5	50	3	760
7644	6	47	48.158	  76.000	  61.000	  60.000	  65.357	  56.000	SimA2	R	6	50	2	639
7644	6	48	84.000	  46.262	  58.000	  67.000	  45.186	  86.000	ComD2	R	3	51	3	446
7644	6	49	73.000	  48.493	  72.000	  42.306	  75.000	  41.707	Fill2	R	2	49	1	477
7644	6	50	97.000	  39.536	  80.000	  47.938	  59.000	  65.000	ComD1	R	6	50	2	1054
7644	6	51	49.000	  81.000	  79.000	  50.241	  79.000	  41.241	AttR2	R	3	50	1	542
7644	6	52	97.000	  38.196	  82.000	  45.183	  57.000	  65.000	ComD1	R	3	51	3	523
7644	6	53	81.000	  45.741	  57.000	  65.000	  43.081	  86.000	ComD2	R	4	50	1	720
7644	6	54	40.000	  90.000	  38.000	  81.263	  42.000	  73.357	Fill5	R	4	50	1	751
7644	6	55	60.000	  60.000	  58.000	  55.052	  61.000	  51.951	Fill3	R	2	50	3	731
7644	6	56	47.671	  73.000	  60.000	  58.000	  63.273	  55.000	SimA2	R	2	50	3	720
7644	6	57	51.000	  79.000	  79.000	  51.000	  79.000	  42.000	AttR2	R	3	49	2	710
7644	6	58	75.000	  47.173	  73.000	  42.397	  76.000	  40.513	Fill2	R	1	49	1	877
7644	6	59	52.528	  72.000	  51.528	  63.771	  54.528	  60.868	Fill4	R	4	50	1	564
7644	6	60	48.961	  76.000	  61.000	  61.000	  66.446	  56.000	SimA2	R	2	50	3	584
7644	6	61	91.000	  40.220	  89.000	  36.618	  93.000	  34.054	Fill1	R	1	49	1	595
7644	6	62	83.000	  46.819	  58.000	  67.000	  45.186	  86.000	ComD2	R	2	49	1	1007
7644	6	63	50.571	  70.000	  47.571	  64.724	  52.571	  58.054	Fill4	R	2	49	1	1857
7644	6	64	50.000	  82.000	  82.000	  50.000	  82.000	  42.000	AttR2	R	4	51	2	857
7644	6	65	82.000	  45.183	  57.000	  65.000	  43.081	  86.000	ComD2	R	4	49	3	1136
7644	6	66	96.000	  39.271	  82.000	  45.976	  58.000	  65.000	ComD1	R	4	50	1	431
7644	6	67	82.000	  45.976	  58.000	  65.000	  43.837	  86.000	ComD2	R	5	49	2	993
7644	6	68	49.000	  80.000	  81.000	  48.395	  81.000	  39.395	AttR2	R	5	50	3	1348
7644	6	69	46.740	  77.000	  59.000	  61.000	  43.740	  82.281	SimA1	R	3	50	1	897
7644	6	70	80.000	  47.938	  59.000	  65.000	  43.580	  88.000	ComD2	R	5	50	3	393
7644	6	71	50.833	  72.000	  48.833	  66.307	  51.833	  62.605	Fill4	R	3	50	1	1115
7644	6	72	49.000	  80.000	  78.000	  50.256	  78.000	  41.256	AttR2	R	3	50	1	1248
7644	6	73	76.000	  48.158	  75.000	  43.413	  78.000	  40.654	Fill2	R	4	50	1	832
7644	6	74	50.000	  82.000	  84.000	  48.810	  43.000	  82.000	AttR1	R	3	49	2	2096
7644	6	75	49.000	  81.000	  79.000	  50.241	  79.000	  43.241	AttR2	R	4	50	1	1128
7644	6	76	49.000	  81.000	  79.000	  50.241	  41.000	  81.000	AttR1	R	5	51	1	646
7644	6	77	62.000	  61.000	  60.000	  56.067	  64.000	  52.609	Fill3	R	1	51	3	590
7644	6	78	48.635	  74.000	  61.000	  59.000	  66.648	  54.000	SimA2	R	2	50	3	568
7644	6	79	49.000	  80.000	  81.000	  48.395	  42.000	  80.000	AttR1	R	5	51	1	571
7644	6	80	47.368	  76.000	  60.000	  60.000	  64.286	  56.000	SimA2	R	1	51	3	974
7644	6	81	48.000	  79.000	  79.000	  48.000	  40.000	  79.000	AttR1	R	1	50	2	921
7644	6	82	98.000	  38.388	  81.000	  46.444	  57.000	  66.000	ComD1	R	2	49	1	926
7644	6	83	47.838	  74.000	  59.000	  60.000	  44.838	  78.951	SimA1	R	6	49	3	691
7644	6	84	52.029	  68.000	  50.029	  62.543	  54.029	  57.302	Fill4	R	2	51	2	1251
7644	6	85	47.368	  76.000	  60.000	  60.000	  43.368	  83.010	SimA1	R	2	49	1	1443
7644	6	86	96.000	  39.948	  80.000	  47.938	  59.000	  65.000	ComD1	R	5	51	1	596
7644	6	87	91.000	  39.560	  89.000	  34.865	  93.000	  33.409	Fill1	R	2	49	1	1095
7644	6	88	40.205	  88.000	  38.205	  78.839	  42.205	  71.082	Fill5	R	5	51	1	511
7644	6	89	91.000	  38.901	  88.000	  34.659	  92.000	  33.804	Fill1	R	1	49	1	500
7644	6	90	81.000	  46.444	  57.000	  66.000	  43.744	  86.000	ComD2	R	4	50	1	528
7644	7	1	51.108	  74.000	  48.108	  68.263	  52.108	  64.424	Fill4	R	5	51	1	1342
7644	7	2	41.109	  92.000	  40.109	  80.955	  42.109	  77.442	Fill5	R	5	51	1	1081
7644	7	3	52.000	  83.000	  83.000	  52.000	  83.000	  44.000	AttR2	R	5	49	2	704
7644	7	4	95.000	  39.684	  82.000	  45.976	  58.000	  65.000	ComD1	R	1	49	1	798
7644	7	5	97.000	  37.526	  81.000	  44.938	  56.000	  65.000	ComD1	R	3	49	2	664
7644	7	6	97.000	  38.268	  80.000	  46.400	  58.000	  64.000	ComD1	R	1	49	1	592
7644	7	7	92.000	  41.109	  90.000	  37.200	  94.000	  35.840	Fill1	R	2	49	1	1219
7644	7	8	51.304	  69.000	  49.304	  63.179	  52.304	  58.714	Fill4	R	4	50	1	950
7644	7	9	48.000	  75.000	  60.000	  60.000	  44.000	  81.818	SimA1	R	4	50	1	595
7644	7	10	40.000	  90.000	  38.000	  80.658	  42.000	  73.357	Fill5	R	5	50	3	798
7644	7	11	52.000	  80.000	  78.000	  53.333	  78.000	  45.333	AttR2	R	1	50	2	817
7644	7	12	61.000	  63.000	  59.000	  58.051	  63.000	  54.286	Fill3	R	5	51	1	1835
7644	7	13	50.137	  73.000	  49.137	  64.982	  51.137	  63.398	Fill4	R	2	49	1	747
7644	7	14	92.000	  39.130	  91.000	  34.253	  95.000	  32.811	Fill1	R	2	49	1	720
7644	7	15	94.000	  41.532	  93.000	  36.903	  95.000	  36.305	Fill1	R	3	49	2	550
7644	7	16	48.000	  75.000	  60.000	  60.000	  64.286	  56.000	SimA2	R	4	49	3	1436
7644	7	17	94.000	  38.809	  80.000	  45.600	  57.000	  64.000	ComD1	R	4	51	2	1019
7644	7	18	51.000	  80.000	  81.000	  50.370	  42.000	  80.000	AttR1	R	2	51	2	903
7644	7	19	51.000	  80.000	  80.000	  51.000	  80.000	  44.000	AttR2	R	4	49	3	716
7644	7	20	77.000	  49.909	  74.000	  46.054	  78.000	  43.449	Fill2	R	5	50	3	577
7644	7	21	48.800	  75.000	  60.000	  61.000	  65.357	  56.000	SimA2	R	5	51	1	348
7644	7	22	49.613	  75.000	  61.000	  61.000	  45.613	  81.577	SimA1	R	4	49	3	425
7644	7	23	51.000	  82.000	  83.000	  50.386	  83.000	  41.386	AttR2	R	2	51	2	796
7644	7	24	39.783	  92.000	  38.783	  80.964	  41.783	  75.582	Fill5	R	3	50	1	415
7644	7	25	48.000	  75.000	  60.000	  60.000	  43.000	  83.721	SimA1	R	1	50	2	1296
7644	7	26	60.000	  59.000	  57.000	  54.491	  61.000	  50.967	Fill3	R	6	50	2	7337
7644	7	27	47.200	  75.000	  59.000	  60.000	  42.200	  83.886	SimA1	R	2	49	1	1094
7644	7	28	60.000	  60.000	  59.000	  52.814	  61.000	  52.115	Fill3	R	2	49	1	1454
7644	7	29	46.068	  73.000	  59.000	  57.000	  62.278	  54.000	SimA2	R	4	51	2	2703
7644	7	30	99.000	  38.667	  81.000	  47.259	  58.000	  66.000	ComD1	R	5	49	2	1187
7644	7	31	47.000	  82.000	  82.000	  47.000	  40.000	  82.000	AttR1	R	3	49	2	951
7644	7	32	82.000	  47.488	  59.000	  66.000	  44.250	  88.000	ComD2	R	2	50	3	2420
7644	7	33	74.000	  47.838	  71.000	  44.211	  76.000	  40.789	Fill2	R	5	51	1	1567
7644	7	34	49.613	  75.000	  61.000	  61.000	  65.281	  57.000	SimA2	R	3	51	3	840
7644	7	35	48.800	  75.000	  61.000	  60.000	  45.800	  79.913	SimA1	R	4	50	1	753
7644	7	36	82.000	  45.976	  58.000	  65.000	  43.333	  87.000	ComD2	R	5	50	3	663
7644	7	37	51.000	  82.000	  80.000	  52.275	  80.000	  45.275	AttR2	R	2	51	2	2646
7644	7	38	47.838	  74.000	  60.000	  59.000	  64.364	  55.000	SimA2	R	4	49	3	838
7644	7	39	50.000	  81.000	  83.000	  48.795	  43.000	  81.000	AttR1	R	3	50	1	566
7644	7	40	51.000	  80.000	  81.000	  50.370	  81.000	  42.370	AttR2	R	4	50	1	1151
7644	7	41	76.000	  49.763	  75.000	  44.573	  77.000	  42.675	Fill2	R	5	51	1	918
7644	7	42	51.000	  82.000	  83.000	  50.386	  43.000	  82.000	AttR1	R	3	50	1	1251
7644	7	43	45.789	  76.000	  58.000	  60.000	  62.143	  56.000	SimA2	R	2	50	3	41
7644	7	44	47.200	  75.000	  59.000	  60.000	  63.214	  56.000	SimA2	R	6	50	2	12444
7644	7	45	52.757	  74.000	  50.757	  68.720	  54.757	  63.335	Fill4	R	5	50	3	748
7644	7	46	95.000	  39.074	  81.000	  45.827	  58.000	  64.000	ComD1	R	4	51	2	801
7644	7	47	47.200	  75.000	  60.000	  59.000	  65.556	  54.000	SimA2	R	6	51	1	635
7644	7	48	80.000	  45.600	  57.000	  64.000	  43.429	  84.000	ComD2	R	1	49	1	1555
7644	7	49	49.000	  83.000	  85.000	  47.847	  85.000	  40.847	AttR2	R	3	49	2	26159
7644	7	50	52.000	  83.000	  83.000	  52.000	  45.000	  83.000	AttR1	R	1	50	2	1063
7644	7	51	45.789	  76.000	  58.000	  60.000	  40.789	  85.316	SimA1	R	3	51	3	615
7644	7	52	81.000	  44.938	  56.000	  65.000	  43.333	  84.000	ComD2	R	4	51	2	528
7644	7	53	52.000	  80.000	  78.000	  53.333	  45.000	  80.000	AttR1	R	5	51	1	470
7644	7	54	60.000	  61.000	  58.000	  55.793	  63.000	  51.238	Fill3	R	3	50	1	696
7644	7	55	61.000	  64.000	  59.000	  57.831	  64.000	  53.922	Fill3	R	2	49	1	711
7644	7	56	49.000	  83.000	  85.000	  47.847	  41.000	  83.000	AttR1	R	6	51	1	388
7644	7	57	98.000	  38.469	  81.000	  46.543	  58.000	  65.000	ComD1	R	2	50	3	934
7644	7	58	49.000	  80.000	  82.000	  47.805	  82.000	  39.805	AttR2	R	6	50	2	57
7644	7	59	80.000	  46.400	  58.000	  64.000	  42.667	  87.000	ComD2	R	6	49	3	563
7644	7	60	41.532	  94.000	  39.532	  85.501	  42.532	  78.999	Fill5	R	1	51	3	1312
7644	7	61	47.200	  75.000	  60.000	  59.000	  43.200	  81.944	SimA1	R	5	51	1	686
7644	7	62	48.000	  75.000	  60.000	  60.000	  65.455	  55.000	SimA2	R	3	50	1	398
7644	7	63	47.000	  82.000	  82.000	  47.000	  82.000	  40.000	AttR2	R	3	49	2	656
7644	7	64	51.932	  74.000	  49.932	  68.853	  53.932	  63.802	Fill4	R	2	49	1	9145
7644	7	65	47.838	  74.000	  60.000	  59.000	  42.838	  82.637	SimA1	R	5	51	1	646
7644	7	66	82.000	  48.354	  61.000	  65.000	  44.551	  89.000	ComD2	R	1	51	3	631
7644	7	67	92.000	  39.783	  90.000	  35.178	  95.000	  33.326	Fill1	R	2	49	1	736
7644	7	68	95.000	  41.737	  82.000	  48.354	  61.000	  65.000	ComD1	R	1	50	2	703
7644	7	69	50.000	  81.000	  83.000	  48.795	  83.000	  41.795	AttR2	R	6	50	2	859
7644	7	70	97.000	  40.144	  82.000	  47.488	  59.000	  66.000	ComD1	R	5	51	1	636
7644	7	71	48.800	  75.000	  61.000	  60.000	  65.357	  56.000	SimA2	R	4	50	1	963
7644	7	72	50.000	  72.000	  49.000	  65.020	  51.000	  61.725	Fill4	R	3	50	1	592
7644	7	73	81.000	  45.827	  58.000	  64.000	  42.667	  87.000	ComD2	R	5	51	1	1260
7644	7	74	51.000	  80.000	  80.000	  51.000	  42.000	  80.000	AttR1	R	4	50	1	612
7644	7	75	41.772	  92.000	  38.772	  85.836	  43.772	  75.757	Fill5	R	6	51	1	1111
7644	7	76	80.000	  46.400	  58.000	  64.000	  43.163	  86.000	ComD2	R	1	49	1	683
7644	7	77	76.000	  51.368	  74.000	  46.919	  77.000	  44.403	Fill2	R	1	50	2	507
7644	7	78	39.333	  90.000	  37.333	  80.464	  40.333	  74.802	Fill5	R	3	50	1	592
7644	7	79	48.800	  75.000	  60.000	  61.000	  44.800	  81.696	SimA1	R	2	50	3	483
7644	7	80	74.000	  49.459	  72.000	  45.139	  75.000	  43.373	Fill2	R	3	51	3	571
7644	7	81	81.000	  47.259	  58.000	  66.000	  44.512	  86.000	ComD2	R	6	51	1	638
7644	7	82	93.000	  41.323	  90.000	  38.033	  95.000	  35.558	Fill1	R	5	51	1	686
7644	7	83	81.000	  46.543	  58.000	  65.000	  44.353	  85.000	ComD2	R	5	51	1	582
7644	7	84	91.000	  38.901	  89.000	  34.944	  93.000	  33.699	Fill1	R	5	51	1	1152
7644	7	85	51.000	  82.000	  80.000	  52.275	  43.000	  82.000	AttR1	R	5	49	2	750
7644	7	86	96.000	  38.667	  80.000	  46.400	  58.000	  64.000	ComD1	R	2	49	1	1332
7644	7	87	49.000	  80.000	  82.000	  47.805	  40.000	  80.000	AttR1	R	1	49	1	1744
7644	7	88	46.068	  73.000	  59.000	  57.000	  43.068	  78.085	SimA1	R	1	51	3	798
7644	7	89	74.000	  48.649	  73.000	  43.630	  75.000	  41.947	Fill2	R	3	50	1	1713
7644	7	90	61.000	  62.000	  60.000	  55.317	  64.000	  52.484	Fill3	R	3	50	1	4637
7644	8	1	46.579	  76.000	  59.000	  60.000	  42.579	  83.140	SimA1	R	3	51	3	1957
7644	8	2	46.553	  76.000	  58.000	  61.000	  62.070	  57.000	SimA2	R	4	50	1	5784
7644	8	3	40.227	  88.000	  38.227	  78.949	  41.227	  73.665	Fill5	R	3	50	1	436
7644	8	4	47.027	  74.000	  60.000	  58.000	  63.273	  55.000	SimA2	R	5	51	1	739
7644	8	5	76.000	  46.579	  73.000	  42.767	  77.000	  39.844	Fill2	R	3	50	1	601
7644	8	6	93.000	  38.667	  90.000	  34.778	  94.000	  33.670	Fill1	R	2	49	1	1004
7644	8	7	47.532	  77.000	  60.000	  61.000	  65.357	  56.000	SimA2	R	3	50	1	543
7644	8	8	81.000	  46.543	  58.000	  65.000	  43.333	  87.000	ComD2	R	5	50	3	660
7644	8	9	94.000	  40.170	  80.000	  47.200	  59.000	  64.000	ComD1	R	3	49	2	916
7644	8	10	73.000	  46.849	  71.000	  41.775	  74.000	  39.986	Fill2	R	2	49	1	648
7644	8	11	60.000	  61.000	  59.000	  54.034	  61.000	  53.016	Fill3	R	6	49	3	632
7644	8	12	81.000	  44.938	  56.000	  65.000	  43.333	  84.000	ComD2	R	3	50	1	552
7644	8	13	59.000	  60.000	  56.000	  55.161	  62.000	  49.806	Fill3	R	5	17	0	630
7644	8	14	94.000	  39.489	  81.000	  45.827	  58.000	  64.000	ComD1	R	1	50	2	953
7644	8	15	92.000	  38.478	  91.000	  34.451	  95.000	  32.232	Fill1	R	2	49	1	687
7644	8	16	47.027	  74.000	  60.000	  58.000	  43.027	  80.879	SimA1	R	5	50	3	975
7644	8	17	81.000	  46.543	  58.000	  65.000	  44.353	  85.000	ComD2	R	4	50	1	1305
7644	8	18	48.773	  75.000	  62.000	  59.000	  66.509	  55.000	SimA2	R	4	50	1	438
7644	8	19	40.864	  88.000	  39.864	  76.436	  41.864	  73.620	Fill5	R	3	50	1	519
7644	8	20	97.000	  39.464	  82.000	  46.683	  58.000	  66.000	ComD1	R	4	51	2	540
7644	8	21	47.000	  80.000	  78.000	  48.205	  38.000	  80.000	AttR1	R	3	50	1	514
7644	8	22	47.000	  79.000	  79.000	  47.000	  39.000	  79.000	AttR1	R	2	51	2	598
7644	8	23	92.000	  39.783	  91.000	  35.044	  93.000	  35.011	Fill1	R	2	49	1	528
7644	8	24	41.560	  91.000	  39.560	  82.962	  42.560	  76.409	Fill5	R	3	50	1	486
7644	8	25	47.685	  73.000	  59.000	  59.000	  64.463	  54.000	SimA2	R	4	50	1	806
7644	8	26	50.000	  80.000	  81.000	  49.383	  81.000	  41.383	AttR2	R	6	50	2	800
7644	8	27	76.000	  49.763	  74.000	  45.419	  77.000	  43.000	Fill2	R	3	51	3	1123
7644	8	28	97.000	  38.866	  81.000	  46.543	  58.000	  65.000	ComD1	R	5	49	2	976
7644	8	29	92.000	  38.478	  89.000	  34.528	  95.000	  32.432	Fill1	R	4	49	3	795
7644	8	30	46.579	  76.000	  59.000	  60.000	  64.364	  55.000	SimA2	R	4	50	1	526
7644	8	31	49.859	  71.000	  47.859	  64.941	  50.859	  60.422	Fill4	R	3	50	1	507
7644	8	32	98.000	  37.143	  81.000	  44.938	  56.000	  65.000	ComD1	R	1	50	2	520
7644	8	33	47.685	  73.000	  59.000	  59.000	  44.685	  77.901	SimA1	R	3	50	1	1606
7644	8	34	49.000	  83.000	  81.000	  50.210	  42.000	  83.000	AttR1	R	6	50	2	504
7644	8	35	47.000	  79.000	  79.000	  47.000	  79.000	  38.000	AttR2	R	5	49	2	574
7644	8	36	80.000	  46.312	  57.000	  65.000	  43.588	  85.000	ComD2	R	1	51	3	840
7644	8	37	48.000	  82.000	  81.000	  48.593	  81.000	  39.593	AttR2	R	5	51	1	560
7644	8	38	90.000	  38.000	  87.000	  34.172	  93.000	  31.462	Fill1	R	6	51	1	1598
7644	8	39	83.000	  47.627	  59.000	  67.000	  44.920	  88.000	ComD2	R	5	50	3	1082
7644	8	40	47.041	  74.000	  59.000	  59.000	  64.463	  54.000	SimA2	R	3	50	1	1026
7644	8	41	47.532	  77.000	  60.000	  61.000	  43.532	  84.075	SimA1	R	1	51	3	797
7644	8	42	78.000	  46.103	  76.000	  41.408	  79.000	  40.291	Fill2	R	3	50	1	479
7644	8	43	47.692	  78.000	  60.000	  62.000	  65.263	  57.000	SimA2	R	6	51	1	1223
7644	8	44	52.000	  81.000	  80.000	  52.650	  45.000	  81.000	AttR1	R	5	49	2	992
7644	8	45	47.041	  74.000	  59.000	  59.000	  44.041	  79.041	SimA1	R	5	51	1	612
7644	8	46	39.333	  90.000	  38.333	  78.861	  41.333	  73.210	Fill5	R	2	50	3	414
7644	8	47	50.000	  82.000	  80.000	  51.250	  41.000	  82.000	AttR1	R	4	50	1	648
7644	8	48	50.000	  80.000	  81.000	  49.383	  42.000	  80.000	AttR1	R	2	51	2	568
7644	8	49	53.268	  71.000	  52.268	  63.060	  54.268	  61.510	Fill4	R	5	51	1	643
7644	8	50	95.000	  39.811	  94.000	  35.585	  96.000	  34.656	Fill1	R	3	50	1	1019
7644	8	51	49.944	  72.000	  62.000	  58.000	  45.944	  78.268	SimA1	R	2	50	3	567
7644	8	52	48.000	  82.000	  81.000	  48.593	  39.000	  82.000	AttR1	R	3	50	1	697
7644	8	53	73.000	  48.493	  71.000	  43.817	  74.000	  41.568	Fill2	R	2	49	1	792
7644	8	54	49.859	  71.000	  48.859	  63.857	  50.859	  60.461	Fill4	R	1	49	1	1235
7644	8	55	38.427	  89.000	  36.427	  79.721	  39.427	  73.858	Fill5	R	6	17	0	2371
7644	8	56	81.000	  46.444	  57.000	  66.000	  43.744	  86.000	ComD2	R	6	51	1	1166
7644	8	57	81.000	  45.827	  58.000	  64.000	  42.667	  87.000	ComD2	R	5	51	1	928
7644	8	58	53.000	  78.000	  79.000	  52.329	  79.000	  45.329	AttR2	R	4	49	3	638
7644	8	59	48.857	  70.000	  47.857	  62.373	  50.857	  58.084	Fill4	R	4	50	1	423
7644	8	60	52.000	  81.000	  80.000	  52.650	  80.000	  43.650	AttR2	R	5	49	2	736
7644	8	61	50.000	  79.000	  79.000	  50.000	  43.000	  79.000	AttR1	R	2	49	1	1310
7644	8	62	75.000	  48.800	  73.000	  43.342	  76.000	  42.566	Fill2	R	5	51	1	899
7644	8	63	57.000	  60.000	  56.000	  52.607	  59.000	  50.576	Fill3	R	6	51	1	529
7644	8	64	98.000	  38.469	  82.000	  45.976	  58.000	  65.000	ComD1	R	3	51	3	495
7644	8	65	50.000	  80.000	  82.000	  48.780	  82.000	  40.780	AttR2	R	1	49	1	519
7644	8	66	47.000	  80.000	  78.000	  48.205	  78.000	  40.205	AttR2	R	6	50	2	571
7644	8	67	46.553	  76.000	  58.000	  61.000	  43.553	  81.235	SimA1	R	4	50	1	734
7644	8	68	47.692	  78.000	  60.000	  62.000	  44.692	  83.236	SimA1	R	4	49	3	1291
7644	8	69	96.000	  39.188	  81.000	  46.444	  57.000	  66.000	ComD1	R	1	50	2	531
7644	8	70	80.000	  47.200	  59.000	  64.000	  43.402	  87.000	ComD2	R	5	51	1	400
7644	8	71	95.000	  39.000	  80.000	  46.312	  57.000	  65.000	ComD1	R	4	51	2	1618
7644	8	72	62.000	  58.000	  60.000	  52.017	  63.000	  49.349	Fill3	R	2	50	3	918
7644	8	73	82.000	  45.976	  58.000	  65.000	  43.333	  87.000	ComD2	R	3	50	1	1172
7644	8	74	82.000	  46.683	  58.000	  66.000	  45.035	  85.000	ComD2	R	3	50	1	1678
7644	8	75	95.000	  39.684	  81.000	  46.543	  58.000	  65.000	ComD1	R	4	51	2	558
7644	8	76	52.116	  69.000	  51.116	  60.901	  53.116	  59.624	Fill4	R	5	51	1	2372
7644	8	77	100.000	  39.530	  83.000	  47.627	  59.000	  67.000	ComD1	R	5	49	2	823
7644	8	78	49.000	  83.000	  81.000	  50.210	  81.000	  41.210	AttR2	R	5	49	2	816
7644	8	79	49.944	  72.000	  62.000	  58.000	  65.382	  55.000	SimA2	R	2	50	3	1403
7644	8	80	49.763	  76.000	  62.000	  61.000	  46.763	  80.876	SimA1	R	6	49	3	790
7644	8	81	50.000	  79.000	  79.000	  50.000	  79.000	  42.000	AttR2	R	2	49	1	1081
7644	8	82	50.000	  80.000	  82.000	  48.780	  42.000	  80.000	AttR1	R	6	51	1	16704
7644	8	83	51.549	  71.000	  49.549	  64.703	  53.549	  59.571	Fill4	R	5	51	1	550
7644	8	84	53.000	  78.000	  79.000	  52.329	  46.000	  78.000	AttR1	R	2	51	2	499
7644	8	85	60.000	  59.000	  57.000	  54.439	  62.000	  49.903	Fill3	R	4	49	3	808
7644	8	86	62.000	  61.000	  59.000	  57.017	  63.000	  53.000	Fill3	R	2	50	3	555
7644	8	87	50.000	  82.000	  80.000	  51.250	  80.000	  43.250	AttR2	R	3	50	1	504
7644	8	88	48.773	  75.000	  62.000	  59.000	  45.773	  79.916	SimA1	R	5	50	3	358
7644	8	89	49.763	  76.000	  62.000	  61.000	  66.351	  57.000	SimA2	R	5	50	3	660
7644	8	90	40.220	  91.000	  37.220	  84.203	  42.220	  74.183	Fill5	R	4	50	1	403
