username: S95, Experiment time (minutes): 26
Operating system: Mac OS 10.8.5
Manufacturer: Google Pepper
Player type: PlugIn
Version: MAC 13,0,0,206

username	blkNum	trlNum	Rect1Height	Rect1Width	Rect2Height	Rect2Width	Rect3Height	Rect3Width	Effect	StimType	StimPosition	rawResp	response	RT
907	0	1	59.000	  59.000	  58.000	  52.224	  60.000	  49.917	Fill3	R	3	50	1	2807
907	0	2	90.000	  38.633	  88.000	  34.398	  91.000	  33.473	Fill1	R	4	50	1	2736
907	0	3	77.000	  49.117	  74.000	  44.432	  79.000	  41.734	Fill2	R	3	50	1	2006
907	1	1	47.838	  74.000	  59.000	  60.000	  64.364	  55.000	SimA2	R	4	51	2	1644
907	1	2	50.000	  80.000	  78.000	  51.282	  43.000	  80.000	AttR1	R	5	49	2	946
907	1	3	59.000	  61.000	  57.000	  55.509	  60.000	  52.300	Fill3	R	5	51	1	1549
907	1	4	47.685	  73.000	  59.000	  59.000	  43.685	  79.684	SimA1	R	1	50	2	1931
907	1	5	47.838	  74.000	  59.000	  60.000	  43.838	  80.752	SimA1	R	2	49	1	2105
907	1	6	82.000	  45.183	  57.000	  65.000	  43.081	  86.000	ComD2	R	3	50	1	1647
907	1	7	53.000	  80.000	  81.000	  52.346	  45.000	  80.000	AttR1	R	1	49	1	3439
907	1	8	47.671	  73.000	  60.000	  58.000	  43.671	  79.686	SimA1	R	5	50	3	1190
907	1	9	80.000	  47.125	  58.000	  65.000	  44.353	  85.000	ComD2	R	5	51	1	1761
907	1	10	49.000	  82.000	  84.000	  47.833	  40.000	  82.000	AttR1	R	5	49	2	1272
907	1	11	78.000	  46.897	  76.000	  42.000	  80.000	  39.587	Fill2	R	2	49	1	871
907	1	12	79.000	  46.177	  57.000	  64.000	  43.429	  84.000	ComD2	R	4	50	1	958
907	1	13	39.120	  92.000	  38.120	  80.169	  41.120	  74.539	Fill5	R	2	49	1	773
907	1	14	92.000	  37.826	  91.000	  33.055	  93.000	  32.376	Fill1	R	5	51	1	734
907	1	15	97.000	  38.866	  81.000	  46.543	  58.000	  65.000	ComD1	R	4	49	3	829
907	1	16	49.714	  70.000	  47.714	  63.419	  50.714	  60.042	Fill4	R	6	51	1	966
907	1	17	52.000	  76.000	  74.000	  53.405	  74.000	  44.405	AttR2	R	2	49	1	897
907	1	18	51.240	  75.000	  63.000	  61.000	  66.259	  58.000	SimA2	R	2	50	3	721
907	1	19	50.000	  80.000	  80.000	  50.000	  80.000	  42.000	AttR2	R	2	49	1	837
907	1	20	46.000	  80.000	  81.000	  45.432	  39.000	  80.000	AttR1	R	5	51	1	1454
907	1	21	97.000	  39.464	  83.000	  46.120	  58.000	  66.000	ComD1	R	1	49	1	1254
907	1	22	82.000	  47.561	  60.000	  65.000	  44.318	  88.000	ComD2	R	4	51	2	886
907	1	23	48.635	  74.000	  61.000	  59.000	  66.648	  54.000	SimA2	R	1	50	2	814
907	1	24	83.000	  46.120	  58.000	  66.000	  45.035	  85.000	ComD2	R	2	51	2	1577
907	1	25	52.000	  79.000	  77.000	  53.351	  43.000	  79.000	AttR1	R	5	49	2	1172
907	1	26	82.000	  45.976	  58.000	  65.000	  43.837	  86.000	ComD2	R	2	51	2	1022
907	1	27	46.000	  80.000	  81.000	  45.432	  81.000	  38.432	AttR2	R	3	50	1	737
907	1	28	75.000	  46.400	  74.000	  40.986	  76.000	  40.487	Fill2	R	1	49	1	939
907	1	29	98.000	  37.806	  82.000	  45.183	  57.000	  65.000	ComD1	R	2	50	3	717
907	1	30	61.000	  60.000	  59.000	  54.915	  62.000	  52.242	Fill3	R	4	50	1	1401
907	1	31	50.000	  80.000	  78.000	  51.282	  78.000	  44.282	AttR2	R	3	49	2	620
907	1	32	49.000	  80.000	  81.000	  48.395	  81.000	  41.395	AttR2	R	5	51	1	567
907	1	33	73.000	  49.301	  70.000	  45.086	  76.000	  41.697	Fill2	R	4	50	1	450
907	1	34	49.000	  82.000	  84.000	  47.833	  84.000	  40.833	AttR2	R	2	51	2	833
907	1	35	46.579	  76.000	  59.000	  60.000	  62.105	  57.000	SimA2	R	2	49	1	665
907	1	36	45.627	  75.000	  58.000	  59.000	  42.627	  80.278	SimA1	R	2	50	3	666
907	1	37	50.833	  72.000	  48.833	  64.853	  51.833	  62.045	Fill4	R	2	49	1	690
907	1	38	48.325	  77.000	  61.000	  61.000	  45.325	  82.097	SimA1	R	4	51	2	610
907	1	39	96.000	  39.875	  81.000	  47.259	  58.000	  66.000	ComD1	R	6	50	2	1020
907	1	40	39.545	  88.000	  37.545	  79.077	  40.545	  72.388	Fill5	R	3	49	2	575
907	1	41	47.685	  73.000	  59.000	  59.000	  62.161	  56.000	SimA2	R	3	51	3	553
907	1	42	59.000	  61.000	  56.000	  57.018	  61.000	  51.197	Fill3	R	2	49	1	805
907	1	43	95.000	  38.505	  92.000	  35.033	  97.000	  32.948	Fill1	R	3	50	1	688
907	1	44	50.000	  81.000	  82.000	  49.390	  82.000	  41.390	AttR2	R	6	51	1	689
907	1	45	49.000	  80.000	  81.000	  48.395	  42.000	  80.000	AttR1	R	2	49	1	865
907	1	46	81.000	  47.259	  58.000	  66.000	  44.512	  86.000	ComD2	R	5	50	3	577
907	1	47	45.627	  75.000	  58.000	  59.000	  61.107	  56.000	SimA2	R	2	49	1	772
907	1	48	38.886	  88.000	  35.886	  81.312	  40.886	  70.610	Fill5	R	1	51	3	862
907	1	49	59.000	  58.000	  56.000	  52.964	  60.000	  50.367	Fill3	R	4	50	1	847
907	1	50	96.000	  39.271	  82.000	  45.976	  58.000	  65.000	ComD1	R	2	49	1	815
907	1	51	41.101	  89.000	  39.101	  80.126	  42.101	  73.917	Fill5	R	2	51	2	1539
907	1	52	40.667	  90.000	  37.667	  83.841	  42.667	  73.852	Fill5	R	6	50	2	598
907	1	53	101.000	  39.050	  85.000	  46.400	  58.000	  68.000	ComD1	R	6	50	2	571
907	1	54	75.000	  45.627	  73.000	  41.288	  77.000	  38.325	Fill2	R	4	50	1	1460
907	1	55	50.000	  80.000	  80.000	  50.000	  42.000	  80.000	AttR1	R	1	50	2	629
907	1	56	92.000	  39.783	  89.000	  36.315	  93.000	  34.753	Fill1	R	5	51	1	1158
907	1	57	48.635	  74.000	  61.000	  59.000	  44.635	  80.632	SimA1	R	5	51	1	1460
907	1	58	95.000	  39.684	  80.000	  47.125	  58.000	  65.000	ComD1	R	5	50	3	997
907	1	59	85.000	  46.400	  58.000	  68.000	  46.400	  85.000	ComD2	R	1	51	3	967
907	1	60	52.000	  79.000	  77.000	  53.351	  77.000	  45.351	AttR2	R	5	49	2	1082
907	1	61	50.000	  81.000	  82.000	  49.390	  42.000	  81.000	AttR1	R	6	51	1	922
907	1	62	98.000	  39.796	  82.000	  47.561	  60.000	  65.000	ComD1	R	5	50	3	751
907	1	63	48.800	  75.000	  61.000	  60.000	  45.800	  79.913	SimA1	R	2	49	1	1028
907	1	64	95.000	  38.400	  79.000	  46.177	  57.000	  64.000	ComD1	R	3	49	2	966
907	1	65	39.989	  90.000	  38.989	  78.304	  41.989	  73.734	Fill5	R	4	51	2	689
907	1	66	97.000	  38.268	  80.000	  46.400	  58.000	  64.000	ComD1	R	5	50	3	609
907	1	67	92.000	  39.120	  91.000	  34.132	  95.000	  32.916	Fill1	R	4	50	1	828
907	1	68	46.579	  76.000	  59.000	  60.000	  43.579	  81.232	SimA1	R	6	51	1	646
907	1	69	47.355	  76.000	  59.000	  61.000	  62.052	  58.000	SimA2	R	2	49	1	598
907	1	70	60.000	  58.000	  58.000	  52.103	  63.000	  47.810	Fill3	R	4	50	1	417
907	1	71	52.000	  76.000	  74.000	  53.405	  44.000	  76.000	AttR1	R	3	49	2	1332
907	1	72	50.690	  71.000	  49.690	  62.970	  52.690	  58.835	Fill4	R	2	51	2	625
907	1	73	47.355	  76.000	  59.000	  61.000	  42.355	  84.972	SimA1	R	6	50	2	476
907	1	74	80.000	  46.400	  58.000	  64.000	  43.671	  85.000	ComD2	R	5	50	3	845
907	1	75	47.671	  73.000	  60.000	  58.000	  64.444	  54.000	SimA2	R	3	51	3	540
907	1	76	49.986	  72.000	  48.986	  65.141	  51.986	  61.497	Fill4	R	6	49	3	353
907	1	77	92.000	  39.120	  91.000	  34.429	  94.000	  33.362	Fill1	R	2	49	1	774
907	1	78	75.000	  47.987	  72.000	  44.319	  77.000	  41.208	Fill2	R	4	50	1	521
907	1	79	49.000	  79.000	  81.000	  47.790	  42.000	  79.000	AttR1	R	5	51	1	678
907	1	80	51.240	  75.000	  63.000	  61.000	  47.240	  81.351	SimA1	R	3	49	2	1382
907	1	81	48.325	  77.000	  61.000	  61.000	  65.281	  57.000	SimA2	R	6	49	3	1905
907	1	82	48.886	  70.000	  47.886	  62.628	  49.886	  60.037	Fill4	R	2	49	1	1918
907	1	83	81.000	  46.543	  58.000	  65.000	  43.837	  86.000	ComD2	R	5	51	1	1405
907	1	84	62.000	  59.000	  60.000	  52.850	  63.000	  50.381	Fill3	R	4	51	2	999
907	1	85	53.000	  80.000	  81.000	  52.346	  81.000	  43.346	AttR2	R	3	49	2	754
907	1	86	49.000	  79.000	  81.000	  47.790	  81.000	  39.790	AttR2	R	4	50	1	646
907	1	87	76.000	  48.158	  75.000	  42.493	  77.000	  41.351	Fill2	R	1	50	2	998
907	1	88	92.000	  37.196	  89.000	  33.607	  93.000	  31.742	Fill1	R	5	51	1	912
907	1	89	48.800	  75.000	  61.000	  60.000	  66.545	  55.000	SimA2	R	4	51	2	1438
907	1	90	53.014	  69.000	  50.014	  65.041	  54.014	  58.632	Fill4	R	4	50	1	574
907	2	1	52.528	  72.000	  51.528	  64.354	  54.528	  61.272	Fill4	R	3	50	1	2980
907	2	2	49.000	  78.000	  77.000	  49.636	  42.000	  78.000	AttR1	R	5	51	1	580
907	2	3	59.000	  60.000	  57.000	  53.509	  60.000	  51.667	Fill3	R	2	49	1	511
907	2	4	47.000	  81.000	  81.000	  47.000	  81.000	  40.000	AttR2	R	2	49	1	707
907	2	5	47.532	  77.000	  60.000	  61.000	  42.532	  86.052	SimA1	R	5	49	2	681
907	2	6	50.000	  79.000	  81.000	  48.765	  41.000	  79.000	AttR1	R	4	50	1	657
907	2	7	76.000	  49.763	  73.000	  45.479	  77.000	  43.532	Fill2	R	2	49	1	608
907	2	8	81.000	  46.543	  58.000	  65.000	  43.837	  86.000	ComD2	R	1	50	2	700
907	2	9	62.000	  61.000	  61.000	  54.705	  65.000	  51.523	Fill3	R	3	51	3	416
907	2	10	92.000	  40.446	  89.000	  37.169	  95.000	  34.842	Fill1	R	6	49	3	396
907	2	11	51.000	  80.000	  79.000	  51.646	  44.000	  80.000	AttR1	R	4	50	1	230
907	2	12	47.838	  74.000	  60.000	  59.000	  63.214	  56.000	SimA2	R	4	49	3	241
907	2	13	49.282	  78.000	  62.000	  62.000	  65.153	  59.000	SimA2	R	2	51	2	249
907	2	14	96.000	  39.948	  81.000	  47.346	  59.000	  65.000	ComD1	R	6	50	2	225
907	2	15	49.459	  74.000	  61.000	  60.000	  64.211	  57.000	SimA2	R	2	51	2	251
907	2	16	80.000	  47.200	  59.000	  64.000	  43.402	  87.000	ComD2	R	1	49	1	252
907	2	17	81.000	  48.074	  59.000	  66.000	  44.759	  87.000	ComD2	R	5	50	3	252
907	2	18	48.132	  76.000	  59.000	  62.000	  45.132	  81.052	SimA1	R	1	50	2	732
907	2	19	49.000	  79.000	  77.000	  50.273	  77.000	  42.273	AttR2	R	3	49	2	393
907	2	20	39.112	  89.000	  37.112	  79.623	  40.112	  73.693	Fill5	R	4	50	1	837
907	2	21	49.282	  78.000	  62.000	  62.000	  45.282	  84.890	SimA1	R	2	51	2	3556
907	2	22	80.000	  47.125	  58.000	  65.000	  43.837	  86.000	ComD2	R	2	49	1	594
907	2	23	49.028	  71.000	  48.028	  62.172	  50.028	  59.606	Fill4	R	1	50	2	5516
907	2	24	82.000	  45.878	  57.000	  66.000	  44.786	  84.000	ComD2	R	4	51	2	673
907	2	25	96.000	  39.271	  81.000	  46.543	  58.000	  65.000	ComD1	R	4	49	3	457
907	2	26	48.325	  77.000	  61.000	  61.000	  64.155	  58.000	SimA2	R	3	50	1	274
907	2	27	41.109	  92.000	  40.109	  80.606	  43.109	  75.112	Fill5	R	2	51	2	290
907	2	28	49.000	  78.000	  77.000	  49.636	  41.000	  78.000	AttR1	R	3	49	2	584
907	2	29	48.325	  77.000	  61.000	  61.000	  43.325	  85.886	SimA1	R	3	50	1	277
907	2	30	57.000	  59.000	  54.000	  54.037	  59.000	  48.593	Fill3	R	4	50	1	595
907	2	31	47.838	  74.000	  60.000	  59.000	  43.838	  80.752	SimA1	R	1	50	2	654
907	2	32	48.132	  76.000	  59.000	  62.000	  63.069	  58.000	SimA2	R	5	49	2	1126
907	2	33	46.667	  72.000	  43.667	  67.328	  48.667	  59.630	Fill4	R	2	49	1	740
907	2	34	51.000	  80.000	  79.000	  51.646	  79.000	  42.646	AttR2	R	1	49	1	505
907	2	35	50.973	  73.000	  47.973	  67.351	  51.973	  62.822	Fill4	R	3	49	2	599
907	2	36	95.000	  39.684	  80.000	  47.125	  58.000	  65.000	ComD1	R	4	49	3	1106
907	2	37	39.775	  89.000	  38.775	  77.188	  40.775	  74.310	Fill5	R	3	50	1	1134
907	2	38	49.000	  78.000	  77.000	  49.636	  77.000	  41.636	AttR2	R	2	51	2	749
907	2	39	52.000	  78.000	  80.000	  50.700	  80.000	  42.700	AttR2	R	6	51	1	737
907	2	40	59.000	  59.000	  58.000	  52.103	  61.000	  50.098	Fill3	R	4	50	1	430
907	2	41	47.200	  75.000	  59.000	  60.000	  42.200	  83.886	SimA1	R	3	50	1	801
907	2	42	47.000	  81.000	  81.000	  47.000	  38.000	  81.000	AttR1	R	3	49	2	556
907	2	43	98.000	  39.735	  81.000	  48.074	  59.000	  66.000	ComD1	R	4	49	3	777
907	2	44	47.368	  76.000	  60.000	  60.000	  64.286	  56.000	SimA2	R	2	51	2	420
907	2	45	48.739	  69.000	  46.739	  62.432	  50.739	  57.037	Fill4	R	6	50	2	374
907	2	46	94.000	  40.234	  91.000	  37.154	  95.000	  35.232	Fill1	R	2	50	3	561
907	2	47	75.000	  46.413	  73.000	  42.192	  76.000	  40.118	Fill2	R	2	49	1	510
907	2	48	71.000	  47.366	  70.000	  41.714	  72.000	  40.444	Fill2	R	5	50	3	500
907	2	49	47.811	  74.000	  61.000	  58.000	  64.327	  55.000	SimA2	R	5	51	1	490
907	2	50	95.000	  40.421	  81.000	  47.407	  60.000	  64.000	ComD1	R	3	51	3	745
907	2	51	89.000	  37.753	  87.000	  33.448	  92.000	  31.891	Fill1	R	1	49	1	366
907	2	52	81.000	  47.346	  59.000	  65.000	  43.580	  88.000	ComD2	R	3	49	2	1105
907	2	53	49.000	  79.000	  77.000	  50.273	  40.000	  79.000	AttR1	R	6	50	2	414
907	2	54	38.216	  88.000	  36.216	  77.728	  40.216	  70.569	Fill5	R	5	49	2	801
907	2	55	90.000	  38.678	  87.000	  34.460	  91.000	  33.615	Fill1	R	4	50	1	508
907	2	56	52.000	  79.000	  79.000	  52.000	  79.000	  44.000	AttR2	R	5	51	1	569
907	2	57	90.000	  37.367	  88.000	  33.170	  92.000	  31.293	Fill1	R	5	51	1	692
907	2	58	56.000	  60.000	  53.000	  54.340	  59.000	  49.763	Fill3	R	1	49	1	1939
907	2	59	37.753	  89.000	  36.753	  77.028	  39.753	  71.919	Fill5	R	5	49	2	593
907	2	60	49.459	  74.000	  61.000	  60.000	  46.459	  78.778	SimA1	R	5	50	3	356
907	2	61	50.000	  79.000	  81.000	  48.765	  81.000	  41.765	AttR2	R	4	51	2	2665
907	2	62	48.000	  78.000	  77.000	  48.623	  40.000	  78.000	AttR1	R	4	50	1	481
907	2	63	49.000	  78.000	  77.000	  49.636	  77.000	  40.636	AttR2	R	1	50	2	505
907	2	64	73.000	  48.493	  70.000	  44.571	  76.000	  40.066	Fill2	R	2	50	3	630
907	2	65	47.368	  76.000	  60.000	  60.000	  42.368	  84.969	SimA1	R	1	49	1	1233
907	2	66	47.811	  74.000	  61.000	  58.000	  42.811	  82.643	SimA1	R	2	51	2	577
907	2	67	52.000	  78.000	  80.000	  50.700	  45.000	  78.000	AttR1	R	1	49	1	612
907	2	68	81.000	  47.407	  60.000	  64.000	  43.146	  89.000	ComD2	R	5	49	2	926
907	2	69	48.000	  78.000	  77.000	  48.623	  77.000	  39.623	AttR2	R	3	50	1	572
907	2	70	47.368	  76.000	  60.000	  60.000	  42.368	  84.969	SimA1	R	5	49	2	862
907	2	71	96.000	  39.333	  80.000	  47.200	  59.000	  64.000	ComD1	R	3	51	3	630
907	2	72	79.000	  46.177	  57.000	  64.000	  42.419	  86.000	ComD2	R	2	49	1	417
907	2	73	84.000	  46.262	  58.000	  67.000	  45.718	  85.000	ComD2	R	4	50	1	453
907	2	74	91.000	  38.901	  89.000	  34.742	  92.000	  33.957	Fill1	R	1	49	1	604
907	2	75	53.000	  81.000	  82.000	  52.354	  46.000	  81.000	AttR1	R	6	51	1	502
907	2	76	40.890	  91.000	  39.890	  80.747	  42.890	  74.563	Fill5	R	1	49	1	581
907	2	77	53.000	  81.000	  82.000	  52.354	  82.000	  44.354	AttR2	R	2	51	2	1062
907	2	78	47.368	  76.000	  60.000	  60.000	  63.158	  57.000	SimA2	R	6	50	2	702
907	2	79	47.532	  77.000	  60.000	  61.000	  63.103	  58.000	SimA2	R	2	49	1	547
907	2	80	49.859	  71.000	  48.859	  64.000	  50.859	  61.739	Fill4	R	3	51	3	577
907	2	81	71.000	  47.324	  68.000	  43.132	  73.000	  40.164	Fill2	R	5	49	2	628
907	2	82	96.000	  39.188	  82.000	  45.878	  57.000	  66.000	ComD1	R	5	50	3	550
907	2	83	61.000	  61.000	  59.000	  55.237	  63.000	  52.476	Fill3	R	6	51	1	580
907	2	84	81.000	  46.543	  58.000	  65.000	  43.333	  87.000	ComD2	R	1	49	1	686
907	2	85	77.000	  48.325	  75.000	  44.267	  79.000	  41.278	Fill2	R	6	51	1	751
907	2	86	95.000	  39.684	  81.000	  46.543	  58.000	  65.000	ComD1	R	6	49	3	572
907	2	87	94.000	  38.809	  79.000	  46.177	  57.000	  64.000	ComD1	R	4	49	3	647
907	2	88	100.000	  38.860	  84.000	  46.262	  58.000	  67.000	ComD1	R	4	51	2	870
907	2	89	52.000	  79.000	  79.000	  52.000	  45.000	  79.000	AttR1	R	2	49	1	798
907	2	90	47.200	  75.000	  59.000	  60.000	  64.364	  55.000	SimA2	R	2	50	3	904
907	3	1	49.613	  75.000	  61.000	  61.000	  44.613	  83.406	SimA1	R	2	51	2	4950
907	3	2	59.000	  59.000	  56.000	  53.464	  61.000	  49.803	Fill3	R	1	49	1	415
907	3	3	50.449	  69.000	  48.449	  61.652	  51.449	  57.979	Fill4	R	2	50	3	234
907	3	4	48.000	  75.000	  60.000	  60.000	  64.286	  56.000	SimA2	R	5	49	2	217
907	3	5	47.838	  74.000	  60.000	  59.000	  43.838	  80.752	SimA1	R	4	51	2	277
907	3	6	48.800	  75.000	  61.000	  60.000	  65.357	  56.000	SimA2	R	3	50	1	245
907	3	7	91.000	  36.967	  90.000	  32.867	  93.000	  31.022	Fill1	R	5	49	2	268
907	3	8	39.112	  89.000	  38.112	  77.245	  40.112	  74.142	Fill5	R	2	51	2	316
907	3	9	48.635	  74.000	  61.000	  59.000	  65.436	  55.000	SimA2	R	1	50	2	272
907	3	10	46.579	  76.000	  59.000	  60.000	  62.105	  57.000	SimA2	R	2	51	2	417
907	3	11	48.635	  74.000	  61.000	  59.000	  43.635	  82.479	SimA1	R	6	49	3	276
907	3	12	97.000	  39.464	  83.000	  46.120	  58.000	  66.000	ComD1	R	3	49	2	316
907	3	13	51.000	  82.000	  84.000	  49.786	  42.000	  82.000	AttR1	R	2	49	1	617
907	3	14	96.000	  38.667	  80.000	  46.400	  58.000	  64.000	ComD1	R	3	50	1	412
907	3	15	49.000	  80.000	  82.000	  47.805	  42.000	  80.000	AttR1	R	2	51	2	741
907	3	16	94.000	  38.809	  79.000	  46.177	  57.000	  64.000	ComD1	R	5	51	1	564
907	3	17	77.000	  47.506	  74.000	  43.176	  78.000	  41.551	Fill2	R	1	49	1	1665
907	3	18	50.000	  80.000	  79.000	  50.633	  79.000	  43.633	AttR2	R	2	49	1	1201
907	3	19	75.000	  46.413	  74.000	  40.311	  78.000	  38.641	Fill2	R	6	50	2	620
907	3	20	49.000	  80.000	  81.000	  48.395	  40.000	  80.000	AttR1	R	1	49	1	1118
907	3	21	52.257	  70.000	  49.257	  64.965	  54.257	  59.826	Fill4	R	4	51	2	1019
907	3	22	95.000	  37.853	  93.000	  33.925	  97.000	  32.619	Fill1	R	6	50	2	495
907	3	23	50.110	  73.000	  48.110	  65.954	  52.110	  61.908	Fill4	R	6	51	1	606
907	3	24	48.649	  74.000	  60.000	  60.000	  63.158	  57.000	SimA2	R	3	49	2	657
907	3	25	98.000	  38.469	  82.000	  45.976	  58.000	  65.000	ComD1	R	3	50	1	618
907	3	26	96.000	  38.000	  80.000	  45.600	  57.000	  64.000	ComD1	R	4	51	2	428
907	3	27	80.000	  45.675	  58.000	  63.000	  42.488	  86.000	ComD2	R	3	49	2	1222
907	3	28	82.000	  45.976	  58.000	  65.000	  43.333	  87.000	ComD2	R	4	50	1	538
907	3	29	82.000	  48.207	  59.000	  67.000	  45.965	  86.000	ComD2	R	3	51	3	654
907	3	30	62.000	  59.000	  59.000	  55.136	  63.000	  51.111	Fill3	R	3	49	2	479
907	3	31	75.000	  46.413	  73.000	  41.795	  76.000	  40.408	Fill2	R	4	50	1	455
907	3	32	51.000	  79.000	  81.000	  49.741	  43.000	  79.000	AttR1	R	4	51	2	678
907	3	33	49.000	  80.000	  82.000	  47.805	  82.000	  38.805	AttR2	R	3	49	2	855
907	3	34	59.000	  59.000	  57.000	  52.632	  62.000	  48.435	Fill3	R	3	50	1	575
907	3	35	40.404	  89.000	  38.404	  80.459	  41.404	  74.412	Fill5	R	3	50	1	706
907	3	36	62.000	  58.000	  61.000	  52.066	  64.000	  48.766	Fill3	R	2	49	1	646
907	3	37	80.000	  45.600	  57.000	  64.000	  42.419	  86.000	ComD2	R	2	49	1	918
907	3	38	38.227	  88.000	  36.227	  77.870	  40.227	  70.947	Fill5	R	5	50	3	517
907	3	39	75.000	  48.773	  73.000	  44.027	  77.000	  41.805	Fill2	R	5	51	1	737
907	3	40	59.000	  62.000	  56.000	  57.482	  61.000	  52.164	Fill3	R	3	50	1	550
907	3	41	51.000	  82.000	  84.000	  49.786	  84.000	  40.786	AttR2	R	3	50	1	548
907	3	42	49.000	  78.000	  79.000	  48.380	  42.000	  78.000	AttR1	R	3	49	2	274
907	3	43	50.000	  78.000	  77.000	  50.649	  41.000	  78.000	AttR1	R	5	51	1	330
907	3	44	95.000	  40.368	  81.000	  47.346	  59.000	  65.000	ComD1	R	1	50	2	286
907	3	45	40.198	  91.000	  37.198	  84.199	  41.198	  76.096	Fill5	R	6	49	3	462
907	3	46	47.838	  74.000	  59.000	  60.000	  63.214	  56.000	SimA2	R	6	50	2	326
907	3	47	92.000	  37.837	  89.000	  34.416	  94.000	  32.415	Fill1	R	5	50	3	579
907	3	48	73.000	  46.082	  70.000	  41.586	  76.000	  38.303	Fill2	R	5	51	1	381
907	3	49	47.838	  74.000	  60.000	  59.000	  64.364	  55.000	SimA2	R	3	50	1	465
907	3	50	50.000	  80.000	  79.000	  50.633	  43.000	  80.000	AttR1	R	5	49	2	409
907	3	51	39.557	  88.000	  38.557	  76.044	  41.557	  70.674	Fill5	R	2	50	3	268
907	3	52	49.000	  78.000	  79.000	  48.380	  79.000	  40.380	AttR2	R	3	51	3	196
907	3	53	50.449	  69.000	  48.449	  61.570	  51.449	  59.748	Fill4	R	3	49	2	326
907	3	54	48.800	  75.000	  61.000	  60.000	  44.800	  81.696	SimA1	R	5	50	3	252
907	3	55	48.000	  75.000	  60.000	  60.000	  43.000	  83.721	SimA1	R	5	49	2	236
907	3	56	91.000	  40.198	  88.000	  36.841	  94.000	  34.532	Fill1	R	6	51	1	229
907	3	57	81.000	  47.259	  58.000	  66.000	  45.035	  85.000	ComD2	R	2	50	3	182
907	3	58	48.000	  75.000	  60.000	  60.000	  43.000	  83.721	SimA1	R	2	49	1	225
907	3	59	100.000	  39.530	  82.000	  48.207	  59.000	  67.000	ComD1	R	5	51	1	245
907	3	60	52.116	  69.000	  50.116	  62.834	  54.116	  58.874	Fill4	R	3	50	1	181
907	3	61	51.000	  79.000	  81.000	  49.741	  44.000	  79.000	AttR1	R	3	50	1	654
907	3	62	49.613	  75.000	  61.000	  61.000	  65.281	  57.000	SimA2	R	5	50	3	446
907	3	63	80.000	  46.400	  58.000	  64.000	  43.671	  85.000	ComD2	R	2	50	3	510
907	3	64	95.000	  40.368	  81.000	  47.346	  59.000	  65.000	ComD1	R	5	50	3	467
907	3	65	81.000	  47.346	  59.000	  65.000	  44.593	  86.000	ComD2	R	1	49	1	540
907	3	66	50.000	  82.000	  84.000	  48.810	  84.000	  40.810	AttR2	R	6	50	2	400
907	3	67	49.471	  68.000	  46.471	  63.309	  50.471	  57.836	Fill4	R	3	50	1	476
907	3	68	51.000	  79.000	  81.000	  49.741	  81.000	  41.741	AttR2	R	4	50	1	420
907	3	69	48.000	  75.000	  60.000	  60.000	  63.158	  57.000	SimA2	R	4	49	3	511
907	3	70	96.000	  39.875	  81.000	  47.259	  58.000	  66.000	ComD1	R	6	51	1	395
907	3	71	79.000	  46.177	  57.000	  64.000	  43.429	  84.000	ComD2	R	1	50	2	373
907	3	72	50.000	  77.000	  79.000	  48.734	  41.000	  77.000	AttR1	R	5	49	2	321
907	3	73	41.568	  88.000	  39.568	  79.660	  43.568	  72.438	Fill5	R	2	49	1	862
907	3	74	48.649	  74.000	  60.000	  60.000	  45.649	  78.863	SimA1	R	2	50	3	381
907	3	75	94.000	  38.915	  92.000	  35.293	  96.000	  33.385	Fill1	R	3	50	1	569
907	3	76	50.000	  77.000	  79.000	  48.734	  79.000	  40.734	AttR2	R	3	50	1	460
907	3	77	50.000	  82.000	  84.000	  48.810	  43.000	  82.000	AttR1	R	1	49	1	420
907	3	78	83.000	  46.120	  58.000	  66.000	  44.512	  86.000	ComD2	R	2	51	2	302
907	3	79	50.000	  78.000	  77.000	  50.649	  77.000	  41.649	AttR2	R	1	51	3	308
907	3	80	51.000	  79.000	  81.000	  49.741	  81.000	  42.741	AttR2	R	3	51	3	257
907	3	81	49.000	  80.000	  81.000	  48.395	  81.000	  40.395	AttR2	R	4	51	2	488
907	3	82	46.579	  76.000	  59.000	  60.000	  43.579	  81.232	SimA1	R	2	50	3	369
907	3	83	58.000	  58.000	  55.000	  53.818	  60.000	  48.300	Fill3	R	5	49	2	308
907	3	84	81.000	  47.346	  59.000	  65.000	  43.580	  88.000	ComD2	R	5	51	1	158
907	3	85	49.613	  75.000	  61.000	  61.000	  65.281	  57.000	SimA2	R	5	50	3	158
907	3	86	49.613	  75.000	  61.000	  61.000	  45.613	  81.577	SimA1	R	3	51	3	276
907	3	87	77.000	  46.701	  75.000	  41.693	  80.000	  38.987	Fill2	R	2	49	1	108
907	3	88	92.000	  37.837	  89.000	  34.225	  95.000	  31.589	Fill1	R	4	50	1	154
907	3	89	95.000	  38.463	  80.000	  45.675	  58.000	  63.000	ComD1	R	5	50	3	126
907	3	90	47.838	  74.000	  59.000	  60.000	  42.838	  82.637	SimA1	R	3	51	3	92
907	4	1	49.000	  80.000	  81.000	  48.395	  81.000	  40.395	AttR2	R	5	49	2	3805
907	4	2	39.783	  92.000	  36.783	  85.611	  40.783	  76.528	Fill5	R	3	50	1	551
907	4	3	40.667	  93.000	  37.667	  86.310	  42.667	  76.430	Fill5	R	3	51	3	260
907	4	4	52.000	  81.000	  81.000	  52.000	  44.000	  81.000	AttR1	R	6	49	3	229
907	4	5	76.000	  46.579	  75.000	  41.733	  78.000	  40.192	Fill2	R	4	50	1	270
907	4	6	40.220	  91.000	  37.220	  84.632	  41.220	  76.517	Fill5	R	3	50	1	790
907	4	7	92.000	  39.783	  90.000	  35.644	  93.000	  34.817	Fill1	R	4	49	3	209
907	4	8	73.000	  47.685	  72.000	  42.264	  74.000	  40.581	Fill2	R	3	51	3	244
907	4	9	96.000	  40.625	  81.000	  48.148	  60.000	  65.000	ComD1	R	3	50	1	124
907	4	10	47.987	  75.000	  61.000	  59.000	  64.268	  56.000	SimA2	R	3	50	1	209
907	4	11	51.000	  83.000	  82.000	  51.622	  43.000	  83.000	AttR1	R	1	51	3	204
907	4	12	48.000	  81.000	  81.000	  48.000	  41.000	  81.000	AttR1	R	6	49	3	118
907	4	13	80.000	  46.312	  57.000	  65.000	  44.107	  84.000	ComD2	R	6	50	2	101
907	4	14	47.838	  74.000	  60.000	  59.000	  42.838	  82.637	SimA1	R	4	50	1	217
907	4	15	47.200	  75.000	  59.000	  60.000	  43.200	  81.944	SimA1	R	3	51	3	196
907	4	16	94.000	  38.809	  80.000	  45.600	  57.000	  64.000	ComD1	R	2	49	1	174
907	4	17	95.000	  39.684	  80.000	  47.125	  58.000	  65.000	ComD1	R	4	49	3	225
907	4	18	50.833	  72.000	  47.833	  66.711	  51.833	  61.968	Fill4	R	5	49	2	220
907	4	19	47.200	  75.000	  59.000	  60.000	  63.214	  56.000	SimA2	R	6	51	1	174
907	4	20	61.000	  62.000	  60.000	  55.233	  64.000	  52.469	Fill3	R	3	50	1	169
907	4	21	91.000	  40.220	  88.000	  35.920	  92.000	  35.315	Fill1	R	5	50	3	420
907	4	22	50.000	  81.000	  80.000	  50.625	  42.000	  81.000	AttR1	R	2	50	3	270
907	4	23	40.667	  90.000	  39.667	  78.782	  42.667	  73.711	Fill5	R	1	51	3	206
907	4	24	75.000	  48.800	  73.000	  43.740	  76.000	  41.632	Fill2	R	4	49	3	442
907	4	25	50.000	  79.000	  80.000	  49.375	  80.000	  41.375	AttR2	R	1	49	1	154
907	4	26	48.595	  74.000	  62.000	  58.000	  66.593	  54.000	SimA2	R	5	51	1	270
907	4	27	49.000	  80.000	  81.000	  48.395	  41.000	  80.000	AttR1	R	4	50	1	215
907	4	28	76.000	  49.763	  74.000	  45.257	  77.000	  43.208	Fill2	R	6	50	2	241
907	4	29	90.000	  38.678	  87.000	  35.092	  91.000	  33.626	Fill1	R	3	51	3	57
907	4	30	96.000	  39.875	  82.000	  46.683	  58.000	  66.000	ComD1	R	5	49	2	258
907	4	31	47.685	  73.000	  59.000	  59.000	  62.161	  56.000	SimA2	R	3	49	2	257
907	4	32	48.961	  76.000	  61.000	  61.000	  66.446	  56.000	SimA2	R	5	50	3	282
907	4	33	80.000	  46.400	  58.000	  64.000	  43.163	  86.000	ComD2	R	5	50	3	272
907	4	34	51.304	  69.000	  48.304	  65.005	  53.304	  57.631	Fill4	R	6	51	1	240
907	4	35	48.595	  74.000	  62.000	  58.000	  45.595	  78.869	SimA1	R	4	49	3	144
907	4	36	96.000	  38.594	  82.000	  45.183	  57.000	  65.000	ComD1	R	4	49	3	246
907	4	37	49.729	  70.000	  47.729	  64.259	  51.729	  58.807	Fill4	R	2	50	3	285
907	4	38	48.158	  76.000	  60.000	  61.000	  44.158	  82.884	SimA1	R	5	50	3	237
907	4	39	96.000	  38.594	  80.000	  46.312	  57.000	  65.000	ComD1	R	5	51	1	366
907	4	40	47.685	  73.000	  59.000	  59.000	  44.685	  77.901	SimA1	R	3	51	3	313
907	4	41	93.000	  40.667	  91.000	  36.725	  96.000	  34.562	Fill1	R	2	49	1	165
907	4	42	49.613	  75.000	  61.000	  61.000	  46.613	  79.827	SimA1	R	2	49	1	281
907	4	43	48.000	  82.000	  84.000	  46.857	  41.000	  82.000	AttR1	R	5	50	3	168
907	4	44	46.740	  77.000	  59.000	  61.000	  64.268	  56.000	SimA2	R	3	50	1	228
907	4	45	60.000	  61.000	  59.000	  54.661	  61.000	  52.639	Fill3	R	3	51	3	678
907	4	46	81.000	  48.148	  60.000	  65.000	  43.820	  89.000	ComD2	R	3	49	2	662
907	4	47	82.000	  45.183	  57.000	  65.000	  43.588	  85.000	ComD2	R	5	49	2	198
907	4	48	97.000	  38.866	  82.000	  45.976	  58.000	  65.000	ComD1	R	5	51	1	161
907	4	49	50.833	  72.000	  48.833	  65.283	  52.833	  61.174	Fill4	R	3	50	1	158
907	4	50	48.158	  76.000	  60.000	  61.000	  63.103	  58.000	SimA2	R	4	51	2	252
907	4	51	80.000	  46.312	  57.000	  65.000	  43.588	  85.000	ComD2	R	1	50	2	324
907	4	52	82.000	  47.488	  59.000	  66.000	  44.759	  87.000	ComD2	R	1	49	1	409
907	4	53	46.413	  75.000	  59.000	  59.000	  64.463	  54.000	SimA2	R	3	50	1	364
907	4	54	51.000	  83.000	  82.000	  51.622	  82.000	  42.622	AttR2	R	6	51	1	329
907	4	55	51.000	  80.000	  78.000	  52.308	  78.000	  43.308	AttR2	R	2	49	1	358
907	4	56	80.000	  47.125	  58.000	  65.000	  43.837	  86.000	ComD2	R	3	51	3	1100
907	4	57	59.000	  59.000	  56.000	  54.089	  60.000	  50.433	Fill3	R	5	50	3	377
907	4	58	48.000	  81.000	  81.000	  48.000	  81.000	  39.000	AttR2	R	4	50	1	316
907	4	59	51.000	  80.000	  78.000	  52.308	  42.000	  80.000	AttR1	R	2	49	1	354
907	4	60	76.000	  48.158	  74.000	  42.797	  79.000	  40.658	Fill2	R	5	50	3	414
907	4	61	46.413	  75.000	  59.000	  59.000	  41.413	  84.055	SimA1	R	4	51	2	442
907	4	62	60.000	  61.000	  58.000	  55.155	  61.000	  52.393	Fill3	R	2	49	1	330
907	4	63	50.000	  79.000	  80.000	  49.375	  43.000	  79.000	AttR1	R	3	49	2	350
907	4	64	82.000	  45.976	  58.000	  65.000	  43.333	  87.000	ComD2	R	1	50	2	284
907	4	65	80.000	  45.600	  57.000	  64.000	  42.918	  85.000	ComD2	R	4	51	2	332
907	4	66	49.000	  80.000	  81.000	  48.395	  81.000	  39.395	AttR2	R	2	50	3	202
907	4	67	49.000	  80.000	  80.000	  49.000	  80.000	  42.000	AttR2	R	5	49	2	188
907	4	68	52.286	  70.000	  51.286	  61.869	  54.286	  59.887	Fill4	R	3	49	2	303
907	4	69	49.000	  80.000	  80.000	  49.000	  41.000	  80.000	AttR1	R	4	51	2	189
907	4	70	97.000	  38.196	  80.000	  46.312	  57.000	  65.000	ComD1	R	3	50	1	150
907	4	71	97.000	  38.268	  80.000	  46.400	  58.000	  64.000	ComD1	R	5	51	1	308
907	4	72	48.000	  82.000	  84.000	  46.857	  84.000	  38.857	AttR2	R	3	49	2	337
907	4	73	46.740	  77.000	  59.000	  61.000	  41.740	  86.224	SimA1	R	6	51	1	270
907	4	74	52.000	  81.000	  81.000	  52.000	  81.000	  43.000	AttR2	R	4	50	1	149
907	4	75	48.961	  76.000	  61.000	  61.000	  45.961	  80.961	SimA1	R	1	49	1	315
907	4	76	76.000	  48.158	  73.000	  44.205	  77.000	  41.714	Fill2	R	1	50	2	210
907	4	77	49.000	  80.000	  81.000	  48.395	  42.000	  80.000	AttR1	R	5	50	3	292
907	4	78	49.613	  75.000	  61.000	  61.000	  64.155	  58.000	SimA2	R	6	49	3	220
907	4	79	92.000	  39.783	  91.000	  35.736	  95.000	  33.453	Fill1	R	3	51	3	232
907	4	80	51.108	  74.000	  49.108	  68.848	  52.108	  64.232	Fill4	R	4	50	1	242
907	4	81	82.000	  46.683	  58.000	  66.000	  44.000	  87.000	ComD2	R	3	50	1	298
907	4	82	47.838	  74.000	  60.000	  59.000	  65.556	  54.000	SimA2	R	6	49	3	197
907	4	83	97.000	  40.144	  82.000	  47.488	  59.000	  66.000	ComD1	R	2	51	2	272
907	4	84	39.557	  88.000	  38.557	  76.044	  41.557	  71.589	Fill5	R	2	50	3	209
907	4	85	47.987	  75.000	  61.000	  59.000	  44.987	  80.001	SimA1	R	2	50	3	180
907	4	86	39.333	  90.000	  37.333	  80.116	  40.333	  74.826	Fill5	R	4	51	2	214
907	4	87	93.000	  38.065	  91.000	  34.242	  96.000	  31.958	Fill1	R	6	51	1	241
907	4	88	60.000	  59.000	  58.000	  53.362	  63.000	  49.429	Fill3	R	3	49	2	129
907	4	89	50.000	  81.000	  80.000	  50.625	  80.000	  42.625	AttR2	R	3	50	1	190
907	4	90	61.000	  60.000	  60.000	  53.317	  64.000	  49.797	Fill3	R	3	50	1	177
907	5	1	50.833	  72.000	  47.833	  67.296	  51.833	  61.621	Fill4	R	3	50	1	1261
907	5	2	91.000	  38.253	  88.000	  34.432	  92.000	  32.804	Fill1	R	1	49	1	604
907	5	3	96.000	  38.667	  80.000	  46.400	  58.000	  64.000	ComD1	R	2	50	3	262
907	5	4	50.000	  78.000	  79.000	  49.367	  79.000	  41.367	AttR2	R	6	51	1	111
907	5	5	41.568	  88.000	  40.568	  77.401	  43.568	  71.750	Fill5	R	3	49	2	117
907	5	6	71.000	  48.169	  70.000	  42.700	  74.000	  39.554	Fill2	R	3	50	1	88
907	5	7	48.158	  76.000	  61.000	  60.000	  45.158	  81.049	SimA1	R	3	50	1	178
907	5	8	47.200	  75.000	  60.000	  59.000	  65.556	  54.000	SimA2	R	1	51	3	156
907	5	9	76.000	  48.158	  73.000	  44.178	  79.000	  41.076	Fill2	R	5	49	2	200
907	5	10	61.000	  60.000	  58.000	  55.483	  64.000	  49.875	Fill3	R	4	50	1	124
907	5	11	53.014	  69.000	  52.014	  61.906	  55.014	  58.366	Fill4	R	1	50	2	145
907	5	12	50.000	  78.000	  79.000	  49.367	  43.000	  78.000	AttR1	R	3	51	3	262
907	5	13	51.000	  79.000	  80.000	  50.362	  80.000	  41.362	AttR2	R	3	49	2	150
907	5	14	40.449	  89.000	  37.449	  82.511	  42.449	  72.557	Fill5	R	2	50	3	228
907	5	15	61.000	  59.000	  59.000	  52.644	  64.000	  48.797	Fill3	R	5	49	2	142
907	5	16	47.532	  77.000	  60.000	  61.000	  44.532	  82.187	SimA1	R	3	50	1	139
907	5	17	50.000	  82.000	  84.000	  48.810	  41.000	  82.000	AttR1	R	3	51	3	105
907	5	18	57.000	  60.000	  55.000	  54.145	  60.000	  50.067	Fill3	R	2	51	2	117
907	5	19	48.800	  75.000	  61.000	  60.000	  45.800	  79.913	SimA1	R	4	49	3	92
907	5	20	51.000	  82.000	  82.000	  51.000	  42.000	  82.000	AttR1	R	2	50	3	276
907	5	21	50.000	  80.000	  80.000	  50.000	  80.000	  41.000	AttR2	R	3	49	2	212
907	5	22	48.158	  76.000	  61.000	  60.000	  64.211	  57.000	SimA2	R	6	51	1	206
907	5	23	97.000	  38.196	  82.000	  45.183	  57.000	  65.000	ComD1	R	1	50	2	209
907	5	24	50.000	  80.000	  80.000	  50.000	  42.000	  80.000	AttR1	R	6	50	2	196
907	5	25	38.000	  90.000	  35.000	  82.571	  39.000	  74.718	Fill5	R	6	49	3	174
907	5	26	62.000	  59.000	  61.000	  51.885	  64.000	  50.500	Fill3	R	6	51	1	105
907	5	27	93.000	  39.333	  91.000	  34.879	  95.000	  34.168	Fill1	R	3	50	1	94
907	5	28	51.000	  79.000	  80.000	  50.362	  42.000	  79.000	AttR1	R	4	50	1	214
907	5	29	80.000	  45.600	  57.000	  64.000	  42.419	  86.000	ComD2	R	2	49	1	202
907	5	30	80.000	  47.125	  58.000	  65.000	  43.333	  87.000	ComD2	R	2	51	2	108
907	5	31	46.413	  75.000	  59.000	  59.000	  42.413	  82.073	SimA1	R	1	50	2	105
907	5	32	82.000	  45.878	  57.000	  66.000	  44.786	  84.000	ComD2	R	3	50	1	86
907	5	33	50.110	  73.000	  62.000	  59.000	  46.110	  79.333	SimA1	R	3	51	3	206
907	5	34	47.838	  74.000	  60.000	  59.000	  43.838	  80.752	SimA1	R	4	51	2	138
907	5	35	50.077	  78.000	  62.000	  63.000	  67.345	  58.000	SimA2	R	3	49	2	78
907	5	36	48.800	  75.000	  61.000	  60.000	  66.545	  55.000	SimA2	R	3	50	1	118
907	5	37	82.000	  47.488	  59.000	  66.000	  45.279	  86.000	ComD2	R	3	50	1	156
907	5	38	50.000	  81.000	  83.000	  48.795	  43.000	  81.000	AttR1	R	1	49	1	145
907	5	39	50.000	  79.000	  80.000	  49.375	  41.000	  79.000	AttR1	R	1	51	3	63
907	5	40	60.000	  60.000	  59.000	  53.220	  61.000	  51.934	Fill3	R	5	50	3	166
907	5	41	51.000	  81.000	  80.000	  51.638	  42.000	  81.000	AttR1	R	1	51	3	338
907	5	42	54.000	  82.000	  80.000	  55.350	  47.000	  82.000	AttR1	R	2	49	1	78
907	5	43	46.877	  73.000	  58.000	  59.000	  41.877	  81.716	SimA1	R	5	50	3	94
907	5	44	91.000	  39.560	  88.000	  35.784	  94.000	  33.457	Fill1	R	6	49	3	103
907	5	45	99.000	  38.000	  83.000	  45.325	  57.000	  66.000	ComD1	R	5	51	1	556
907	5	46	75.000	  48.000	  74.000	  43.189	  76.000	  41.303	Fill2	R	6	51	1	257
907	5	47	48.800	  75.000	  60.000	  61.000	  43.800	  83.562	SimA1	R	6	50	2	105
907	5	48	74.000	  47.041	  73.000	  42.205	  76.000	  40.224	Fill2	R	6	49	3	142
907	5	49	39.112	  89.000	  38.112	  77.088	  41.112	  72.338	Fill5	R	5	49	2	123
907	5	50	50.110	  73.000	  62.000	  59.000	  65.321	  56.000	SimA2	R	2	50	3	41
907	5	51	51.000	  81.000	  80.000	  51.638	  80.000	  44.638	AttR2	R	5	51	1	65
907	5	52	49.000	  80.000	  79.000	  49.620	  79.000	  42.620	AttR2	R	2	51	2	129
907	5	53	50.077	  78.000	  62.000	  63.000	  47.077	  82.971	SimA1	R	2	50	3	158
907	5	54	76.000	  47.355	  74.000	  43.189	  78.000	  40.795	Fill2	R	2	49	1	1651
907	5	55	51.000	  82.000	  82.000	  51.000	  82.000	  42.000	AttR2	R	4	50	1	68
907	5	56	97.000	  40.144	  81.000	  48.074	  59.000	  66.000	ComD1	R	2	49	1	180
907	5	57	47.200	  75.000	  60.000	  59.000	  44.200	  80.090	SimA1	R	1	50	2	175
907	5	58	80.000	  46.400	  58.000	  64.000	  43.163	  86.000	ComD2	R	3	51	3	233
907	5	59	49.000	  80.000	  79.000	  49.620	  42.000	  80.000	AttR1	R	3	49	2	313
907	5	60	92.000	  39.120	  89.000	  35.787	  95.000	  32.758	Fill1	R	3	51	3	237
907	5	61	97.000	  37.608	  80.000	  45.600	  57.000	  64.000	ComD1	R	1	50	2	109
907	5	62	48.800	  75.000	  60.000	  61.000	  63.103	  58.000	SimA2	R	5	49	2	404
907	5	63	50.000	  72.000	  48.000	  65.875	  51.000	  60.863	Fill4	R	2	51	2	238
907	5	64	47.532	  77.000	  60.000	  61.000	  63.103	  58.000	SimA2	R	6	49	3	278
907	5	65	83.000	  45.325	  57.000	  66.000	  44.786	  84.000	ComD2	R	1	50	2	222
907	5	66	59.000	  59.000	  57.000	  53.754	  61.000	  49.180	Fill3	R	1	50	2	289
907	5	67	81.000	  46.543	  58.000	  65.000	  44.353	  85.000	ComD2	R	1	49	1	257
907	5	68	40.667	  90.000	  38.667	  80.534	  41.667	  75.816	Fill5	R	4	51	2	145
907	5	69	54.000	  82.000	  80.000	  55.350	  80.000	  46.350	AttR2	R	4	50	1	198
907	5	70	46.413	  75.000	  59.000	  59.000	  62.161	  56.000	SimA2	R	3	50	1	321
907	5	71	47.838	  74.000	  60.000	  59.000	  64.364	  55.000	SimA2	R	2	49	1	229
907	5	72	88.000	  38.864	  86.000	  34.512	  90.000	  33.178	Fill1	R	4	51	2	249
907	5	73	82.000	  45.183	  57.000	  65.000	  44.107	  84.000	ComD2	R	2	49	1	146
907	5	74	96.000	  39.188	  82.000	  45.878	  57.000	  66.000	ComD1	R	3	49	2	262
907	5	75	40.438	  89.000	  38.438	  80.155	  42.438	  72.105	Fill5	R	3	50	1	182
907	5	76	81.000	  48.074	  59.000	  66.000	  45.279	  86.000	ComD2	R	4	50	1	129
907	5	77	46.877	  73.000	  58.000	  59.000	  61.107	  56.000	SimA2	R	1	51	3	206
907	5	78	49.028	  71.000	  46.028	  65.373	  50.028	  61.325	Fill4	R	2	50	3	89
907	5	79	50.000	  81.000	  83.000	  48.795	  83.000	  40.795	AttR2	R	4	50	1	249
907	5	80	83.000	  46.120	  58.000	  66.000	  44.512	  86.000	ComD2	R	3	49	2	194
907	5	81	94.000	  38.936	  91.000	  35.670	  97.000	  32.701	Fill1	R	6	51	1	148
907	5	82	50.000	  82.000	  84.000	  48.810	  84.000	  39.810	AttR2	R	3	51	3	257
907	5	83	97.000	  40.144	  82.000	  47.488	  59.000	  66.000	ComD1	R	6	50	2	89
907	5	84	48.169	  71.000	  47.169	  62.520	  49.169	  59.651	Fill4	R	5	50	3	257
907	5	85	96.000	  39.271	  81.000	  46.543	  58.000	  65.000	ComD1	R	3	49	2	121
907	5	86	98.000	  38.469	  80.000	  47.125	  58.000	  65.000	ComD1	R	3	51	3	63
907	5	87	52.159	  69.000	  50.159	  63.637	  54.159	  58.863	Fill4	R	4	51	2	391
907	5	88	50.000	  79.000	  80.000	  49.375	  80.000	  40.375	AttR2	R	4	49	3	81
907	5	89	99.000	  38.667	  83.000	  46.120	  58.000	  66.000	ComD1	R	4	50	1	162
907	5	90	77.000	  47.506	  75.000	  42.907	  80.000	  40.487	Fill2	R	6	49	3	254
907	6	1	41.109	  92.000	  38.109	  85.335	  43.109	  75.832	Fill5	R	5	51	1	2021
907	6	2	48.649	  74.000	  60.000	  60.000	  43.649	  82.477	SimA1	R	3	49	2	182
907	6	3	47.368	  76.000	  60.000	  60.000	  42.368	  84.969	SimA1	R	6	50	2	40
907	6	4	49.000	  81.000	  79.000	  50.241	  79.000	  43.241	AttR2	R	4	50	1	89
907	6	5	48.158	  76.000	  61.000	  60.000	  45.158	  81.049	SimA1	R	3	49	2	121
907	6	6	83.000	  46.819	  58.000	  67.000	  45.186	  86.000	ComD2	R	1	51	3	70
907	6	7	92.000	  38.457	  90.000	  33.822	  95.000	  33.000	Fill1	R	2	49	1	136
907	6	8	51.000	  79.000	  79.000	  51.000	  79.000	  42.000	AttR2	R	3	50	1	124
907	6	9	76.000	  47.368	  73.000	  42.616	  79.000	  40.405	Fill2	R	2	51	2	121
907	6	10	52.029	  68.000	  50.029	  62.543	  54.029	  57.302	Fill4	R	5	49	2	95
907	6	11	60.000	  60.000	  58.000	  55.052	  61.000	  51.951	Fill3	R	1	49	1	159
907	6	12	50.000	  82.000	  84.000	  48.810	  84.000	  40.810	AttR2	R	5	50	3	109
907	6	13	97.000	  39.536	  80.000	  47.938	  59.000	  65.000	ComD1	R	4	51	2	121
907	6	14	97.000	  39.536	  82.000	  46.768	  59.000	  65.000	ComD1	R	4	49	3	39
907	6	15	52.000	  79.000	  78.000	  52.667	  45.000	  79.000	AttR1	R	4	51	2	166
907	6	16	91.000	  39.560	  89.000	  34.865	  93.000	  33.409	Fill1	R	5	50	3	105
907	6	17	49.000	  80.000	  78.000	  50.256	  78.000	  41.256	AttR2	R	1	49	1	295
907	6	18	48.000	  79.000	  79.000	  48.000	  40.000	  79.000	AttR1	R	5	51	1	278
907	6	19	62.000	  61.000	  60.000	  56.067	  64.000	  52.609	Fill3	R	3	49	2	239
907	6	20	51.000	  79.000	  79.000	  51.000	  43.000	  79.000	AttR1	R	6	50	2	278
907	6	21	61.000	  58.000	  58.000	  52.569	  64.000	  48.266	Fill3	R	2	51	2	286
907	6	22	73.000	  48.493	  72.000	  42.306	  75.000	  41.707	Fill2	R	6	49	3	254
907	6	23	96.000	  39.948	  80.000	  47.938	  59.000	  65.000	ComD1	R	5	51	1	310
907	6	24	46.740	  77.000	  59.000	  61.000	  43.740	  82.281	SimA1	R	1	50	2	309
907	6	25	80.000	  47.938	  59.000	  65.000	  43.580	  88.000	ComD2	R	5	49	2	162
907	6	26	47.671	  73.000	  60.000	  58.000	  63.273	  55.000	SimA2	R	5	50	3	239
907	6	27	48.158	  76.000	  61.000	  60.000	  65.357	  56.000	SimA2	R	2	50	3	350
907	6	28	99.000	  39.253	  83.000	  46.819	  58.000	  67.000	ComD1	R	2	49	1	293
907	6	29	76.000	  48.158	  75.000	  43.413	  78.000	  40.654	Fill2	R	2	51	2	228
907	6	30	47.671	  73.000	  60.000	  58.000	  44.671	  77.902	SimA1	R	2	49	1	166
907	6	31	75.000	  47.200	  74.000	  41.743	  78.000	  40.231	Fill2	R	2	49	1	153
907	6	32	50.000	  82.000	  84.000	  48.810	  43.000	  82.000	AttR1	R	1	50	2	246
907	6	33	50.000	  82.000	  82.000	  50.000	  43.000	  82.000	AttR1	R	5	49	2	214
907	6	34	60.000	  61.000	  59.000	  53.729	  62.000	  51.032	Fill3	R	3	51	3	273
907	6	35	95.000	  39.811	  94.000	  35.894	  98.000	  33.837	Fill1	R	5	50	3	233
907	6	36	81.000	  46.444	  57.000	  66.000	  43.744	  86.000	ComD2	R	4	49	3	114
907	6	37	48.000	  75.000	  60.000	  60.000	  43.000	  83.721	SimA1	R	3	51	3	182
907	6	38	50.571	  70.000	  47.571	  64.724	  52.571	  58.054	Fill4	R	5	49	2	306
907	6	39	48.961	  76.000	  61.000	  61.000	  45.961	  80.961	SimA1	R	4	51	2	206
907	6	40	49.000	  81.000	  79.000	  50.241	  40.000	  81.000	AttR1	R	2	50	3	227
907	6	41	50.000	  72.000	  48.000	  65.083	  51.000	  61.843	Fill4	R	1	49	1	221
907	6	42	91.000	  38.901	  89.000	  35.112	  92.000	  33.489	Fill1	R	4	49	3	246
907	6	43	59.000	  60.000	  58.000	  53.810	  60.000	  51.067	Fill3	R	3	50	1	214
907	6	44	48.635	  74.000	  61.000	  59.000	  43.635	  82.479	SimA1	R	5	51	1	353
907	6	45	47.838	  74.000	  59.000	  60.000	  44.838	  78.951	SimA1	R	2	51	2	310
907	6	46	49.000	  81.000	  79.000	  50.241	  79.000	  41.241	AttR2	R	6	50	2	236
907	6	47	46.740	  77.000	  59.000	  61.000	  64.268	  56.000	SimA2	R	4	49	3	268
907	6	48	76.000	  49.763	  75.000	  43.907	  78.000	  43.141	Fill2	R	5	50	3	252
907	6	49	82.000	  45.976	  58.000	  65.000	  43.837	  86.000	ComD2	R	4	50	1	332
907	6	50	48.961	  76.000	  61.000	  61.000	  66.446	  56.000	SimA2	R	5	49	2	241
907	6	51	84.000	  46.262	  58.000	  67.000	  45.186	  86.000	ComD2	R	5	50	3	266
907	6	52	50.000	  80.000	  82.000	  48.780	  41.000	  80.000	AttR1	R	5	49	2	306
907	6	53	39.775	  89.000	  37.775	  79.655	  41.775	  72.579	Fill5	R	5	50	3	342
907	6	54	81.000	  45.741	  57.000	  65.000	  43.081	  86.000	ComD2	R	2	51	2	148
907	6	55	49.000	  80.000	  81.000	  48.395	  42.000	  80.000	AttR1	R	4	49	3	210
907	6	56	97.000	  38.196	  82.000	  45.183	  57.000	  65.000	ComD1	R	2	50	3	124
907	6	57	48.000	  79.000	  79.000	  48.000	  79.000	  41.000	AttR2	R	3	50	1	225
907	6	58	82.000	  46.768	  59.000	  65.000	  44.593	  86.000	ComD2	R	5	49	2	181
907	6	59	48.000	  75.000	  60.000	  60.000	  63.158	  57.000	SimA2	R	4	51	2	70
907	6	60	50.000	  82.000	  82.000	  50.000	  82.000	  42.000	AttR2	R	2	50	3	198
907	6	61	100.000	  38.860	  84.000	  46.262	  58.000	  67.000	ComD1	R	5	51	1	281
907	6	62	47.368	  76.000	  60.000	  60.000	  63.158	  57.000	SimA2	R	4	49	3	258
907	6	63	49.000	  81.000	  79.000	  50.241	  41.000	  81.000	AttR1	R	2	51	2	346
907	6	64	40.205	  88.000	  38.205	  78.839	  42.205	  71.082	Fill5	R	4	50	1	303
907	6	65	98.000	  38.388	  81.000	  46.444	  57.000	  66.000	ComD1	R	5	50	3	253
907	6	66	47.368	  76.000	  60.000	  60.000	  64.286	  56.000	SimA2	R	2	50	3	244
907	6	67	52.528	  72.000	  51.528	  63.771	  54.528	  60.868	Fill4	R	2	49	1	124
907	6	68	91.000	  38.901	  88.000	  34.659	  92.000	  33.804	Fill1	R	3	49	2	266
907	6	69	96.000	  39.271	  82.000	  45.976	  58.000	  65.000	ComD1	R	1	51	3	226
907	6	70	82.000	  45.183	  57.000	  65.000	  43.081	  86.000	ComD2	R	6	50	2	85
907	6	71	80.000	  47.938	  59.000	  65.000	  44.593	  86.000	ComD2	R	6	50	2	141
907	6	72	47.838	  74.000	  59.000	  60.000	  63.214	  56.000	SimA2	R	6	49	3	225
907	6	73	49.000	  80.000	  78.000	  50.256	  42.000	  80.000	AttR1	R	6	51	1	157
907	6	74	96.000	  39.948	  82.000	  46.768	  59.000	  65.000	ComD1	R	5	50	3	186
907	6	75	49.000	  80.000	  81.000	  48.395	  81.000	  39.395	AttR2	R	2	50	3	189
907	6	76	39.783	  92.000	  38.783	  80.577	  40.783	  76.650	Fill5	R	5	49	2	238
907	6	77	40.000	  90.000	  38.000	  81.263	  42.000	  73.357	Fill5	R	5	51	1	246
907	6	78	48.649	  74.000	  60.000	  60.000	  64.286	  56.000	SimA2	R	6	51	1	93
907	6	79	52.000	  79.000	  78.000	  52.667	  78.000	  43.667	AttR2	R	1	49	1	206
907	6	80	39.333	  90.000	  38.333	  78.496	  40.333	  75.099	Fill5	R	6	50	2	233
907	6	81	50.833	  72.000	  48.833	  66.307	  51.833	  62.605	Fill4	R	6	50	2	361
907	6	82	50.571	  70.000	  47.571	  64.345	  51.571	  59.413	Fill4	R	4	49	3	334
907	6	83	50.000	  80.000	  82.000	  48.780	  82.000	  39.780	AttR2	R	3	50	1	180
907	6	84	48.635	  74.000	  61.000	  59.000	  66.648	  54.000	SimA2	R	4	51	2	149
907	6	85	75.000	  47.173	  73.000	  42.397	  76.000	  40.513	Fill2	R	6	50	2	212
907	6	86	59.000	  60.000	  56.000	  54.893	  60.000	  51.300	Fill3	R	6	50	2	158
907	6	87	47.368	  76.000	  60.000	  60.000	  43.368	  83.010	SimA1	R	3	51	3	140
907	6	88	82.000	  46.768	  59.000	  65.000	  44.593	  86.000	ComD2	R	2	49	1	185
907	6	89	91.000	  40.220	  89.000	  36.618	  93.000	  34.054	Fill1	R	4	49	3	221
907	6	90	95.000	  39.000	  81.000	  45.741	  57.000	  65.000	ComD1	R	5	51	1	230
907	7	1	48.800	  75.000	  60.000	  61.000	  44.800	  81.696	SimA1	R	5	49	2	2021
907	7	2	82.000	  47.488	  59.000	  66.000	  44.250	  88.000	ComD2	R	4	51	2	292
907	7	3	51.000	  80.000	  80.000	  51.000	  42.000	  80.000	AttR1	R	3	49	2	125
907	7	4	96.000	  38.667	  80.000	  46.400	  58.000	  64.000	ComD1	R	2	50	3	90
907	7	5	48.000	  75.000	  60.000	  60.000	  44.000	  81.818	SimA1	R	1	50	2	202
907	7	6	47.200	  75.000	  59.000	  60.000	  42.200	  83.886	SimA1	R	6	49	3	292
907	7	7	94.000	  38.809	  80.000	  45.600	  57.000	  64.000	ComD1	R	1	51	3	293
907	7	8	52.000	  83.000	  83.000	  52.000	  45.000	  83.000	AttR1	R	6	50	2	284
907	7	9	91.000	  38.901	  89.000	  34.944	  93.000	  33.699	Fill1	R	5	50	3	140
907	7	10	50.000	  81.000	  83.000	  48.795	  83.000	  41.795	AttR2	R	4	49	3	34
907	7	11	39.333	  90.000	  37.333	  80.464	  40.333	  74.802	Fill5	R	4	51	2	105
907	7	12	46.068	  73.000	  59.000	  57.000	  43.068	  78.085	SimA1	R	5	50	3	71
907	7	13	60.000	  61.000	  58.000	  55.793	  63.000	  51.238	Fill3	R	1	49	1	31
907	7	14	97.000	  38.268	  80.000	  46.400	  58.000	  64.000	ComD1	R	4	51	2	74
907	7	15	47.000	  82.000	  82.000	  47.000	  82.000	  40.000	AttR2	R	2	49	1	1370
907	7	16	51.932	  74.000	  49.932	  68.853	  53.932	  63.802	Fill4	R	3	50	1	444
907	7	17	61.000	  64.000	  59.000	  57.831	  64.000	  53.922	Fill3	R	4	50	1	428
907	7	18	51.000	  80.000	  80.000	  51.000	  80.000	  44.000	AttR2	R	4	49	3	495
907	7	19	50.000	  81.000	  83.000	  48.795	  43.000	  81.000	AttR1	R	3	50	1	512
907	7	20	41.109	  92.000	  40.109	  80.955	  42.109	  77.442	Fill5	R	4	49	3	573
907	7	21	47.200	  75.000	  60.000	  59.000	  43.200	  81.944	SimA1	R	2	50	3	614
907	7	22	51.000	  80.000	  81.000	  50.370	  42.000	  80.000	AttR1	R	5	51	1	433
907	7	23	48.800	  75.000	  61.000	  60.000	  45.800	  79.913	SimA1	R	2	49	1	417
907	7	24	51.000	  82.000	  80.000	  52.275	  80.000	  45.275	AttR2	R	2	49	1	629
907	7	25	41.772	  92.000	  38.772	  85.836	  43.772	  75.757	Fill5	R	6	51	1	750
907	7	26	61.000	  63.000	  59.000	  58.051	  63.000	  54.286	Fill3	R	6	50	2	500
907	7	27	48.000	  75.000	  60.000	  60.000	  64.286	  56.000	SimA2	R	5	50	3	577
907	7	28	99.000	  38.667	  81.000	  47.259	  58.000	  66.000	ComD1	R	5	51	1	612
907	7	29	52.000	  80.000	  78.000	  53.333	  78.000	  45.333	AttR2	R	3	49	2	399
907	7	30	50.000	  72.000	  49.000	  65.020	  51.000	  61.725	Fill4	R	1	49	1	497
907	7	31	60.000	  59.000	  57.000	  54.491	  61.000	  50.967	Fill3	R	2	50	3	313
907	7	32	81.000	  47.259	  58.000	  66.000	  44.512	  86.000	ComD2	R	2	49	1	415
907	7	33	80.000	  46.400	  58.000	  64.000	  43.163	  86.000	ComD2	R	1	50	2	410
907	7	34	74.000	  49.459	  72.000	  45.139	  75.000	  43.373	Fill2	R	4	51	2	532
907	7	35	52.000	  80.000	  78.000	  53.333	  45.000	  80.000	AttR1	R	1	49	1	505
907	7	36	95.000	  39.074	  81.000	  45.827	  58.000	  64.000	ComD1	R	1	50	2	423
907	7	37	77.000	  49.909	  74.000	  46.054	  78.000	  43.449	Fill2	R	2	49	1	586
907	7	38	49.000	  83.000	  85.000	  47.847	  85.000	  40.847	AttR2	R	5	51	1	500
907	7	39	49.000	  80.000	  82.000	  47.805	  40.000	  80.000	AttR1	R	5	49	2	417
907	7	40	48.000	  75.000	  60.000	  60.000	  65.455	  55.000	SimA2	R	3	50	1	396
907	7	41	51.000	  80.000	  81.000	  50.370	  81.000	  42.370	AttR2	R	6	50	2	454
907	7	42	47.838	  74.000	  60.000	  59.000	  64.364	  55.000	SimA2	R	3	49	2	566
907	7	43	76.000	  49.763	  75.000	  44.573	  77.000	  42.675	Fill2	R	3	50	1	354
907	7	44	47.200	  75.000	  59.000	  60.000	  63.214	  56.000	SimA2	R	3	50	1	311
907	7	45	41.532	  94.000	  39.532	  85.501	  42.532	  78.999	Fill5	R	4	51	2	517
907	7	46	60.000	  60.000	  59.000	  52.814	  61.000	  52.115	Fill3	R	1	49	1	264
907	7	47	98.000	  38.469	  81.000	  46.543	  58.000	  65.000	ComD1	R	4	50	1	410
907	7	48	51.000	  82.000	  83.000	  50.386	  83.000	  41.386	AttR2	R	1	50	2	396
907	7	49	48.800	  75.000	  60.000	  61.000	  65.357	  56.000	SimA2	R	2	49	1	319
907	7	50	81.000	  44.938	  56.000	  65.000	  43.333	  84.000	ComD2	R	4	51	2	156
907	7	51	40.000	  90.000	  38.000	  80.658	  42.000	  73.357	Fill5	R	5	49	2	297
907	7	52	39.783	  92.000	  38.783	  80.964	  41.783	  75.582	Fill5	R	4	50	1	257
907	7	53	50.137	  73.000	  49.137	  64.982	  51.137	  63.398	Fill4	R	4	50	1	265
907	7	54	48.000	  75.000	  60.000	  60.000	  43.000	  83.721	SimA1	R	2	49	1	377
907	7	55	76.000	  51.368	  74.000	  46.919	  77.000	  44.403	Fill2	R	2	51	2	332
907	7	56	80.000	  46.400	  58.000	  64.000	  42.667	  87.000	ComD2	R	2	49	1	313
907	7	57	51.108	  74.000	  48.108	  68.263	  52.108	  64.424	Fill4	R	5	50	3	382
907	7	58	82.000	  45.976	  58.000	  65.000	  43.333	  87.000	ComD2	R	3	50	1	265
907	7	59	92.000	  39.130	  91.000	  34.253	  95.000	  32.811	Fill1	R	5	49	2	225
907	7	60	81.000	  46.543	  58.000	  65.000	  44.353	  85.000	ComD2	R	2	51	2	268
907	7	61	47.200	  75.000	  60.000	  59.000	  65.556	  54.000	SimA2	R	2	50	3	244
907	7	62	97.000	  37.526	  81.000	  44.938	  56.000	  65.000	ComD1	R	5	49	2	380
907	7	63	47.000	  82.000	  82.000	  47.000	  40.000	  82.000	AttR1	R	2	50	3	262
907	7	64	47.838	  74.000	  60.000	  59.000	  42.838	  82.637	SimA1	R	5	49	2	334
907	7	65	94.000	  41.532	  93.000	  36.903	  95.000	  36.305	Fill1	R	1	50	2	284
907	7	66	80.000	  45.600	  57.000	  64.000	  43.429	  84.000	ComD2	R	5	49	2	308
907	7	67	49.000	  83.000	  85.000	  47.847	  41.000	  83.000	AttR1	R	5	51	1	225
907	7	68	92.000	  39.783	  90.000	  35.178	  95.000	  33.326	Fill1	R	2	50	3	300
907	7	69	52.000	  83.000	  83.000	  52.000	  83.000	  44.000	AttR2	R	6	49	3	313
907	7	70	49.613	  75.000	  61.000	  61.000	  65.281	  57.000	SimA2	R	4	51	2	214
907	7	71	52.757	  74.000	  50.757	  68.720	  54.757	  63.335	Fill4	R	2	50	3	233
907	7	72	46.068	  73.000	  59.000	  57.000	  62.278	  54.000	SimA2	R	2	49	1	249
907	7	73	49.000	  80.000	  82.000	  47.805	  82.000	  39.805	AttR2	R	5	50	3	209
907	7	74	95.000	  39.684	  82.000	  45.976	  58.000	  65.000	ComD1	R	3	49	2	268
907	7	75	95.000	  41.737	  82.000	  48.354	  61.000	  65.000	ComD1	R	2	51	2	293
907	7	76	49.613	  75.000	  61.000	  61.000	  45.613	  81.577	SimA1	R	2	50	3	285
907	7	77	74.000	  47.838	  71.000	  44.211	  76.000	  40.789	Fill2	R	3	49	2	236
907	7	78	82.000	  48.354	  61.000	  65.000	  44.551	  89.000	ComD2	R	2	50	3	179
907	7	79	45.789	  76.000	  58.000	  60.000	  62.143	  56.000	SimA2	R	2	49	1	230
907	7	80	45.789	  76.000	  58.000	  60.000	  40.789	  85.316	SimA1	R	1	51	3	258
907	7	81	81.000	  45.827	  58.000	  64.000	  42.667	  87.000	ComD2	R	5	50	3	225
907	7	82	51.304	  69.000	  49.304	  63.179	  52.304	  58.714	Fill4	R	5	49	2	317
907	7	83	48.800	  75.000	  61.000	  60.000	  65.357	  56.000	SimA2	R	4	50	1	321
907	7	84	74.000	  48.649	  73.000	  43.630	  75.000	  41.947	Fill2	R	3	51	3	295
907	7	85	51.000	  82.000	  83.000	  50.386	  43.000	  82.000	AttR1	R	2	51	2	379
907	7	86	93.000	  41.323	  90.000	  38.033	  95.000	  35.558	Fill1	R	6	51	1	330
907	7	87	61.000	  62.000	  60.000	  55.317	  64.000	  52.484	Fill3	R	3	50	1	199
907	7	88	92.000	  41.109	  90.000	  37.200	  94.000	  35.840	Fill1	R	6	49	3	249
907	7	89	51.000	  82.000	  80.000	  52.275	  43.000	  82.000	AttR1	R	4	49	3	233
907	7	90	97.000	  40.144	  82.000	  47.488	  59.000	  66.000	ComD1	R	3	50	1	194
907	8	1	40.864	  88.000	  39.864	  76.436	  41.864	  73.620	Fill5	R	3	51	3	573
907	8	2	50.000	  82.000	  80.000	  51.250	  41.000	  82.000	AttR1	R	1	50	2	158
907	8	3	40.227	  88.000	  38.227	  78.949	  41.227	  73.665	Fill5	R	2	49	1	268
907	8	4	46.553	  76.000	  58.000	  61.000	  43.553	  81.235	SimA1	R	3	51	3	108
907	8	5	52.000	  81.000	  80.000	  52.650	  45.000	  81.000	AttR1	R	6	49	3	154
907	8	6	48.857	  70.000	  47.857	  62.373	  50.857	  58.084	Fill4	R	1	50	2	175
907	8	7	93.000	  38.667	  90.000	  34.778	  94.000	  33.670	Fill1	R	2	49	1	113
907	8	8	53.268	  71.000	  52.268	  63.060	  54.268	  61.510	Fill4	R	4	49	3	230
907	8	9	48.773	  75.000	  62.000	  59.000	  45.773	  79.916	SimA1	R	4	50	1	257
907	8	10	80.000	  46.312	  57.000	  65.000	  43.588	  85.000	ComD2	R	3	51	3	153
907	8	11	49.944	  72.000	  62.000	  58.000	  45.944	  78.268	SimA1	R	3	49	2	189
907	8	12	41.560	  91.000	  39.560	  82.962	  42.560	  76.409	Fill5	R	2	50	3	145
907	8	13	47.041	  74.000	  59.000	  59.000	  44.041	  79.041	SimA1	R	2	49	1	182
907	8	14	52.116	  69.000	  51.116	  60.901	  53.116	  59.624	Fill4	R	4	50	1	177
907	8	15	47.532	  77.000	  60.000	  61.000	  43.532	  84.075	SimA1	R	2	49	1	148
907	8	16	51.549	  71.000	  49.549	  64.703	  53.549	  59.571	Fill4	R	1	51	3	249
907	8	17	59.000	  60.000	  56.000	  55.161	  62.000	  49.806	Fill3	R	2	51	2	314
907	8	18	46.553	  76.000	  58.000	  61.000	  62.070	  57.000	SimA2	R	3	49	2	263
907	8	19	100.000	  39.530	  83.000	  47.627	  59.000	  67.000	ComD1	R	3	50	1	454
907	8	20	40.220	  91.000	  37.220	  84.203	  42.220	  74.183	Fill5	R	2	49	1	358
907	8	21	92.000	  38.478	  91.000	  34.451	  95.000	  32.232	Fill1	R	4	50	1	460
907	8	22	90.000	  38.000	  87.000	  34.172	  93.000	  31.462	Fill1	R	5	51	1	404
907	8	23	92.000	  39.783	  91.000	  35.044	  93.000	  35.011	Fill1	R	1	50	2	391
907	8	24	76.000	  46.579	  73.000	  42.767	  77.000	  39.844	Fill2	R	6	49	3	305
907	8	25	47.532	  77.000	  60.000	  61.000	  65.357	  56.000	SimA2	R	5	49	2	255
907	8	26	57.000	  60.000	  56.000	  52.607	  59.000	  50.576	Fill3	R	2	50	3	343
907	8	27	52.000	  81.000	  80.000	  52.650	  80.000	  43.650	AttR2	R	4	51	2	332
907	8	28	50.000	  80.000	  82.000	  48.780	  82.000	  40.780	AttR2	R	5	50	3	337
907	8	29	46.579	  76.000	  59.000	  60.000	  64.364	  55.000	SimA2	R	3	49	2	311
907	8	30	47.692	  78.000	  60.000	  62.000	  65.263	  57.000	SimA2	R	2	49	1	285
907	8	31	46.579	  76.000	  59.000	  60.000	  42.579	  83.140	SimA1	R	4	49	3	252
907	8	32	50.000	  79.000	  79.000	  50.000	  43.000	  79.000	AttR1	R	3	49	2	285
907	8	33	78.000	  46.103	  76.000	  41.408	  79.000	  40.291	Fill2	R	5	49	2	476
907	8	34	96.000	  39.188	  81.000	  46.444	  57.000	  66.000	ComD1	R	3	51	3	572
907	8	35	73.000	  46.849	  71.000	  41.775	  74.000	  39.986	Fill2	R	3	49	2	342
907	8	36	94.000	  39.489	  81.000	  45.827	  58.000	  64.000	ComD1	R	2	50	3	348
907	8	37	95.000	  39.811	  94.000	  35.585	  96.000	  34.656	Fill1	R	3	50	1	1081
907	8	38	50.000	  82.000	  80.000	  51.250	  80.000	  43.250	AttR2	R	2	49	1	801
907	8	39	47.000	  80.000	  78.000	  48.205	  78.000	  40.205	AttR2	R	3	50	1	588
907	8	40	75.000	  48.800	  73.000	  43.342	  76.000	  42.566	Fill2	R	1	49	1	702
907	8	41	47.692	  78.000	  60.000	  62.000	  44.692	  83.236	SimA1	R	6	50	2	549
907	8	42	47.000	  79.000	  79.000	  47.000	  39.000	  79.000	AttR1	R	1	50	2	569
907	8	43	94.000	  40.170	  80.000	  47.200	  59.000	  64.000	ComD1	R	2	50	3	500
907	8	44	76.000	  49.763	  74.000	  45.419	  77.000	  43.000	Fill2	R	3	51	3	873
907	8	45	95.000	  39.000	  80.000	  46.312	  57.000	  65.000	ComD1	R	5	49	2	418
907	8	46	47.041	  74.000	  59.000	  59.000	  64.463	  54.000	SimA2	R	5	50	3	764
907	8	47	39.333	  90.000	  38.333	  78.861	  41.333	  73.210	Fill5	R	3	50	1	641
907	8	48	81.000	  45.827	  58.000	  64.000	  42.667	  87.000	ComD2	R	1	50	2	321
907	8	49	97.000	  38.866	  81.000	  46.543	  58.000	  65.000	ComD1	R	5	50	3	294
907	8	50	97.000	  39.464	  82.000	  46.683	  58.000	  66.000	ComD1	R	3	50	1	311
907	8	51	47.027	  74.000	  60.000	  58.000	  43.027	  80.879	SimA1	R	4	50	1	293
907	8	52	48.773	  75.000	  62.000	  59.000	  66.509	  55.000	SimA2	R	2	50	3	301
907	8	53	81.000	  46.543	  58.000	  65.000	  44.353	  85.000	ComD2	R	5	49	2	321
907	8	54	60.000	  61.000	  59.000	  54.034	  61.000	  53.016	Fill3	R	3	51	3	311
907	8	55	47.685	  73.000	  59.000	  59.000	  64.463	  54.000	SimA2	R	2	51	2	372
907	8	56	98.000	  38.469	  82.000	  45.976	  58.000	  65.000	ComD1	R	1	49	1	334
907	8	57	38.427	  89.000	  36.427	  79.721	  39.427	  73.858	Fill5	R	2	49	1	644
907	8	58	48.000	  82.000	  81.000	  48.593	  39.000	  82.000	AttR1	R	5	51	1	413
907	8	59	49.859	  71.000	  47.859	  64.941	  50.859	  60.422	Fill4	R	3	51	3	383
907	8	60	47.000	  79.000	  79.000	  47.000	  79.000	  38.000	AttR2	R	6	50	2	298
907	8	61	53.000	  78.000	  79.000	  52.329	  46.000	  78.000	AttR1	R	2	50	3	330
907	8	62	49.763	  76.000	  62.000	  61.000	  46.763	  80.876	SimA1	R	2	49	1	327
907	8	63	81.000	  46.543	  58.000	  65.000	  43.333	  87.000	ComD2	R	3	51	3	348
907	8	64	82.000	  46.683	  58.000	  66.000	  45.035	  85.000	ComD2	R	3	49	2	305
907	8	65	50.000	  80.000	  81.000	  49.383	  81.000	  41.383	AttR2	R	3	50	1	277
907	8	66	95.000	  39.684	  81.000	  46.543	  58.000	  65.000	ComD1	R	3	49	2	533
907	8	67	92.000	  38.478	  89.000	  34.528	  95.000	  32.432	Fill1	R	4	50	1	380
907	8	68	98.000	  37.143	  81.000	  44.938	  56.000	  65.000	ComD1	R	4	51	2	606
907	8	69	50.000	  79.000	  79.000	  50.000	  79.000	  42.000	AttR2	R	5	49	2	329
907	8	70	60.000	  59.000	  57.000	  54.439	  62.000	  49.903	Fill3	R	3	50	1	806
907	8	71	62.000	  58.000	  60.000	  52.017	  63.000	  49.349	Fill3	R	2	49	1	417
907	8	72	49.000	  83.000	  81.000	  50.210	  42.000	  83.000	AttR1	R	5	49	2	532
907	8	73	50.000	  80.000	  82.000	  48.780	  42.000	  80.000	AttR1	R	5	51	1	289
907	8	74	73.000	  48.493	  71.000	  43.817	  74.000	  41.568	Fill2	R	4	49	3	457
907	8	75	81.000	  46.444	  57.000	  66.000	  43.744	  86.000	ComD2	R	5	50	3	329
907	8	76	49.763	  76.000	  62.000	  61.000	  66.351	  57.000	SimA2	R	5	49	2	358
907	8	77	83.000	  47.627	  59.000	  67.000	  44.920	  88.000	ComD2	R	1	51	3	404
907	8	78	47.027	  74.000	  60.000	  58.000	  63.273	  55.000	SimA2	R	2	50	3	310
907	8	79	82.000	  45.976	  58.000	  65.000	  43.333	  87.000	ComD2	R	4	49	3	260
907	8	80	53.000	  78.000	  79.000	  52.329	  79.000	  45.329	AttR2	R	2	50	3	372
907	8	81	50.000	  80.000	  81.000	  49.383	  42.000	  80.000	AttR1	R	4	49	3	393
907	8	82	62.000	  61.000	  59.000	  57.017	  63.000	  53.000	Fill3	R	3	51	3	305
907	8	83	81.000	  44.938	  56.000	  65.000	  43.333	  84.000	ComD2	R	2	50	3	246
907	8	84	48.000	  82.000	  81.000	  48.593	  81.000	  39.593	AttR2	R	4	49	3	206
907	8	85	49.859	  71.000	  48.859	  63.857	  50.859	  60.461	Fill4	R	5	50	3	249
907	8	86	47.000	  80.000	  78.000	  48.205	  38.000	  80.000	AttR1	R	3	51	3	306
907	8	87	49.944	  72.000	  62.000	  58.000	  65.382	  55.000	SimA2	R	3	49	2	271
907	8	88	80.000	  47.200	  59.000	  64.000	  43.402	  87.000	ComD2	R	4	50	1	254
907	8	89	47.685	  73.000	  59.000	  59.000	  44.685	  77.901	SimA1	R	6	49	3	246
907	8	90	49.000	  83.000	  81.000	  50.210	  81.000	  41.210	AttR2	R	5	49	2	359
