Participant: 54
MachineID: BL-POLS-IELbC11
Start Time: Tue, Sep 20, 2011 13:00:49
Seed: 83698
Sub	TrType	Trial	A1	A2	B1	B2	Decoy1	Decoy2	resp	choice	RT
54	AttR2	1	33	66	64	35	64	28	3	2	70675
54	Fill2	2	67	45	66	42	69	30	2	1	39266
54	AttR2	3	35	64	67	32	67	26	1	1	15458
54	AttR1	4	32	66	63	35	27	66	3	1	19842
54	AttF1	5	34	68	69	33	34	61	2	1	10227
54	AttF2	6	35	64	65	34	58	34	3	2	32738
54	Fill2	7	64	46	63	43	53	49	3	1	9507
54	AttF1	8	33	66	64	35	33	62	2	2	11442
54	Fill3	9	56	55	53	55	59	38	3	1	8532
54	Fill3	10	56	54	55	52	47	56	1	1	7185
54	Fill5	11	34	79	31	78	35	66	2	1	6802
54	AttR1	12	32	68	65	35	28	68	3	2	16274
54	Fill2	13	66	43	65	39	57	45	1	1	13573
54	AttRF2	14	35	66	69	32	62	27	2	1	27155
54	Fill4	15	47	63	44	62	38	64	3	1	9730
54	AttF2	16	30	69	68	31	64	31	3	2	17684
54	AttRF1	17	32	69	66	35	27	64	2	1	31266
54	AttF2	18	32	69	66	35	61	35	2	2	13779
54	AttR2	19	34	65	67	32	67	26	1	2	19570
54	AttF2	20	34	68	69	33	63	33	3	1	12738
54	Fill4	21	45	67	44	64	46	51	1	1	10097
54	Fill1	22	75	34	73	32	77	18	2	1	15155
54	Fill4	23	43	66	41	63	35	68	3	1	16932
54	AttR2	24	34	68	69	33	69	27	1	1	9858
54	AttRF2	25	33	68	65	36	58	31	3	2	21616
54	Fill1	26	78	33	75	31	81	18	1	1	8449
54	AttRF1	27	35	67	66	36	29	61	1	1	21616
54	Fill3	28	53	54	52	51	45	55	1	1	19950
54	Fill2	29	65	44	63	43	66	31	2	1	10275
54	Fill3	30	52	55	50	52	44	56	1	1	15169
54	Fill3	31	56	56	54	55	49	57	1	1	10945
54	Fill2	32	66	46	64	45	57	49	3	1	11772
54	AttR2	33	30	69	68	31	68	25	2	2	25251
54	Fill3	34	55	54	54	52	57	38	3	1	15598
54	AttR1	35	35	64	67	32	28	64	2	1	11265
54	AttR2	36	32	69	66	35	66	31	3	2	8447
54	AttR1	37	34	68	69	33	29	68	3	1	4497
54	AttF2	38	32	68	65	35	61	35	3	2	7632
54	Fill2	39	65	48	64	44	68	33	2	1	12222
54	AttRF2	40	36	66	69	33	63	28	2	1	6207
54	AttR1	41	36	66	69	33	32	66	2	1	7455
54	Fill2	42	63	46	60	45	66	30	2	1	6625
54	AttRF2	43	35	64	67	32	61	27	2	1	23873
54	AttR2	44	35	66	65	36	65	30	2	1	17790
54	AttF2	45	33	66	64	35	58	35	3	2	31230
54	Fill3	46	51	57	50	53	52	44	2	1	9984
54	Fill3	47	57	57	55	56	60	40	3	1	7102
54	Fill3	48	55	55	53	54	56	42	1	1	5361
54	Fill1	49	76	38	75	34	79	23	2	1	7566
54	AttR2	50	35	65	66	34	66	30	3	2	7906
54	AttF2	51	36	66	69	33	63	33	2	2	11154
54	Fill4	52	44	65	43	63	35	68	2	1	9934
54	Fill2	53	68	46	65	44	70	30	3	1	3585
54	Fill5	54	36	75	34	72	37	61	2	1	6528
54	Fill5	55	34	75	31	73	25	78	2	1	4432
54	AttF2	56	31	68	65	34	58	34	3	2	8225
54	Fill3	57	55	56	53	55	57	40	1	1	8045
54	Fill2	58	65	42	64	40	56	45	2	1	10062
54	Fill4	59	40	68	38	67	43	52	2	1	6737
54	Fill5	60	37	74	34	73	39	60	1	1	5952
54	Fill1	61	75	36	73	34	68	37	3	1	8125
54	AttRF1	62	31	68	65	34	24	62	3	2	13191
54	AttF1	63	33	68	65	36	33	64	1	2	15583
54	Fill1	64	70	38	68	37	71	24	1	1	7744
54	Fill1	65	74	35	73	32	66	36	2	1	17264
54	Fill4	66	47	64	45	61	49	49	1	1	4768
54	Fill1	67	75	37	73	34	68	38	1	1	6799
54	AttRF1	68	36	66	69	33	30	61	3	1	12864
54	AttF1	69	35	66	67	34	35	60	3	2	10622
54	Fill2	70	64	43	63	41	55	46	3	1	10705
54	Fill1	71	74	37	71	36	75	24	1	1	9455
54	AttRF2	72	33	66	64	35	58	29	1	2	14176
54	Fill5	73	33	74	31	72	24	75	2	1	7249
54	AttR1	74	33	66	64	35	27	66	3	1	10286
54	AttR2	75	35	64	65	34	65	27	1	2	18481
54	Fill4	76	44	63	41	62	34	65	2	1	8878
54	Fill3	77	55	52	53	50	57	36	1	1	12689
54	Fill2	78	67	45	66	42	60	46	1	1	6510
54	Fill3	79	56	51	53	50	47	52	1	1	8528
54	Fill4	80	45	67	43	65	35	69	2	1	5231
54	AttF2	81	35	64	67	32	63	32	3	2	11486
54	AttR1	82	35	65	66	34	29	65	1	1	15213
54	AttF1	83	35	64	65	34	35	59	3	1	27875
54	Fill5	84	37	75	36	73	40	58	3	1	19920
54	AttF1	85	33	66	64	35	33	61	3	1	11041
54	Fill4	86	47	64	44	62	38	66	2	1	6783
54	AttR1	87	33	68	65	36	28	68	2	1	22962
54	AttF2	88	33	66	64	35	58	35	3	2	13965
54	Fill4	89	44	63	42	61	36	65	3	1	8481
54	AttRF1	90	33	66	64	35	27	59	1	1	15488
54	Fill5	91	37	75	34	75	29	77	2	1	5664
54	Fill3	92	55	55	53	53	48	56	2	1	5838
54	Fill4	93	45	65	42	65	35	67	3	1	5089
54	Fill1	94	75	35	72	35	66	37	1	1	9648
54	AttR2	95	33	68	65	36	65	29	1	2	9917
54	AttRF1	96	33	66	64	35	27	61	2	1	7683
54	Fill5	97	34	75	33	72	35	62	1	1	9950
54	AttF1	98	33	68	65	36	33	64	1	1	13168
54	AttR1	99	35	67	66	36	31	67	3	1	13983
54	Fill1	100	76	37	74	34	77	22	3	1	6818
54	Fill4	101	47	60	45	58	38	61	2	1	7104
54	AttR1	102	33	68	65	36	28	68	1	1	10528
54	Fill3	103	56	56	55	52	57	41	2	1	7522
54	AttR2	104	31	68	65	34	65	29	3	2	4881
54	AttF2	105	35	67	66	36	61	36	1	2	9810
54	Fill3	106	54	59	52	57	57	42	3	1	8880
54	AttF1	107	30	69	68	31	30	65	2	3	8767
54	AttRF1	108	34	68	69	33	28	62	1	1	11538
54	AttF1	109	34	65	67	32	34	61	3	1	11456
54	AttRF2	110	35	64	65	34	59	30	1	2	6511
54	AttRF1	111	30	69	68	31	24	63	2	1	9008
54	Fill1	112	74	39	72	37	75	24	2	1	10016
54	AttRF2	113	34	66	67	33	62	27	2	2	7153
54	AttF2	114	34	66	67	33	61	33	1	2	6510
54	Fill3	115	57	54	56	52	60	39	3	1	9568
54	Fill2	116	64	46	62	43	65	33	1	1	5408
54	AttRF2	117	34	68	69	33	62	28	3	2	4673
54	AttF1	118	35	67	66	36	35	62	3	1	8559
54	AttRF1	119	35	64	67	32	29	59	2	1	7840
54	AttRF2	120	30	69	68	31	62	25	3	2	5742
54	Fill4	121	43	70	42	67	45	54	1	1	7089
54	AttF1	122	32	66	63	35	32	61	2	3	8454
54	Fill2	123	66	43	65	41	55	46	2	1	6111
54	AttRF2	124	31	68	65	34	59	28	1	2	3343
54	AttR2	125	33	66	64	35	64	29	2	2	4592
54	AttRF1	126	33	68	65	36	29	61	3	1	5920
54	Fill4	127	45	66	44	62	48	49	1	1	8668
54	Fill2	128	64	43	62	40	66	29	3	1	9443
54	AttR1	129	31	68	65	34	25	68	3	1	5229
54	AttF2	130	34	65	67	32	62	32	1	2	5185
54	Fill3	131	55	54	54	52	46	57	3	1	5472
54	Fill1	132	72	35	71	31	62	38	2	1	4208
54	Fill2	133	62	47	60	44	55	48	1	1	4337
54	AttRF1	134	34	66	67	33	29	60	2	1	6144
54	AttR2	135	35	66	67	34	67	30	3	2	3965
54	AttR2	136	32	66	63	35	63	31	3	2	3761
54	Fill1	137	76	34	73	32	69	35	2	1	5232
54	Fill1	138	73	36	70	35	65	38	2	1	4178
54	Fill4	139	44	65	42	64	46	49	1	1	4173
54	Fill4	140	48	66	45	65	50	51	3	1	5039
54	Fill1	141	75	36	73	33	78	19	2	1	4530
54	Fill5	142	34	73	32	71	37	56	3	1	9694
54	AttRF1	143	35	64	65	34	30	59	3	1	5375
54	AttR1	144	35	66	69	32	31	66	1	1	5423
54	Fill1	145	74	33	71	31	77	15	2	1	6482
54	AttR2	146	36	66	69	33	69	26	2	3	4770
54	AttRF2	147	32	68	65	35	58	29	2	2	5806
54	AttRF2	148	33	68	65	36	58	29	2	2	6496
54	Fill4	149	47	66	46	62	49	50	3	1	5791
54	Fill4	150	44	65	43	62	34	68	3	1	4543
54	Fill1	151	73	34	70	33	65	36	1	1	9182
54	Fill4	152	44	65	41	64	46	49	2	1	13503
54	AttRF1	153	35	66	65	36	30	59	3	1	6033
54	AttRF2	154	33	66	64	35	59	28	3	2	7630
54	Fill4	155	43	64	40	64	35	66	2	1	6689
54	Fill5	156	35	72	32	71	27	73	3	1	4927
54	Fill5	157	35	72	32	72	26	73	2	2	4415
54	AttRF1	158	33	68	65	36	29	61	2	1	6562
54	AttF1	159	35	66	69	32	35	62	1	1	8974
54	AttF1	160	31	68	65	34	31	61	1	1	7792
54	AttR1	161	32	69	66	35	26	69	1	1	12670
54	AttF1	162	35	65	66	34	35	59	3	1	6899
54	Fill2	163	66	47	64	45	69	30	2	1	7631
54	Fill2	164	61	47	58	47	64	32	3	1	3824
54	Fill1	165	76	33	73	31	79	17	1	1	5677
54	AttF2	166	33	68	65	36	59	36	1	2	11233
54	AttF1	167	32	69	66	35	32	63	3	1	7247
54	AttRF2	168	32	69	66	35	61	31	1	2	10045
54	AttR2	169	32	68	65	35	65	30	1	2	5199
54	Fill5	170	36	75	35	71	37	62	3	1	5182
54	Fill5	171	33	76	32	72	23	78	2	1	4527
54	Fill2	172	64	47	61	45	66	31	3	1	4160
54	Fill3	173	56	55	54	52	47	58	2	1	5088
54	Fill5	174	36	73	34	71	37	59	3	1	7409
54	AttR2	175	33	68	65	36	65	31	1	2	11438
54	Fill5	176	35	74	34	70	27	75	2	1	7390
54	Fill5	177	36	74	35	70	26	77	2	1	4016
54	Fill2	178	68	43	65	42	70	26	1	1	6559
54	AttR1	179	35	64	65	34	31	64	1	1	9919
54	AttF1	180	34	66	67	33	34	61	1	1	5264
54	AttR2	181	34	66	67	33	67	26	2	2	9827
54	Fill2	182	66	44	65	42	57	47	2	1	9719
54	Fill1	183	76	36	73	34	66	38	2	1	6672
54	Fill5	184	38	75	35	74	40	60	1	1	5951
54	Fill3	185	53	56	50	56	44	59	3	1	6975
54	AttRF2	186	35	66	67	34	61	27	1	2	5296
54	Fill1	187	75	32	73	30	67	34	3	1	14959
54	AttRF2	188	35	67	66	36	60	32	2	2	4449
54	AttR1	189	33	66	64	35	29	66	2	1	3966
54	Fill4	190	46	61	43	59	48	45	3	1	6785
54	AttR2	191	35	66	69	32	69	27	2	2	6688
54	Fill1	192	74	33	71	33	64	35	2	1	6895
54	Fill5	193	31	77	30	75	33	61	3	1	7090
54	AttF1	194	35	66	65	36	35	62	3	1	5439
54	AttRF1	195	35	66	67	34	31	62	1	1	6865
54	AttF2	196	33	68	65	36	59	36	3	2	5533
54	Fill3	197	54	55	51	53	56	40	3	1	5682
54	Fill4	198	46	65	43	63	49	47	1	1	6768
54	AttRF1	199	32	66	63	35	26	62	1	1	4719
54	Fill1	200	74	35	72	34	64	37	3	1	5806
54	Fill4	201	45	65	43	62	46	50	3	1	7600
54	Fill3	202	55	54	53	52	45	57	2	1	4927
54	Fill3	203	57	56	55	55	59	40	1	1	9391
54	Fill4	204	47	65	46	63	39	66	3	1	6944
54	Fill2	205	65	46	63	43	56	47	2	1	6493
54	Fill5	206	36	74	34	72	25	77	2	1	9041
54	Fill5	207	33	74	31	71	26	75	3	1	9136
54	AttR1	208	34	66	67	33	29	66	1	1	7518
54	AttRF1	209	34	65	67	32	30	61	2	1	3983
54	AttF1	210	36	66	69	33	36	59	2	1	4625
54	AttRF2	211	32	66	63	35	58	29	1	2	5215
54	AttR1	212	35	66	67	34	30	66	1	1	3856
54	Fill5	213	36	74	34	73	38	58	3	1	6926
54	Fill5	214	36	75	33	75	27	78	2	1	4721
54	AttRF2	215	35	66	65	36	60	32	3	2	4109
54	Fill1	216	76	34	75	30	79	16	2	1	5007
54	AttR2	217	35	67	66	36	66	29	1	2	7712
54	Fill3	218	56	56	55	52	46	58	3	1	6049
54	AttRF1	219	35	66	69	32	28	59	1	1	5713
54	AttF2	220	35	66	67	34	60	34	1	2	4243
54	AttF2	221	35	66	69	32	64	32	3	2	9470
54	AttF2	222	35	66	65	36	59	36	2	2	6206
54	AttF1	223	35	64	67	32	35	57	3	1	7935
54	Fill2	224	61	46	60	42	51	49	3	1	6272
54	Fill1	225	76	36	73	36	79	18	3	1	5982
54	AttR1	226	30	69	68	31	26	69	3	1	5821
54	AttRF2	227	34	65	67	32	62	28	1	2	7007
54	Fill2	228	65	46	64	44	66	30	1	1	6657
54	AttR1	229	35	66	65	36	29	66	1	1	5758
54	AttF1	230	32	68	65	35	32	62	3	1	9458
54	AttF2	231	32	66	63	35	57	35	2	2	7023
54	Fill3	232	54	53	53	51	45	56	2	1	4657
54	Fill2	233	63	44	60	42	53	46	3	1	4624
54	Fill5	234	36	78	34	77	38	64	2	1	4431
54	AttRF1	235	35	65	66	34	30	58	3	1	6094
54	AttF2	236	35	65	66	34	60	34	1	2	4192
54	Fill5	237	36	76	33	74	28	78	1	1	6977
54	AttRF2	238	35	65	66	34	62	30	1	2	5279
54	AttRF1	239	32	68	65	35	25	64	3	1	5710
54	AttR1	240	34	65	67	32	28	65	1	1	6240
Motivation:	5
Strategy:	2
End Time: Tue, Sep 20, 2011 13:46:01
