Participant: 49
MachineID: BL-POLS-IELbC23
Start Time: Wed, Sep 21, 2011 12:47:48
Seed: 52195
Sub	TrType	Trial	A1	A2	B1	B2	Decoy1	Decoy2	resp	choice	RT
49	Com1	1	77	34	65	46	56	55	1	1	64567
49	Com1	2	74	37	62	49	53	58	1	3	38964
49	Com3	3	57	58	46	69	36	79	2	3	14005
49	Com3	4	56	55	47	64	36	75	3	3	5413
49	Com3	5	54	56	43	67	34	76	2	3	5380
49	Com2	6	66	44	56	54	47	63	1	1	8388
49	Com1	7	74	38	66	46	55	57	3	2	6100
49	Com3	8	55	54	44	65	34	75	3	3	5828
49	Fill5	9	32	73	29	73	35	55	2	1	6693
49	Fill4	10	46	64	43	63	47	49	2	1	8435
49	Fill4	11	44	67	41	67	46	51	3	1	7621
49	Com1	12	76	34	65	45	55	55	2	1	11077
49	Com3	13	54	54	45	63	33	75	2	3	13429
49	Fill1	14	76	32	75	30	78	15	2	1	15444
49	Fill4	15	44	66	42	64	46	52	2	1	15603
49	Com3	16	56	52	45	63	35	73	2	2	17492
49	Com1	17	75	35	65	45	54	56	3	2	7252
49	Com1	18	75	35	65	45	54	56	2	2	7798
49	Fill3	19	55	55	52	55	56	39	1	1	9443
49	Fill5	20	32	75	30	74	35	60	2	1	10468
49	Fill4	21	46	69	43	69	48	52	1	1	10069
49	Fill2	22	65	46	63	44	67	30	3	1	6597
49	Fill3	23	55	55	54	51	56	39	3	1	9748
49	Com2	24	66	49	57	58	46	69	2	1	33683
49	Com1	25	74	35	65	44	54	55	3	2	10371
49	Com1	26	78	37	66	49	57	58	2	1	7681
49	Com3	27	54	56	45	65	34	76	1	1	14145
49	Fill3	28	54	55	51	53	55	41	2	1	10338
49	Fill1	29	77	32	76	29	80	17	1	1	8914
49	Fill4	30	45	63	44	59	47	49	2	1	10196
49	Fill5	31	35	75	34	72	38	60	3	1	9842
49	Fill5	32	33	76	32	73	36	61	3	1	8978
49	Fill4	33	43	66	40	66	45	50	2	1	12850
49	Com3	34	56	55	45	66	35	76	2	2	23091
49	Com1	35	73	35	63	45	54	54	2	2	12275
49	Fill2	36	64	43	63	41	66	29	3	1	7264
49	Fill1	37	76	39	74	36	77	23	2	1	6450
49	Fill3	38	54	55	51	54	57	40	2	1	15364
49	Fill2	39	66	44	63	42	69	27	3	1	6081
49	Fill2	40	66	43	64	41	67	27	2	1	4722
49	Com3	41	56	53	47	62	36	73	2	2	22257
49	Com3	42	56	54	47	63	35	75	2	1	15187
49	Fill2	43	62	43	59	42	65	26	3	1	14193
49	Fill4	44	45	66	43	64	47	49	1	1	7458
49	Com2	45	65	44	55	54	44	65	3	2	14323
49	Com2	46	66	45	56	55	46	65	2	1	8992
49	Fill2	47	64	48	62	47	65	33	2	1	7330
49	Com2	48	65	46	56	55	47	64	1	1	9058
49	Com3	49	53	54	44	63	34	73	2	2	8576
49	Com3	50	56	52	45	63	36	72	2	2	5009
49	Com3	51	54	55	45	64	33	76	2	2	11553
49	Fill3	52	55	56	53	55	58	41	3	1	9987
49	Com1	53	76	35	64	47	55	56	3	2	14368
49	Fill1	54	77	31	76	27	79	17	3	1	6995
49	Com2	55	66	42	56	52	45	63	1	1	10369
49	Com3	56	54	54	44	64	33	75	1	2	6818
49	Fill2	57	66	42	65	39	69	25	1	1	5970
49	Com1	58	75	33	64	44	54	54	3	2	10019
49	Com1	59	75	36	64	47	55	56	2	2	7585
49	Com2	60	64	47	55	56	45	66	2	3	14082
49	Com3	61	55	55	46	64	34	76	2	2	6387
49	Com1	62	74	36	64	46	54	56	3	2	25384
49	Com2	63	64	44	54	54	44	64	2	2	7121
49	Com3	64	55	57	46	66	35	77	2	2	4387
49	Fill4	65	43	66	41	64	45	49	1	1	3266
49	Com2	66	66	44	56	54	47	63	2	1	6897
49	Com1	67	78	31	68	41	57	52	1	2	6530
49	Fill1	68	75	36	73	35	78	21	1	1	6275
49	Fill1	69	74	35	72	34	77	18	1	1	8290
49	Com1	70	75	35	66	44	55	55	3	2	4240
49	Fill3	71	51	54	48	53	53	37	3	1	6962
49	Com2	72	64	46	54	56	43	67	2	1	12419
49	Fill2	73	66	45	64	43	67	31	3	1	6770
49	Com1	74	76	35	65	46	56	55	2	2	3954
49	Com1	75	76	35	65	46	55	56	2	3	7217
49	Fill2	76	63	48	61	46	64	34	2	1	9360
49	Com2	77	65	45	54	56	45	65	2	2	7508
49	Fill1	78	75	34	72	32	77	18	1	1	3922
49	Fill5	79	35	76	33	74	36	61	1	1	4369
49	Fill5	80	34	75	32	72	35	62	1	1	5620
49	Com1	81	73	36	63	46	54	55	1	2	6370
49	Com3	82	54	54	45	63	34	74	1	2	4499
49	Fill1	83	76	36	74	35	79	20	3	1	9091
49	Com1	84	75	34	64	45	54	55	3	2	6304
49	Fill2	85	63	46	62	42	66	30	1	1	7795
49	Fill5	86	33	76	31	74	34	62	3	1	5156
49	Com3	87	56	55	47	64	35	76	3	2	4818
49	Fill2	88	64	45	62	42	65	32	3	1	9121
49	Com2	89	66	46	55	57	46	66	1	2	11826
49	Fill3	90	55	56	54	54	58	39	2	1	6896
49	Fill5	91	35	73	34	70	38	56	3	1	16549
49	Fill4	92	43	64	42	62	45	48	2	1	14818
49	Fill3	93	53	56	50	56	56	40	1	1	11121
49	Fill3	94	54	56	53	53	57	41	3	1	7474
49	Com2	95	66	46	57	55	47	65	1	1	11730
49	Fill5	96	35	74	32	72	36	59	1	1	6673
49	Fill5	97	36	74	35	72	38	60	2	1	5971
49	Fill2	98	65	46	62	44	67	30	2	1	5761
49	Fill5	99	35	73	33	72	37	58	1	1	6914
49	Com2	100	65	43	56	52	45	63	1	1	10803
49	Com1	101	75	34	63	46	54	55	1	3	7664
49	Com1	102	76	35	67	44	56	55	3	2	4722
49	Fill1	103	75	34	73	31	77	20	3	1	15682
49	Fill3	104	57	52	56	48	59	37	2	1	8545
49	Fill4	105	44	67	41	65	45	51	2	1	4434
49	Com3	106	57	55	47	65	38	74	2	2	6293
49	Fill4	107	43	66	42	62	46	50	2	1	5537
49	Com2	108	63	45	54	54	44	64	2	1	4114
49	Com2	109	67	44	56	55	45	66	1	1	9442
49	Fill3	110	54	54	51	54	56	38	2	1	6371
49	Com2	111	65	44	56	53	47	62	3	1	9586
49	Com1	112	75	35	66	44	56	54	2	2	8274
49	Fill5	113	34	75	32	72	35	59	3	1	6961
49	Com2	114	62	43	51	54	40	65	1	1	9778
49	Fill1	115	74	37	72	34	77	20	1	1	4867
49	Com1	116	76	33	65	44	56	53	3	2	6065
49	Com1	117	73	35	64	44	54	54	1	2	4995
49	Com3	118	54	55	44	65	34	75	1	2	5170
49	Fill5	119	36	74	33	74	38	60	1	1	4242
49	Fill4	120	46	64	43	64	49	49	3	1	7394
49	Com3	121	55	56	45	66	35	76	3	2	7233
49	Com2	122	66	44	55	55	46	64	1	2	9078
49	Fill4	123	43	67	40	66	45	51	2	1	3315
49	Com3	124	55	55	45	65	34	76	1	2	2930
49	Fill1	125	72	39	71	37	75	21	3	2	3826
49	Com3	126	56	54	47	63	36	74	2	1	1618
49	Fill2	127	65	45	62	44	66	29	1	1	2209
49	Fill3	128	53	58	52	54	54	42	3	1	2178
49	Com2	129	65	46	55	56	45	66	2	1	2370
49	Fill2	130	66	42	63	40	67	27	1	2	3874
49	Fill3	131	54	55	51	55	55	42	3	2	2530
49	Com2	132	64	45	54	55	43	66	2	2	3330
49	Fill4	133	46	65	43	63	48	48	2	1	8226
49	Fill5	134	33	78	31	77	36	60	3	3	4579
49	Fill3	135	56	52	55	48	57	38	1	1	4768
49	Fill3	136	55	55	54	51	56	41	3	3	2786
49	Fill1	137	72	35	69	35	75	19	1	3	3060
49	Fill4	138	44	67	42	64	47	52	2	1	5313
49	Fill1	139	75	35	74	32	76	21	2	1	5618
49	Fill4	140	46	63	45	61	48	46	2	1	7954
49	Com1	141	74	36	66	44	55	55	1	2	4322
49	Com1	142	76	35	66	45	56	55	1	2	3539
49	Fill2	143	65	43	62	41	67	26	2	1	5585
49	Com3	144	53	56	42	67	34	75	3	2	5460
49	Fill1	145	76	35	75	32	77	22	3	1	3219
49	Fill5	146	36	75	34	74	39	60	3	1	4193
49	Com3	147	56	55	45	66	36	75	2	2	3795
49	Com2	148	62	49	53	58	42	69	3	1	5474
49	Com2	149	66	44	55	55	44	66	3	2	2994
49	Com2	150	65	45	54	56	43	67	2	1	5810
49	Com2	151	66	45	56	55	45	66	2	2	6338
49	Fill3	152	55	57	53	55	56	41	2	1	11586
49	Com2	153	64	43	53	54	44	63	1	1	7203
49	Com3	154	55	56	46	65	36	75	1	2	3793
49	Com3	155	54	55	43	66	33	76	3	2	4835
49	Fill2	156	63	45	62	42	66	29	2	1	4402
49	Fill5	157	36	76	35	74	38	61	2	1	9362
49	Fill3	158	54	55	51	55	57	39	2	1	6450
49	Com3	159	54	55	44	65	34	75	3	2	9008
49	Com1	160	76	35	64	47	55	56	3	2	6306
49	Com1	161	74	33	64	43	53	54	1	2	3044
49	Fill1	162	74	35	72	34	76	19	3	1	5091
49	Com3	163	55	55	44	66	35	75	3	2	4915
49	Fill1	164	74	34	71	32	76	19	2	1	3441
49	Fill3	165	57	58	55	57	59	41	2	1	6496
49	Com3	166	54	55	43	66	34	75	3	2	7203
49	Fill5	167	35	76	32	75	37	60	2	1	8530
49	Com3	168	54	56	43	67	34	76	2	1	4897
49	Com2	169	65	44	54	55	44	65	1	2	6642
49	Fill1	170	76	34	73	32	78	19	2	1	6882
49	Com2	171	63	46	54	55	44	65	1	3	6164
49	Com2	172	64	47	55	56	45	66	3	1	7218
49	Com2	173	64	44	54	54	45	63	2	1	5795
49	Fill4	174	46	62	45	59	49	44	2	1	5793
49	Fill5	175	36	75	33	75	38	58	2	1	7970
49	Com1	176	76	34	66	44	56	54	1	2	3377
49	Com1	177	70	35	62	43	51	54	3	2	4962
49	Fill5	178	37	78	34	77	39	64	2	3	8370
49	Fill2	179	65	45	63	42	67	28	3	1	14114
49	Com1	180	75	36	66	45	55	56	2	2	4658
49	Com2	181	63	45	54	54	45	63	2	2	3665
49	Fill4	182	40	65	37	64	43	49	3	1	7848
49	Fill5	183	38	71	35	69	39	58	3	2	3553
49	Com1	184	77	35	66	46	57	55	2	2	2225
49	Com2	185	65	45	55	55	45	65	1	2	2801
49	Fill1	186	75	35	73	33	76	21	3	1	4212
49	Fill4	187	43	65	41	62	44	51	1	1	5042
49	Com3	188	51	54	40	65	31	74	1	2	2434
49	Com2	189	63	46	54	55	43	66	2	3	7490
49	Com2	190	66	45	55	56	45	66	3	2	5266
49	Com3	191	55	56	45	66	35	76	1	2	4114
49	Com3	192	56	55	46	65	35	76	3	2	3299
49	Fill4	193	45	67	42	65	48	52	1	3	4947
49	Fill3	194	56	54	54	51	57	38	2	1	2946
49	Com2	195	65	46	56	55	47	64	2	1	2259
49	Com3	196	54	54	44	64	35	73	3	2	3106
49	Fill1	197	72	33	70	32	73	19	2	2	7506
49	Fill2	198	66	49	63	47	69	31	2	1	7171
49	Com1	199	74	34	63	45	54	54	1	2	2770
49	Fill3	200	55	56	53	55	56	43	2	1	2753
49	Fill5	201	35	75	33	74	37	60	1	1	3508
49	Fill3	202	54	54	52	51	56	37	1	3	3793
49	Com2	203	68	41	57	52	48	61	2	1	7666
49	Com3	204	55	56	45	66	35	76	1	1	1492
49	Fill5	205	34	74	31	72	35	60	3	1	19094
49	Fill1	206	76	34	75	31	78	18	3	1	3473
49	Fill3	207	55	56	54	52	57	41	1	1	3985
49	Com3	208	55	56	45	66	35	76	1	2	5746
49	Fill4	209	43	66	40	64	46	48	3	1	4180
49	Fill2	210	65	46	63	44	67	29	3	1	5825
49	Fill2	211	64	46	62	43	66	32	3	1	5025
49	Fill2	212	63	46	61	44	66	30	3	1	5874
49	Com1	213	76	32	66	42	56	52	3	2	6465
49	Fill2	214	65	45	63	43	68	28	3	1	5298
49	Com2	215	65	44	55	54	44	65	3	2	3986
49	Fill4	216	45	63	42	63	48	48	2	1	8225
49	Fill1	217	75	33	73	30	78	18	2	1	5187
49	Com1	218	77	31	65	43	56	52	1	1	4578
49	Com3	219	55	54	44	65	34	75	1	2	5296
49	Com1	220	77	34	66	45	56	55	3	3	2787
49	Com1	221	76	33	65	44	55	54	1	3	3873
49	Fill4	222	45	64	42	62	46	48	3	1	4239
49	Fill1	223	75	36	72	36	76	21	1	1	4721
49	Fill2	224	63	46	62	44	65	31	3	1	6402
49	Fill3	225	53	54	51	51	56	39	1	1	3123
49	Com1	226	75	34	63	46	54	55	2	3	2786
49	Com2	227	62	47	53	56	42	67	3	2	4371
49	Com2	228	63	46	54	55	45	64	1	3	6818
49	Com1	229	74	35	65	44	55	54	3	2	4033
49	Com1	230	72	37	62	47	53	56	3	2	5922
49	Fill2	231	63	46	62	43	65	29	2	1	5138
49	Fill1	232	73	36	70	35	74	22	1	1	3089
49	Fill5	233	37	71	34	70	39	57	2	1	7346
49	Fill1	234	76	34	74	32	77	18	3	1	5616
49	Fill3	235	56	52	53	51	59	35	1	1	4467
49	Com2	236	64	47	55	56	46	65	3	3	5969
49	Fill5	237	35	75	33	73	38	60	2	3	5234
49	Com3	238	53	58	42	69	34	77	3	3	4479
49	Fill4	239	47	63	46	59	50	46	1	2	5316
49	Com3	240	57	52	48	61	37	72	2	1	3347
Motivation:	3
Strategy:	3
End Time: Wed, Sep 21, 2011 14:00:04
