username: 51139, Experiment time (minutes): 41
Operating system: Windows Vista
Manufacturer: Adobe Windows
Player type: PlugIn
Version: WIN 10,1,85,3

username	blkNum	trlNum	Rect1Height	Rect1Width	Rect2Height	Rect2Width	Rect3Height	Rect3Width	Effect	StimType	StimPosition	rawResp	response	RT
51139	0	1	47.671	  73.000	  60.000	  58.000	  41.671	  83.511	SimA1	R	4	50	1	7429
51139	0	2	59.000	  59.000	  58.000	  52.224	  60.000	  49.917	Fill3	R	2	49	1	6668
51139	0	3	75.000	  47.200	  60.000	  59.000	  85.922	  41.200	SimB1	R	3	51	3	16414
51139	1	1	94.000	  38.936	  92.000	  35.283	  96.000	  33.698	Fill1	R	6	51	1	4137
51139	1	2	40.667	  90.000	  37.667	  82.726	  42.667	  73.523	Fill5	R	2	49	1	9678
51139	1	3	47.368	  76.000	  60.000	  60.000	  44.368	  81.139	SimA1	R	1	51	3	4427
51139	1	4	47.200	  75.000	  60.000	  59.000	  43.200	  81.944	SimA1	R	4	51	2	14728
51139	1	5	48.739	  69.000	  46.739	  62.753	  50.739	  57.352	Fill4	R	5	51	1	2750
51139	1	6	76.000	  46.579	  60.000	  59.000	  55.000	  64.364	SimB2	R	5	50	3	6611
51139	1	7	47.705	  78.000	  61.000	  61.000	  64.155	  58.000	SimA2	R	5	49	2	6862
51139	1	8	76.000	  47.355	  59.000	  61.000	  84.972	  42.355	SimB1	R	5	49	2	7856
51139	1	9	52.286	  70.000	  50.286	  62.901	  54.286	  58.487	Fill4	R	2	49	1	3161
51139	1	10	46.579	  76.000	  60.000	  59.000	  43.579	  81.232	SimA1	R	3	50	1	3879
51139	1	11	41.124	  89.000	  40.124	  78.732	  42.124	  74.471	Fill5	R	5	51	1	3309
51139	1	12	76.000	  46.579	  59.000	  60.000	  54.000	  65.556	SimB2	R	3	51	3	6354
51139	1	13	48.000	  75.000	  60.000	  60.000	  64.286	  56.000	SimA2	R	5	50	3	4683
51139	1	14	46.579	  76.000	  59.000	  60.000	  64.364	  55.000	SimA2	R	4	49	3	5976
51139	1	15	91.000	  40.220	  89.000	  35.809	  93.000	  34.215	Fill1	R	4	50	1	4295
51139	1	16	77.000	  46.753	  60.000	  60.000	  57.000	  63.158	SimB2	R	1	51	3	8164
51139	1	17	78.000	  48.487	  61.000	  62.000	  85.013	  44.487	SimB1	R	5	49	2	3520
51139	1	18	76.000	  47.355	  59.000	  61.000	  54.000	  66.648	SimB2	R	4	49	3	4105
51139	1	19	74.000	  46.243	  59.000	  58.000	  55.000	  62.218	SimB2	R	4	49	3	5167
51139	1	20	74.000	  46.243	  59.000	  58.000	  79.134	  43.243	SimB1	R	1	49	1	5066
51139	1	21	60.000	  61.000	  57.000	  56.772	  63.000	  50.381	Fill3	R	1	50	2	11663
51139	1	22	46.141	  78.000	  59.000	  61.000	  43.141	  83.424	SimA1	R	2	49	1	8770
51139	1	23	61.000	  60.000	  58.000	  55.638	  63.000	  51.000	Fill3	R	5	49	2	5362
51139	1	24	61.000	  60.000	  60.000	  53.433	  62.000	  52.468	Fill3	R	4	49	3	6351
51139	1	25	75.000	  48.000	  60.000	  60.000	  57.000	  63.158	SimB2	R	4	50	1	6422
51139	1	26	47.705	  78.000	  61.000	  61.000	  44.705	  83.234	SimA1	R	2	50	3	5421
51139	1	27	72.000	  46.708	  70.000	  41.314	  75.000	  38.493	Fill2	R	6	51	1	4458
51139	1	28	46.753	  77.000	  60.000	  60.000	  41.753	  86.221	SimA1	R	4	49	3	14156
51139	1	29	74.000	  48.635	  59.000	  61.000	  78.865	  45.635	SimB1	R	5	49	2	9240
51139	1	30	77.000	  48.325	  61.000	  61.000	  56.000	  66.446	SimB2	R	6	50	2	3444
51139	1	31	46.579	  76.000	  59.000	  60.000	  41.579	  85.139	SimA1	R	4	50	1	2779
51139	1	32	45.789	  76.000	  58.000	  60.000	  40.789	  85.316	SimA1	R	4	49	3	8733
51139	1	33	76.000	  47.355	  61.000	  59.000	  83.012	  43.355	SimB1	R	6	51	1	6069
51139	1	34	76.000	  48.132	  59.000	  62.000	  55.000	  66.509	SimB2	R	4	49	3	4210
51139	1	35	46.141	  78.000	  59.000	  61.000	  43.141	  83.424	SimA1	R	5	50	3	2758
51139	1	36	46.753	  77.000	  60.000	  60.000	  64.286	  56.000	SimA2	R	5	51	1	6053
51139	1	37	94.000	  38.936	  92.000	  34.967	  97.000	  32.990	Fill1	R	4	50	1	3191
51139	1	38	46.877	  73.000	  59.000	  58.000	  42.877	  79.810	SimA1	R	5	51	1	7708
51139	1	39	40.220	  91.000	  38.220	  82.078	  41.220	  75.546	Fill5	R	2	51	2	6318
51139	1	40	52.286	  70.000	  51.286	  62.669	  54.286	  58.358	Fill4	R	1	49	1	2763
51139	1	41	46.141	  78.000	  59.000	  61.000	  62.052	  58.000	SimA2	R	3	50	1	3053
51139	1	42	48.000	  75.000	  60.000	  60.000	  43.000	  83.721	SimA1	R	5	51	1	2434
51139	1	43	37.787	  89.000	  35.787	  79.387	  38.787	  72.886	Fill5	R	3	49	2	3007
51139	1	44	75.000	  48.000	  60.000	  60.000	  81.818	  44.000	SimB1	R	2	49	1	2331
51139	1	45	50.833	  72.000	  49.833	  64.977	  52.833	  60.681	Fill4	R	2	49	1	2852
51139	1	46	48.635	  74.000	  61.000	  59.000	  44.635	  80.632	SimA1	R	5	51	1	7450
51139	1	47	73.000	  47.671	  58.000	  60.000	  77.902	  44.671	SimB1	R	3	49	2	2120
51139	1	48	47.368	  76.000	  60.000	  60.000	  64.286	  56.000	SimA2	R	2	50	3	2042
51139	1	49	78.000	  48.487	  61.000	  62.000	  57.000	  66.351	SimB2	R	2	50	3	1296
51139	1	50	76.000	  46.579	  60.000	  59.000	  81.232	  43.579	SimB1	R	5	49	2	2047
51139	1	51	46.753	  77.000	  60.000	  60.000	  65.455	  55.000	SimA2	R	2	50	3	2618
51139	1	52	57.000	  59.000	  55.000	  52.109	  58.000	  49.414	Fill3	R	5	51	1	1824
51139	1	53	74.000	  48.635	  59.000	  61.000	  54.000	  66.648	SimB2	R	1	50	2	4429
51139	1	54	46.579	  76.000	  60.000	  59.000	  64.364	  55.000	SimA2	R	2	51	2	1899
51139	1	55	76.000	  48.132	  59.000	  62.000	  82.888	  44.132	SimB1	R	4	51	2	2143
51139	1	56	48.635	  74.000	  61.000	  59.000	  66.648	  54.000	SimA2	R	5	51	1	2021
51139	1	57	75.000	  48.800	  74.000	  44.000	  77.000	  42.221	Fill2	R	4	50	1	1785
51139	1	58	47.506	  77.000	  59.000	  62.000	  42.506	  86.057	SimA1	R	1	51	3	2349
51139	1	59	76.000	  47.368	  60.000	  60.000	  83.010	  43.368	SimB1	R	2	51	2	905
51139	1	60	77.000	  45.974	  60.000	  59.000	  55.000	  64.364	SimB2	R	4	51	2	2841
51139	1	61	48.487	  78.000	  61.000	  62.000	  66.351	  57.000	SimA2	R	5	49	2	5360
51139	1	62	77.000	  46.753	  60.000	  60.000	  82.280	  43.753	SimB1	R	5	49	2	2127
51139	1	63	46.141	  78.000	  59.000	  61.000	  63.140	  57.000	SimA2	R	6	51	1	4316
51139	1	64	75.000	  48.000	  60.000	  60.000	  57.000	  63.158	SimB2	R	1	51	3	1192
51139	1	65	76.000	  47.368	  60.000	  60.000	  56.000	  64.286	SimB2	R	3	51	3	3916
51139	1	66	46.877	  73.000	  59.000	  58.000	  62.218	  55.000	SimA2	R	3	51	3	3220
51139	1	67	46.753	  77.000	  60.000	  60.000	  43.753	  82.280	SimA1	R	4	51	2	1200
51139	1	68	47.200	  75.000	  60.000	  59.000	  63.214	  56.000	SimA2	R	3	51	3	909
51139	1	69	48.487	  78.000	  61.000	  62.000	  44.487	  85.013	SimA1	R	4	51	2	1554
51139	1	70	76.000	  46.579	  59.000	  60.000	  85.139	  41.579	SimB1	R	3	50	1	2418
51139	1	71	77.000	  45.974	  60.000	  59.000	  86.396	  40.974	SimB1	R	3	50	1	1452
51139	1	72	45.789	  76.000	  58.000	  60.000	  61.053	  57.000	SimA2	R	3	49	2	2141
51139	1	73	77.000	  48.325	  61.000	  61.000	  85.886	  43.325	SimB1	R	5	49	2	817
51139	1	74	75.000	  48.000	  60.000	  60.000	  80.000	  45.000	SimB1	R	4	50	1	3168
51139	1	75	76.000	  47.355	  61.000	  59.000	  56.000	  64.268	SimB2	R	2	50	3	1915
51139	1	76	77.000	  47.532	  74.000	  43.541	  79.000	  40.051	Fill2	R	1	50	2	1999
51139	1	77	90.000	  37.367	  87.000	  33.598	  91.000	  32.033	Fill1	R	3	50	1	4279
51139	1	78	47.506	  77.000	  59.000	  62.000	  64.175	  57.000	SimA2	R	1	50	2	2093
51139	1	79	73.000	  47.671	  58.000	  60.000	  54.000	  64.444	SimB2	R	5	51	1	1887
51139	1	80	76.000	  48.158	  75.000	  43.240	  77.000	  42.078	Fill2	R	5	51	1	7604
51139	2	1	75.000	  48.800	  60.000	  61.000	  83.562	  43.800	SimB1	R	6	51	1	20832
51139	2	2	77.000	  46.753	  60.000	  60.000	  82.280	  43.753	SimB1	R	6	50	2	1435
51139	2	3	76.000	  48.961	  61.000	  61.000	  82.761	  44.961	SimB1	R	6	50	2	1042
51139	2	4	77.000	  46.753	  60.000	  60.000	  82.280	  43.753	SimB1	R	2	51	2	993
51139	2	5	77.000	  46.753	  60.000	  60.000	  55.000	  65.455	SimB2	R	5	49	2	867
51139	2	6	73.000	  47.630	  57.000	  61.000	  81.562	  42.630	SimB1	R	5	49	2	745
51139	2	7	76.000	  45.026	  59.000	  58.000	  54.000	  63.370	SimB2	R	2	50	3	1756
51139	2	8	46.400	  75.000	  60.000	  58.000	  43.400	  80.184	SimA1	R	5	49	2	725
51139	2	9	44.577	  78.000	  57.000	  61.000	  61.000	  57.000	SimA2	R	3	49	2	1489
51139	2	10	46.753	  77.000	  60.000	  60.000	  65.455	  55.000	SimA2	R	3	51	3	992
51139	2	11	74.000	  46.243	  58.000	  59.000	  79.134	  43.243	SimB1	R	3	49	2	693
51139	2	12	59.000	  61.000	  58.000	  53.776	  62.000	  50.081	Fill3	R	2	49	1	716
51139	2	13	77.000	  47.532	  61.000	  60.000	  86.052	  42.532	SimB1	R	2	51	2	707
51139	2	14	39.989	  90.000	  36.989	  82.998	  40.989	  75.264	Fill5	R	1	49	1	1455
51139	2	15	47.532	  77.000	  60.000	  61.000	  44.532	  82.187	SimA1	R	5	51	1	901
51139	2	16	77.000	  46.753	  60.000	  60.000	  57.000	  63.158	SimB2	R	6	49	3	1210
51139	2	17	76.000	  46.579	  59.000	  60.000	  56.000	  63.214	SimB2	R	6	49	3	4292
51139	2	18	48.158	  76.000	  61.000	  60.000	  45.158	  81.049	SimA1	R	5	51	1	785
51139	2	19	78.000	  46.141	  61.000	  59.000	  85.404	  42.141	SimB1	R	4	51	2	645
51139	2	20	50.833	  72.000	  48.833	  65.877	  52.833	  60.379	Fill4	R	3	50	1	1564
51139	2	21	46.753	  77.000	  60.000	  60.000	  63.158	  57.000	SimA2	R	1	51	3	711
51139	2	22	77.000	  47.532	  61.000	  60.000	  57.000	  64.211	SimB2	R	3	49	2	564
51139	2	23	76.000	  48.961	  61.000	  61.000	  56.000	  66.446	SimB2	R	2	51	2	578
51139	2	24	76.000	  47.355	  59.000	  61.000	  55.000	  65.436	SimB2	R	4	50	1	1214
51139	2	25	76.000	  47.355	  59.000	  61.000	  84.972	  42.355	SimB1	R	1	50	2	667
51139	2	26	46.753	  77.000	  60.000	  60.000	  42.753	  84.204	SimA1	R	5	49	2	588
51139	2	27	46.400	  75.000	  60.000	  58.000	  65.660	  53.000	SimA2	R	4	49	3	692
51139	2	28	76.000	  46.579	  59.000	  60.000	  85.139	  41.579	SimB1	R	2	51	2	947
51139	2	29	46.877	  73.000	  59.000	  58.000	  43.877	  77.991	SimA1	R	4	51	2	951
51139	2	30	58.000	  58.000	  56.000	  51.339	  59.000	  48.915	Fill3	R	6	51	1	6846
51139	2	31	77.000	  45.974	  60.000	  59.000	  57.000	  62.105	SimB2	R	3	51	3	703
51139	2	32	46.923	  78.000	  60.000	  61.000	  43.923	  83.327	SimA1	R	4	51	2	1072
51139	2	33	49.301	  73.000	  46.301	  67.860	  50.301	  62.941	Fill4	R	4	49	3	784
51139	2	34	77.000	  47.532	  60.000	  61.000	  86.052	  42.532	SimB1	R	3	49	2	1665
51139	2	35	77.000	  45.974	  60.000	  59.000	  86.396	  40.974	SimB1	R	3	49	2	967
51139	2	36	46.141	  78.000	  59.000	  61.000	  42.141	  85.404	SimA1	R	2	51	2	802
51139	2	37	45.627	  75.000	  58.000	  59.000	  61.107	  56.000	SimA2	R	6	50	2	1123
51139	2	38	77.000	  49.117	  74.000	  44.689	  78.000	  43.051	Fill2	R	4	51	2	1375
51139	2	39	77.000	  47.532	  60.000	  61.000	  56.000	  65.357	SimB2	R	2	51	2	648
51139	2	40	47.838	  74.000	  60.000	  59.000	  64.364	  55.000	SimA2	R	4	51	2	643
51139	2	41	38.667	  87.000	  36.667	  77.455	  40.667	  69.443	Fill5	R	3	50	1	1020
51139	2	42	47.838	  74.000	  60.000	  59.000	  44.838	  78.951	SimA1	R	4	51	2	815
51139	2	43	47.705	  78.000	  61.000	  61.000	  43.705	  85.139	SimA1	R	3	49	2	662
51139	2	44	76.000	  48.158	  74.000	  43.716	  78.000	  41.282	Fill2	R	3	50	1	946
51139	2	45	77.000	  46.753	  60.000	  60.000	  82.280	  43.753	SimB1	R	4	51	2	1109
51139	2	46	46.579	  76.000	  59.000	  60.000	  64.364	  55.000	SimA2	R	5	50	3	1101
51139	2	47	47.705	  78.000	  61.000	  61.000	  65.281	  57.000	SimA2	R	5	50	3	598
51139	2	48	48.158	  76.000	  61.000	  60.000	  65.357	  56.000	SimA2	R	4	49	3	803
51139	2	49	75.000	  48.800	  60.000	  61.000	  57.000	  64.211	SimB2	R	6	50	2	7928
51139	2	50	72.000	  46.722	  70.000	  41.629	  75.000	  39.400	Fill2	R	2	49	1	877
51139	2	51	78.000	  46.141	  61.000	  59.000	  57.000	  63.140	SimB2	R	2	50	3	3068
51139	2	52	77.000	  46.753	  60.000	  60.000	  55.000	  65.455	SimB2	R	1	50	2	803
51139	2	53	48.754	  69.000	  46.754	  62.840	  49.754	  57.865	Fill4	R	2	49	1	3640
51139	2	54	91.000	  36.967	  89.000	  33.000	  94.000	  30.904	Fill1	R	2	49	1	659
51139	2	55	62.000	  61.000	  60.000	  56.000	  65.000	  51.600	Fill3	R	3	50	1	631
51139	2	56	53.268	  71.000	  52.268	  63.577	  54.268	  60.773	Fill4	R	4	50	1	800
51139	2	57	76.000	  45.026	  59.000	  58.000	  81.425	  42.026	SimB1	R	3	49	2	858
51139	2	58	46.579	  76.000	  59.000	  60.000	  42.579	  83.140	SimA1	R	2	51	2	1263
51139	2	59	47.987	  75.000	  61.000	  59.000	  66.648	  54.000	SimA2	R	3	49	2	3501
51139	2	60	44.577	  78.000	  57.000	  61.000	  41.577	  83.628	SimA1	R	5	49	2	703
51139	2	61	46.141	  78.000	  59.000	  61.000	  64.268	  56.000	SimA2	R	2	50	3	745
51139	2	62	39.783	  92.000	  37.783	  83.133	  41.783	  74.481	Fill5	R	3	51	3	869
51139	2	63	41.560	  91.000	  39.560	  81.698	  42.560	  77.067	Fill5	R	5	50	3	794
51139	2	64	93.000	  39.355	  90.000	  35.533	  96.000	  33.750	Fill1	R	4	50	1	732
51139	2	65	74.000	  46.243	  58.000	  59.000	  54.000	  63.370	SimB2	R	3	50	1	606
51139	2	66	47.987	  75.000	  61.000	  59.000	  44.987	  80.001	SimA1	R	2	50	3	943
51139	2	67	95.000	  39.811	  93.000	  36.344	  98.000	  33.765	Fill1	R	4	50	1	7842
51139	2	68	73.000	  47.630	  57.000	  61.000	  52.000	  66.865	SimB2	R	6	50	2	14162
51139	2	69	46.753	  77.000	  60.000	  60.000	  42.753	  84.204	SimA1	R	3	50	1	644
51139	2	70	46.923	  78.000	  60.000	  61.000	  65.357	  56.000	SimA2	R	2	51	2	3059
51139	2	71	76.000	  45.789	  60.000	  58.000	  81.328	  42.789	SimB1	R	4	51	2	659
51139	2	72	75.000	  47.987	  72.000	  43.819	  77.000	  41.545	Fill2	R	3	50	1	780
51139	2	73	76.000	  45.789	  60.000	  58.000	  57.000	  61.053	SimB2	R	4	51	2	971
51139	2	74	45.627	  75.000	  58.000	  59.000	  41.627	  82.207	SimA1	R	4	51	2	1168
51139	2	75	46.877	  73.000	  59.000	  58.000	  64.566	  53.000	SimA2	R	4	49	3	677
51139	2	76	47.532	  77.000	  60.000	  61.000	  63.103	  58.000	SimA2	R	5	51	1	5045
51139	2	77	48.000	  75.000	  60.000	  60.000	  43.000	  83.721	SimA1	R	2	51	2	622
51139	2	78	48.000	  75.000	  60.000	  60.000	  64.286	  56.000	SimA2	R	4	49	3	797
51139	2	79	91.000	  39.549	  90.000	  35.178	  94.000	  33.032	Fill1	R	4	50	1	669
51139	2	80	60.000	  61.000	  59.000	  53.898	  63.000	  50.444	Fill3	R	4	50	1	665
51139	3	1	48.000	  75.000	  60.000	  60.000	  63.158	  57.000	SimA2	R	3	50	1	2559
51139	3	2	48.312	  77.000	  60.000	  62.000	  65.263	  57.000	SimA2	R	3	51	3	1211
51139	3	3	38.449	  89.000	  36.449	  79.562	  40.449	  71.892	Fill5	R	2	49	1	1124
51139	3	4	78.000	  46.923	  61.000	  60.000	  85.269	  42.923	SimB1	R	1	50	2	826
51139	3	5	77.000	  46.753	  60.000	  60.000	  82.280	  43.753	SimB1	R	3	49	2	778
51139	3	6	47.532	  77.000	  61.000	  60.000	  44.532	  82.187	SimA1	R	4	51	2	799
51139	3	7	72.000	  47.528	  69.000	  43.580	  73.000	  40.315	Fill2	R	1	49	1	762
51139	3	8	77.000	  47.532	  61.000	  60.000	  57.000	  64.211	SimB2	R	4	51	2	878
51139	3	9	77.000	  47.532	  75.000	  42.800	  80.000	  40.025	Fill2	R	3	51	3	569
51139	3	10	77.000	  49.922	  62.000	  62.000	  83.707	  45.922	SimB1	R	4	50	1	626
51139	3	11	76.000	  46.579	  60.000	  59.000	  55.000	  64.364	SimB2	R	1	50	2	847
51139	3	12	48.312	  77.000	  62.000	  60.000	  44.312	  83.951	SimA1	R	4	51	2	736
51139	3	13	48.961	  76.000	  61.000	  61.000	  45.961	  80.961	SimA1	R	4	51	2	549
51139	3	14	92.000	  40.446	  90.000	  36.011	  93.000	  35.634	Fill1	R	1	49	1	568
51139	3	15	45.974	  77.000	  59.000	  60.000	  64.364	  55.000	SimA2	R	6	49	3	814
51139	3	16	47.532	  77.000	  61.000	  60.000	  64.211	  57.000	SimA2	R	2	50	3	719
51139	3	17	74.000	  48.635	  59.000	  61.000	  55.000	  65.436	SimB2	R	2	50	3	608
51139	3	18	48.487	  78.000	  62.000	  61.000	  65.207	  58.000	SimA2	R	4	51	2	838
51139	3	19	48.961	  76.000	  61.000	  61.000	  64.155	  58.000	SimA2	R	3	51	3	780
51139	3	20	49.282	  78.000	  62.000	  62.000	  67.439	  57.000	SimA2	R	4	51	2	631
51139	3	21	77.000	  48.312	  62.000	  60.000	  59.000	  63.051	SimB2	R	4	51	2	606
51139	3	22	77.000	  49.117	  62.000	  61.000	  57.000	  66.351	SimB2	R	4	51	2	504
51139	3	23	48.961	  76.000	  61.000	  61.000	  44.961	  82.761	SimA1	R	6	50	2	917
51139	3	24	76.000	  48.961	  61.000	  61.000	  80.961	  45.961	SimB1	R	4	51	2	581
51139	3	25	74.000	  51.081	  73.000	  46.137	  76.000	  44.289	Fill2	R	2	50	3	950
51139	3	26	77.000	  45.948	  61.000	  58.000	  57.000	  62.070	SimB2	R	4	49	3	826
51139	3	27	48.312	  77.000	  60.000	  62.000	  43.312	  85.889	SimA1	R	3	49	2	627
51139	3	28	46.740	  77.000	  59.000	  61.000	  42.740	  84.206	SimA1	R	5	49	2	675
51139	3	29	47.173	  75.000	  61.000	  58.000	  44.173	  80.094	SimA1	R	5	49	2	766
51139	3	30	49.282	  78.000	  62.000	  62.000	  45.282	  84.890	SimA1	R	5	49	2	629
51139	3	31	47.692	  78.000	  60.000	  62.000	  65.263	  57.000	SimA2	R	5	51	1	583
51139	3	32	75.000	  49.600	  60.000	  62.000	  81.579	  45.600	SimB1	R	3	49	2	713
51139	3	33	77.000	  46.753	  60.000	  60.000	  56.000	  64.286	SimB2	R	2	50	3	438
51139	3	34	48.961	  76.000	  61.000	  61.000	  65.281	  57.000	SimA2	R	1	50	2	713
51139	3	35	48.961	  76.000	  61.000	  61.000	  44.961	  82.761	SimA1	R	3	49	2	657
51139	3	36	77.000	  48.312	  62.000	  60.000	  85.889	  43.312	SimB1	R	2	51	2	617
51139	3	37	48.961	  76.000	  61.000	  61.000	  65.281	  57.000	SimA2	R	2	51	2	673
51139	3	38	77.000	  49.117	  62.000	  61.000	  82.009	  46.117	SimB1	R	5	49	2	521
51139	3	39	46.579	  76.000	  60.000	  59.000	  42.579	  83.140	SimA1	R	5	49	2	435
51139	3	40	74.000	  48.635	  59.000	  61.000	  82.479	  43.635	SimB1	R	4	51	2	536
51139	3	41	76.000	  48.947	  60.000	  62.000	  57.000	  65.263	SimB2	R	4	51	2	486
51139	3	42	46.740	  77.000	  59.000	  61.000	  63.140	  57.000	SimA2	R	5	50	3	1100
51139	3	43	75.000	  47.200	  59.000	  60.000	  56.000	  63.214	SimB2	R	6	50	2	467
51139	3	44	46.579	  76.000	  60.000	  59.000	  63.214	  56.000	SimA2	R	5	50	3	1595
51139	3	45	60.000	  63.000	  57.000	  59.175	  63.000	  52.492	Fill3	R	2	49	1	834
51139	3	46	76.000	  46.579	  60.000	  59.000	  83.140	  42.579	SimB1	R	3	49	2	712
51139	3	47	76.000	  48.947	  60.000	  62.000	  80.962	  45.947	SimB1	R	5	49	2	549
51139	3	48	51.681	  72.000	  50.681	  64.502	  52.681	  61.788	Fill4	R	4	49	3	854
51139	3	49	76.000	  48.961	  61.000	  61.000	  56.000	  66.446	SimB2	R	3	51	3	868
51139	3	50	78.000	  46.923	  61.000	  60.000	  57.000	  64.211	SimB2	R	5	49	2	857
51139	3	51	51.549	  71.000	  50.549	  62.810	  53.549	  59.795	Fill4	R	3	50	1	520
51139	3	52	41.344	  90.000	  38.344	  83.976	  42.344	  74.909	Fill5	R	5	51	1	605
51139	3	53	61.000	  60.000	  59.000	  55.220	  64.000	  50.891	Fill3	R	2	50	3	808
51139	3	54	77.000	  49.922	  62.000	  62.000	  57.000	  67.439	SimB2	R	3	50	1	543
51139	3	55	77.000	  47.532	  61.000	  60.000	  82.187	  44.532	SimB1	R	6	50	2	575
51139	3	56	76.000	  48.961	  61.000	  61.000	  58.000	  64.155	SimB2	R	4	51	2	546
51139	3	57	92.000	  39.783	  89.000	  36.494	  93.000	  34.914	Fill1	R	2	49	1	1425
51139	3	58	48.487	  78.000	  62.000	  61.000	  44.487	  85.013	SimA1	R	1	49	1	1518
51139	3	59	47.532	  77.000	  61.000	  60.000	  43.532	  84.075	SimA1	R	3	51	3	645
51139	3	60	75.000	  49.613	  74.000	  43.811	  76.000	  43.382	Fill2	R	3	49	2	575
51139	3	61	47.532	  77.000	  61.000	  60.000	  66.545	  55.000	SimA2	R	4	49	3	1025
51139	3	62	89.000	  38.449	  86.000	  34.907	  92.000	  31.848	Fill1	R	4	50	1	573
51139	3	63	75.000	  47.200	  59.000	  60.000	  83.886	  42.200	SimB1	R	5	49	2	735
51139	3	64	45.974	  77.000	  59.000	  60.000	  42.974	  82.375	SimA1	R	5	49	2	576
51139	3	65	61.000	  61.000	  58.000	  57.086	  64.000	  50.797	Fill3	R	2	51	2	899
51139	3	66	48.886	  70.000	  47.886	  61.918	  50.886	  58.012	Fill4	R	2	49	1	1222
51139	3	67	93.000	  40.645	  90.000	  36.544	  96.000	  34.938	Fill1	R	2	49	1	565
51139	3	68	48.000	  75.000	  60.000	  60.000	  44.000	  81.818	SimA1	R	3	49	2	637
51139	3	69	51.081	  74.000	  48.081	  68.925	  52.081	  63.862	Fill4	R	4	49	3	582
51139	3	70	47.173	  75.000	  61.000	  58.000	  66.755	  53.000	SimA2	R	6	49	3	580
51139	3	71	41.124	  89.000	  40.124	  78.707	  43.124	  72.489	Fill5	R	5	50	3	1126
51139	3	72	75.000	  49.600	  60.000	  62.000	  55.000	  67.636	SimB2	R	4	51	2	1442
51139	3	73	47.692	  78.000	  60.000	  62.000	  43.692	  85.141	SimA1	R	1	50	2	713
51139	3	74	58.000	  59.000	  57.000	  52.614	  61.000	  48.180	Fill3	R	4	50	1	493
51139	3	75	48.312	  77.000	  62.000	  60.000	  66.429	  56.000	SimA2	R	1	49	1	1536
51139	3	76	76.000	  48.961	  61.000	  61.000	  82.761	  44.961	SimB1	R	2	51	2	890
51139	3	77	77.000	  45.948	  61.000	  58.000	  86.402	  40.948	SimB1	R	2	51	2	680
51139	3	78	76.000	  48.961	  61.000	  61.000	  84.644	  43.961	SimB1	R	3	49	2	662
51139	3	79	40.213	  94.000	  39.213	  83.621	  41.213	  78.398	Fill5	R	6	51	1	998
51139	3	80	76.000	  48.961	  61.000	  61.000	  57.000	  65.281	SimB2	R	2	50	3	937
51139	4	1	90.000	  37.367	  87.000	  33.598	  91.000	  32.033	Fill1	R	3	50	1	631
51139	4	2	46.141	  78.000	  59.000	  61.000	  62.052	  58.000	SimA2	R	4	50	1	642
51139	4	3	94.000	  38.936	  92.000	  35.283	  96.000	  33.698	Fill1	R	2	49	1	516
51139	4	4	47.506	  77.000	  59.000	  62.000	  42.506	  86.057	SimA1	R	3	49	2	602
51139	4	5	48.635	  74.000	  61.000	  59.000	  44.635	  80.632	SimA1	R	4	51	2	961
51139	4	6	45.789	  76.000	  58.000	  60.000	  61.053	  57.000	SimA2	R	3	50	1	833
51139	4	7	76.000	  47.355	  59.000	  61.000	  54.000	  66.648	SimB2	R	6	50	2	467
51139	4	8	47.705	  78.000	  61.000	  61.000	  64.155	  58.000	SimA2	R	6	50	2	457
51139	4	9	48.487	  78.000	  61.000	  62.000	  44.487	  85.013	SimA1	R	3	49	2	641
51139	4	10	75.000	  48.000	  60.000	  60.000	  81.818	  44.000	SimB1	R	4	49	3	564
51139	4	11	77.000	  47.532	  74.000	  43.541	  79.000	  40.051	Fill2	R	4	50	1	593
51139	4	12	76.000	  48.132	  59.000	  62.000	  82.888	  44.132	SimB1	R	4	51	2	609
51139	4	13	77.000	  46.753	  60.000	  60.000	  57.000	  63.158	SimB2	R	5	50	3	772
51139	4	14	48.000	  75.000	  60.000	  60.000	  43.000	  83.721	SimA1	R	6	50	2	1016
51139	4	15	76.000	  48.132	  59.000	  62.000	  55.000	  66.509	SimB2	R	1	50	2	511
51139	4	16	77.000	  48.325	  61.000	  61.000	  56.000	  66.446	SimB2	R	2	50	3	605
51139	4	17	76.000	  46.579	  59.000	  60.000	  54.000	  65.556	SimB2	R	5	50	3	521
51139	4	18	46.753	  77.000	  60.000	  60.000	  65.455	  55.000	SimA2	R	1	50	2	544
51139	4	19	73.000	  47.671	  58.000	  60.000	  54.000	  64.444	SimB2	R	3	49	2	738
51139	4	20	46.141	  78.000	  59.000	  61.000	  43.141	  83.424	SimA1	R	4	51	2	551
51139	4	21	47.506	  77.000	  59.000	  62.000	  64.175	  57.000	SimA2	R	5	50	3	1319
51139	4	22	46.579	  76.000	  59.000	  60.000	  64.364	  55.000	SimA2	R	6	49	3	1144
51139	4	23	61.000	  60.000	  58.000	  55.638	  63.000	  51.000	Fill3	R	6	51	1	714
51139	4	24	76.000	  47.368	  60.000	  60.000	  56.000	  64.286	SimB2	R	1	50	2	658
51139	4	25	52.286	  70.000	  50.286	  62.901	  54.286	  58.487	Fill4	R	3	50	1	513
51139	4	26	74.000	  46.243	  59.000	  58.000	  55.000	  62.218	SimB2	R	1	50	2	612
51139	4	27	52.286	  70.000	  51.286	  62.669	  54.286	  58.358	Fill4	R	5	51	1	590
51139	4	28	76.000	  46.579	  59.000	  60.000	  85.139	  41.579	SimB1	R	4	50	1	872
51139	4	29	76.000	  48.158	  75.000	  43.240	  77.000	  42.078	Fill2	R	3	50	1	510
51139	4	30	75.000	  48.000	  60.000	  60.000	  57.000	  63.158	SimB2	R	5	50	3	481
51139	4	31	76.000	  47.355	  59.000	  61.000	  84.972	  42.355	SimB1	R	2	51	2	675
51139	4	32	46.141	  78.000	  59.000	  61.000	  43.141	  83.424	SimA1	R	1	50	2	625
51139	4	33	46.753	  77.000	  60.000	  60.000	  41.753	  86.221	SimA1	R	4	51	2	1016
51139	4	34	45.789	  76.000	  58.000	  60.000	  40.789	  85.316	SimA1	R	4	51	2	988
51139	4	35	46.753	  77.000	  60.000	  60.000	  43.753	  82.280	SimA1	R	2	49	1	990
51139	4	36	48.635	  74.000	  61.000	  59.000	  66.648	  54.000	SimA2	R	6	50	2	459
51139	4	37	76.000	  46.579	  60.000	  59.000	  55.000	  64.364	SimB2	R	1	50	2	539
51139	4	38	76.000	  47.355	  61.000	  59.000	  56.000	  64.268	SimB2	R	3	51	3	1022
51139	4	39	48.739	  69.000	  46.739	  62.753	  50.739	  57.352	Fill4	R	3	50	1	513
51139	4	40	41.124	  89.000	  40.124	  78.732	  42.124	  74.471	Fill5	R	2	49	1	887
51139	4	41	73.000	  47.671	  58.000	  60.000	  77.902	  44.671	SimB1	R	2	51	2	547
51139	4	42	60.000	  61.000	  57.000	  56.772	  63.000	  50.381	Fill3	R	4	50	1	723
51139	4	43	46.141	  78.000	  59.000	  61.000	  63.140	  57.000	SimA2	R	4	50	1	628
51139	4	44	40.667	  90.000	  37.667	  82.726	  42.667	  73.523	Fill5	R	2	49	1	1010
51139	4	45	75.000	  48.800	  74.000	  44.000	  77.000	  42.221	Fill2	R	3	50	1	579
51139	4	46	47.368	  76.000	  60.000	  60.000	  64.286	  56.000	SimA2	R	5	50	3	444
51139	4	47	77.000	  45.974	  60.000	  59.000	  55.000	  64.364	SimB2	R	2	50	3	529
51139	4	48	57.000	  59.000	  55.000	  52.109	  58.000	  49.414	Fill3	R	2	49	1	812
51139	4	49	40.220	  91.000	  38.220	  82.078	  41.220	  75.546	Fill5	R	6	51	1	782
51139	4	50	47.200	  75.000	  60.000	  59.000	  43.200	  81.944	SimA1	R	5	50	3	1063
51139	4	51	76.000	  47.355	  61.000	  59.000	  83.012	  43.355	SimB1	R	6	50	2	485
51139	4	52	78.000	  48.487	  61.000	  62.000	  85.013	  44.487	SimB1	R	4	51	2	719
51139	4	53	74.000	  48.635	  59.000	  61.000	  54.000	  66.648	SimB2	R	3	50	1	1041
51139	4	54	77.000	  48.325	  61.000	  61.000	  85.886	  43.325	SimB1	R	3	49	2	1292
51139	4	55	75.000	  48.000	  60.000	  60.000	  57.000	  63.158	SimB2	R	4	51	2	840
51139	4	56	48.000	  75.000	  60.000	  60.000	  64.286	  56.000	SimA2	R	5	51	1	1097
51139	4	57	46.877	  73.000	  59.000	  58.000	  42.877	  79.810	SimA1	R	5	49	2	980
51139	4	58	74.000	  48.635	  59.000	  61.000	  78.865	  45.635	SimB1	R	1	50	2	798
51139	4	59	46.579	  76.000	  60.000	  59.000	  64.364	  55.000	SimA2	R	3	49	2	1183
51139	4	60	61.000	  60.000	  60.000	  53.433	  62.000	  52.468	Fill3	R	5	51	1	950
51139	4	61	72.000	  46.708	  70.000	  41.314	  75.000	  38.493	Fill2	R	5	51	1	1006
51139	4	62	94.000	  38.936	  92.000	  34.967	  97.000	  32.990	Fill1	R	5	51	1	1175
51139	4	63	47.368	  76.000	  60.000	  60.000	  44.368	  81.139	SimA1	R	3	50	1	1473
51139	4	64	50.833	  72.000	  49.833	  64.977	  52.833	  60.681	Fill4	R	6	49	3	1357
51139	4	65	46.753	  77.000	  60.000	  60.000	  64.286	  56.000	SimA2	R	2	50	3	1082
51139	4	66	74.000	  46.243	  59.000	  58.000	  79.134	  43.243	SimB1	R	6	50	2	797
51139	4	67	46.579	  76.000	  59.000	  60.000	  41.579	  85.139	SimA1	R	3	49	2	1322
51139	4	68	46.877	  73.000	  59.000	  58.000	  62.218	  55.000	SimA2	R	3	51	3	859
51139	4	69	76.000	  47.368	  60.000	  60.000	  83.010	  43.368	SimB1	R	4	51	2	864
51139	4	70	37.787	  89.000	  35.787	  79.387	  38.787	  72.886	Fill5	R	4	50	1	1214
51139	4	71	75.000	  48.000	  60.000	  60.000	  80.000	  45.000	SimB1	R	1	50	2	1285
51139	4	72	47.705	  78.000	  61.000	  61.000	  44.705	  83.234	SimA1	R	4	51	2	780
51139	4	73	76.000	  46.579	  60.000	  59.000	  81.232	  43.579	SimB1	R	3	49	2	750
51139	4	74	46.579	  76.000	  60.000	  59.000	  43.579	  81.232	SimA1	R	4	51	2	796
51139	4	75	77.000	  45.974	  60.000	  59.000	  86.396	  40.974	SimB1	R	3	49	2	855
51139	4	76	78.000	  48.487	  61.000	  62.000	  57.000	  66.351	SimB2	R	4	49	3	542
51139	4	77	48.487	  78.000	  61.000	  62.000	  66.351	  57.000	SimA2	R	4	50	1	1354
51139	4	78	47.200	  75.000	  60.000	  59.000	  63.214	  56.000	SimA2	R	2	49	1	1089
51139	4	79	77.000	  46.753	  60.000	  60.000	  82.280	  43.753	SimB1	R	5	49	2	1286
51139	4	80	91.000	  40.220	  89.000	  35.809	  93.000	  34.215	Fill1	R	6	51	1	1599
51139	5	1	46.877	  73.000	  59.000	  58.000	  43.877	  77.991	SimA1	R	4	49	3	1249
51139	5	2	76.000	  47.355	  59.000	  61.000	  55.000	  65.436	SimB2	R	2	51	2	1070
51139	5	3	47.987	  75.000	  61.000	  59.000	  66.648	  54.000	SimA2	R	1	50	2	735
51139	5	4	49.301	  73.000	  46.301	  67.860	  50.301	  62.941	Fill4	R	2	49	1	555
51139	5	5	76.000	  48.961	  61.000	  61.000	  56.000	  66.446	SimB2	R	2	50	3	724
51139	5	6	76.000	  45.789	  60.000	  58.000	  57.000	  61.053	SimB2	R	6	50	2	618
51139	5	7	78.000	  46.141	  61.000	  59.000	  85.404	  42.141	SimB1	R	1	50	2	573
51139	5	8	48.000	  75.000	  60.000	  60.000	  64.286	  56.000	SimA2	R	2	50	3	678
51139	5	9	75.000	  48.800	  60.000	  61.000	  57.000	  64.211	SimB2	R	2	50	3	609
51139	5	10	46.400	  75.000	  60.000	  58.000	  65.660	  53.000	SimA2	R	1	50	2	1033
51139	5	11	60.000	  61.000	  59.000	  53.898	  63.000	  50.444	Fill3	R	4	50	1	622
51139	5	12	74.000	  46.243	  58.000	  59.000	  79.134	  43.243	SimB1	R	6	50	2	1048
51139	5	13	46.923	  78.000	  60.000	  61.000	  43.923	  83.327	SimA1	R	3	49	2	2179
51139	5	14	75.000	  47.987	  72.000	  43.819	  77.000	  41.545	Fill2	R	5	51	1	1014
51139	5	15	77.000	  46.753	  60.000	  60.000	  55.000	  65.455	SimB2	R	4	51	2	976
51139	5	16	77.000	  45.974	  60.000	  59.000	  86.396	  40.974	SimB1	R	1	50	2	1019
51139	5	17	47.987	  75.000	  61.000	  59.000	  44.987	  80.001	SimA1	R	4	49	3	852
51139	5	18	39.783	  92.000	  37.783	  83.133	  41.783	  74.481	Fill5	R	4	50	1	1404
51139	5	19	77.000	  46.753	  60.000	  60.000	  55.000	  65.455	SimB2	R	4	49	3	942
51139	5	20	77.000	  45.974	  60.000	  59.000	  57.000	  62.105	SimB2	R	3	51	3	1254
51139	5	21	46.400	  75.000	  60.000	  58.000	  43.400	  80.184	SimA1	R	3	49	2	728
51139	5	22	46.877	  73.000	  59.000	  58.000	  64.566	  53.000	SimA2	R	3	51	3	1170
51139	5	23	46.753	  77.000	  60.000	  60.000	  42.753	  84.204	SimA1	R	2	49	1	693
51139	5	24	77.000	  47.532	  61.000	  60.000	  57.000	  64.211	SimB2	R	1	50	2	707
51139	5	25	44.577	  78.000	  57.000	  61.000	  41.577	  83.628	SimA1	R	2	51	2	983
51139	5	26	45.627	  75.000	  58.000	  59.000	  41.627	  82.207	SimA1	R	3	49	2	1006
51139	5	27	77.000	  46.753	  60.000	  60.000	  57.000	  63.158	SimB2	R	5	51	1	773
51139	5	28	91.000	  39.549	  90.000	  35.178	  94.000	  33.032	Fill1	R	4	50	1	787
51139	5	29	47.838	  74.000	  60.000	  59.000	  44.838	  78.951	SimA1	R	1	50	2	1049
51139	5	30	46.579	  76.000	  59.000	  60.000	  42.579	  83.140	SimA1	R	1	49	1	819
51139	5	31	73.000	  47.630	  57.000	  61.000	  52.000	  66.865	SimB2	R	3	50	1	887
51139	5	32	44.577	  78.000	  57.000	  61.000	  61.000	  57.000	SimA2	R	5	50	3	795
51139	5	33	46.753	  77.000	  60.000	  60.000	  65.455	  55.000	SimA2	R	3	50	1	645
51139	5	34	47.838	  74.000	  60.000	  59.000	  64.364	  55.000	SimA2	R	5	50	3	574
51139	5	35	77.000	  47.532	  60.000	  61.000	  86.052	  42.532	SimB1	R	1	50	2	623
51139	5	36	91.000	  36.967	  89.000	  33.000	  94.000	  30.904	Fill1	R	2	49	1	663
51139	5	37	38.667	  87.000	  36.667	  77.455	  40.667	  69.443	Fill5	R	3	50	1	622
51139	5	38	58.000	  58.000	  56.000	  51.339	  59.000	  48.915	Fill3	R	1	49	1	1100
51139	5	39	46.579	  76.000	  59.000	  60.000	  64.364	  55.000	SimA2	R	1	49	1	686
51139	5	40	47.705	  78.000	  61.000	  61.000	  65.281	  57.000	SimA2	R	2	50	3	592
51139	5	41	41.560	  91.000	  39.560	  81.698	  42.560	  77.067	Fill5	R	2	49	1	1015
51139	5	42	46.753	  77.000	  60.000	  60.000	  63.158	  57.000	SimA2	R	3	50	1	695
51139	5	43	77.000	  47.532	  60.000	  61.000	  56.000	  65.357	SimB2	R	4	49	3	638
51139	5	44	39.989	  90.000	  36.989	  82.998	  40.989	  75.264	Fill5	R	3	50	1	715
51139	5	45	73.000	  47.630	  57.000	  61.000	  81.562	  42.630	SimB1	R	6	50	2	556
51139	5	46	46.141	  78.000	  59.000	  61.000	  64.268	  56.000	SimA2	R	3	50	1	553
51139	5	47	48.754	  69.000	  46.754	  62.840	  49.754	  57.865	Fill4	R	4	50	1	568
51139	5	48	72.000	  46.722	  70.000	  41.629	  75.000	  39.400	Fill2	R	3	50	1	577
51139	5	49	76.000	  46.579	  59.000	  60.000	  85.139	  41.579	SimB1	R	3	50	1	533
51139	5	50	46.923	  78.000	  60.000	  61.000	  65.357	  56.000	SimA2	R	6	50	2	667
51139	5	51	45.627	  75.000	  58.000	  59.000	  61.107	  56.000	SimA2	R	5	50	3	1299
51139	5	52	78.000	  46.141	  61.000	  59.000	  57.000	  63.140	SimB2	R	5	50	3	597
51139	5	53	47.532	  77.000	  60.000	  61.000	  44.532	  82.187	SimA1	R	1	50	2	1019
51139	5	54	76.000	  45.789	  60.000	  58.000	  81.328	  42.789	SimB1	R	3	49	2	704
51139	5	55	77.000	  49.117	  74.000	  44.689	  78.000	  43.051	Fill2	R	5	50	3	969
51139	5	56	77.000	  46.753	  60.000	  60.000	  82.280	  43.753	SimB1	R	1	50	2	935
51139	5	57	47.705	  78.000	  61.000	  61.000	  43.705	  85.139	SimA1	R	5	49	2	651
51139	5	58	93.000	  39.355	  90.000	  35.533	  96.000	  33.750	Fill1	R	4	50	1	1000
51139	5	59	75.000	  48.800	  60.000	  61.000	  83.562	  43.800	SimB1	R	2	50	3	559
51139	5	60	46.753	  77.000	  60.000	  60.000	  42.753	  84.204	SimA1	R	2	50	3	714
51139	5	61	76.000	  47.355	  59.000	  61.000	  84.972	  42.355	SimB1	R	4	51	2	1300
51139	5	62	76.000	  48.961	  61.000	  61.000	  82.761	  44.961	SimB1	R	5	50	3	572
51139	5	63	46.141	  78.000	  59.000	  61.000	  42.141	  85.404	SimA1	R	5	49	2	679
51139	5	64	48.000	  75.000	  60.000	  60.000	  43.000	  83.721	SimA1	R	2	49	1	717
51139	5	65	59.000	  61.000	  58.000	  53.776	  62.000	  50.081	Fill3	R	2	49	1	1027
51139	5	66	95.000	  39.811	  93.000	  36.344	  98.000	  33.765	Fill1	R	5	51	1	922
51139	5	67	62.000	  61.000	  60.000	  56.000	  65.000	  51.600	Fill3	R	6	50	2	657
51139	5	68	47.532	  77.000	  60.000	  61.000	  63.103	  58.000	SimA2	R	3	49	2	1156
51139	5	69	48.158	  76.000	  61.000	  60.000	  65.357	  56.000	SimA2	R	1	50	2	618
51139	5	70	77.000	  46.753	  60.000	  60.000	  82.280	  43.753	SimB1	R	2	51	2	729
51139	5	71	77.000	  47.532	  61.000	  60.000	  86.052	  42.532	SimB1	R	5	49	2	823
51139	5	72	76.000	  48.158	  74.000	  43.716	  78.000	  41.282	Fill2	R	5	51	1	914
51139	5	73	76.000	  46.579	  59.000	  60.000	  56.000	  63.214	SimB2	R	5	49	2	851
51139	5	74	53.268	  71.000	  52.268	  63.577	  54.268	  60.773	Fill4	R	5	50	3	631
51139	5	75	50.833	  72.000	  48.833	  65.877	  52.833	  60.379	Fill4	R	5	49	2	1000
51139	5	76	74.000	  46.243	  58.000	  59.000	  54.000	  63.370	SimB2	R	1	50	2	785
51139	5	77	76.000	  45.026	  59.000	  58.000	  81.425	  42.026	SimB1	R	5	49	2	534
51139	5	78	77.000	  46.753	  60.000	  60.000	  82.280	  43.753	SimB1	R	5	49	2	524
51139	5	79	76.000	  45.026	  59.000	  58.000	  54.000	  63.370	SimB2	R	6	50	2	639
51139	5	80	48.158	  76.000	  61.000	  60.000	  45.158	  81.049	SimA1	R	4	51	2	747
51139	6	1	48.886	  70.000	  47.886	  61.918	  50.886	  58.012	Fill4	R	1	49	1	877
51139	6	2	47.532	  77.000	  61.000	  60.000	  44.532	  82.187	SimA1	R	5	49	2	781
51139	6	3	77.000	  47.532	  75.000	  42.800	  80.000	  40.025	Fill2	R	4	50	1	605
51139	6	4	77.000	  46.753	  60.000	  60.000	  56.000	  64.286	SimB2	R	4	49	3	928
51139	6	5	48.487	  78.000	  62.000	  61.000	  44.487	  85.013	SimA1	R	2	51	2	651
51139	6	6	61.000	  60.000	  59.000	  55.220	  64.000	  50.891	Fill3	R	5	51	1	627
51139	6	7	48.961	  76.000	  61.000	  61.000	  65.281	  57.000	SimA2	R	3	49	2	761
51139	6	8	78.000	  46.923	  61.000	  60.000	  85.269	  42.923	SimB1	R	3	49	2	670
51139	6	9	51.081	  74.000	  48.081	  68.925	  52.081	  63.862	Fill4	R	4	50	1	623
51139	6	10	76.000	  46.579	  60.000	  59.000	  55.000	  64.364	SimB2	R	3	50	1	1012
51139	6	11	47.532	  77.000	  61.000	  60.000	  43.532	  84.075	SimA1	R	5	49	2	534
51139	6	12	49.282	  78.000	  62.000	  62.000	  45.282	  84.890	SimA1	R	5	51	1	1248
51139	6	13	48.312	  77.000	  62.000	  60.000	  44.312	  83.951	SimA1	R	1	49	1	1501
51139	6	14	76.000	  48.961	  61.000	  61.000	  58.000	  64.155	SimB2	R	4	49	3	1000
51139	6	15	48.000	  75.000	  60.000	  60.000	  63.158	  57.000	SimA2	R	5	51	1	710
51139	6	16	76.000	  46.579	  60.000	  59.000	  83.140	  42.579	SimB1	R	3	49	2	660
51139	6	17	92.000	  40.446	  90.000	  36.011	  93.000	  35.634	Fill1	R	5	51	1	855
51139	6	18	75.000	  49.613	  74.000	  43.811	  76.000	  43.382	Fill2	R	2	49	1	561
51139	6	19	48.961	  76.000	  61.000	  61.000	  44.961	  82.761	SimA1	R	4	49	3	2072
51139	6	20	51.681	  72.000	  50.681	  64.502	  52.681	  61.788	Fill4	R	5	51	1	710
51139	6	21	76.000	  48.961	  61.000	  61.000	  56.000	  66.446	SimB2	R	2	51	2	949
51139	6	22	76.000	  48.947	  60.000	  62.000	  57.000	  65.263	SimB2	R	1	51	3	946
51139	6	23	74.000	  51.081	  73.000	  46.137	  76.000	  44.289	Fill2	R	3	49	2	528
51139	6	24	48.312	  77.000	  60.000	  62.000	  43.312	  85.889	SimA1	R	5	49	2	607
51139	6	25	76.000	  48.961	  61.000	  61.000	  57.000	  65.281	SimB2	R	6	50	2	1125
51139	6	26	47.692	  78.000	  60.000	  62.000	  65.263	  57.000	SimA2	R	3	49	2	736
51139	6	27	78.000	  46.923	  61.000	  60.000	  57.000	  64.211	SimB2	R	3	49	2	707
51139	6	28	58.000	  59.000	  57.000	  52.614	  61.000	  48.180	Fill3	R	6	51	1	794
51139	6	29	48.487	  78.000	  62.000	  61.000	  65.207	  58.000	SimA2	R	4	49	3	650
51139	6	30	76.000	  48.947	  60.000	  62.000	  80.962	  45.947	SimB1	R	1	50	2	842
51139	6	31	48.312	  77.000	  62.000	  60.000	  66.429	  56.000	SimA2	R	2	49	1	770
51139	6	32	47.692	  78.000	  60.000	  62.000	  43.692	  85.141	SimA1	R	2	51	2	904
51139	6	33	46.740	  77.000	  59.000	  61.000	  42.740	  84.206	SimA1	R	6	51	1	978
51139	6	34	77.000	  47.532	  61.000	  60.000	  82.187	  44.532	SimB1	R	3	49	2	650
51139	6	35	45.974	  77.000	  59.000	  60.000	  42.974	  82.375	SimA1	R	6	51	1	640
51139	6	36	47.532	  77.000	  61.000	  60.000	  64.211	  57.000	SimA2	R	3	50	1	1570
51139	6	37	75.000	  49.600	  60.000	  62.000	  55.000	  67.636	SimB2	R	3	50	1	619
51139	6	38	77.000	  48.312	  62.000	  60.000	  59.000	  63.051	SimB2	R	2	50	3	1114
51139	6	39	47.173	  75.000	  61.000	  58.000	  66.755	  53.000	SimA2	R	3	51	3	1008
51139	6	40	38.449	  89.000	  36.449	  79.562	  40.449	  71.892	Fill5	R	3	49	2	1119
51139	6	41	46.579	  76.000	  60.000	  59.000	  63.214	  56.000	SimA2	R	2	50	3	712
51139	6	42	77.000	  47.532	  61.000	  60.000	  57.000	  64.211	SimB2	R	3	50	1	558
51139	6	43	48.961	  76.000	  61.000	  61.000	  64.155	  58.000	SimA2	R	5	49	2	779
51139	6	44	61.000	  61.000	  58.000	  57.086	  64.000	  50.797	Fill3	R	5	51	1	635
51139	6	45	75.000	  49.600	  60.000	  62.000	  81.579	  45.600	SimB1	R	3	49	2	657
51139	6	46	77.000	  45.948	  61.000	  58.000	  86.402	  40.948	SimB1	R	5	49	2	569
51139	6	47	72.000	  47.528	  69.000	  43.580	  73.000	  40.315	Fill2	R	2	49	1	1066
51139	6	48	60.000	  63.000	  57.000	  59.175	  63.000	  52.492	Fill3	R	2	49	1	782
51139	6	49	76.000	  48.961	  61.000	  61.000	  84.644	  43.961	SimB1	R	5	51	1	741
51139	6	50	49.282	  78.000	  62.000	  62.000	  67.439	  57.000	SimA2	R	2	49	1	584
51139	6	51	48.312	  77.000	  60.000	  62.000	  65.263	  57.000	SimA2	R	2	51	2	1123
51139	6	52	89.000	  38.449	  86.000	  34.907	  92.000	  31.848	Fill1	R	5	51	1	858
51139	6	53	77.000	  45.948	  61.000	  58.000	  57.000	  62.070	SimB2	R	3	50	1	679
51139	6	54	77.000	  49.117	  62.000	  61.000	  57.000	  66.351	SimB2	R	3	50	1	629
51139	6	55	41.344	  90.000	  38.344	  83.976	  42.344	  74.909	Fill5	R	4	49	3	649
51139	6	56	51.549	  71.000	  50.549	  62.810	  53.549	  59.795	Fill4	R	4	50	1	679
51139	6	57	92.000	  39.783	  89.000	  36.494	  93.000	  34.914	Fill1	R	6	51	1	801
51139	6	58	45.974	  77.000	  59.000	  60.000	  64.364	  55.000	SimA2	R	2	49	1	1486
51139	6	59	75.000	  47.200	  59.000	  60.000	  56.000	  63.214	SimB2	R	1	51	3	596
51139	6	60	77.000	  48.312	  62.000	  60.000	  85.889	  43.312	SimB1	R	6	49	3	547
51139	6	61	47.532	  77.000	  61.000	  60.000	  66.545	  55.000	SimA2	R	4	50	1	417
51139	6	62	48.000	  75.000	  60.000	  60.000	  44.000	  81.818	SimA1	R	3	49	2	598
51139	6	63	40.213	  94.000	  39.213	  83.621	  41.213	  78.398	Fill5	R	6	51	1	709
51139	6	64	93.000	  40.645	  90.000	  36.544	  96.000	  34.938	Fill1	R	2	49	1	1058
51139	6	65	75.000	  47.200	  59.000	  60.000	  83.886	  42.200	SimB1	R	5	50	3	891
51139	6	66	46.579	  76.000	  60.000	  59.000	  42.579	  83.140	SimA1	R	6	50	2	967
51139	6	67	48.961	  76.000	  61.000	  61.000	  45.961	  80.961	SimA1	R	5	49	2	656
51139	6	68	76.000	  48.961	  61.000	  61.000	  80.961	  45.961	SimB1	R	6	49	3	872
51139	6	69	41.124	  89.000	  40.124	  78.707	  43.124	  72.489	Fill5	R	2	49	1	853
51139	6	70	77.000	  49.922	  62.000	  62.000	  83.707	  45.922	SimB1	R	6	50	2	605
51139	6	71	77.000	  49.117	  62.000	  61.000	  82.009	  46.117	SimB1	R	3	49	2	638
51139	6	72	46.740	  77.000	  59.000	  61.000	  63.140	  57.000	SimA2	R	1	50	2	828
51139	6	73	48.961	  76.000	  61.000	  61.000	  44.961	  82.761	SimA1	R	6	50	2	708
51139	6	74	76.000	  48.961	  61.000	  61.000	  82.761	  44.961	SimB1	R	2	50	3	918
51139	6	75	74.000	  48.635	  59.000	  61.000	  55.000	  65.436	SimB2	R	5	51	1	1507
51139	6	76	77.000	  49.922	  62.000	  62.000	  57.000	  67.439	SimB2	R	2	49	1	637
51139	6	77	48.961	  76.000	  61.000	  61.000	  65.281	  57.000	SimA2	R	4	50	1	620
51139	6	78	77.000	  46.753	  60.000	  60.000	  82.280	  43.753	SimB1	R	3	49	2	949
51139	6	79	47.173	  75.000	  61.000	  58.000	  44.173	  80.094	SimA1	R	2	51	2	938
51139	6	80	74.000	  48.635	  59.000	  61.000	  82.479	  43.635	SimB1	R	5	49	2	830
51139	7	1	77.000	  45.974	  60.000	  59.000	  86.396	  40.974	SimB1	R	2	51	2	1010
51139	7	2	40.220	  91.000	  38.220	  82.078	  41.220	  75.546	Fill5	R	6	51	1	827
51139	7	3	77.000	  45.974	  60.000	  59.000	  55.000	  64.364	SimB2	R	2	50	3	713
51139	7	4	50.833	  72.000	  49.833	  64.977	  52.833	  60.681	Fill4	R	5	51	1	554
51139	7	5	76.000	  46.579	  60.000	  59.000	  55.000	  64.364	SimB2	R	4	49	3	985
51139	7	6	46.877	  73.000	  59.000	  58.000	  62.218	  55.000	SimA2	R	1	51	3	936
51139	7	7	76.000	  47.368	  60.000	  60.000	  56.000	  64.286	SimB2	R	5	51	1	524
51139	7	8	91.000	  40.220	  89.000	  35.809	  93.000	  34.215	Fill1	R	1	49	1	584
51139	7	9	60.000	  61.000	  57.000	  56.772	  63.000	  50.381	Fill3	R	2	49	1	754
51139	7	10	52.286	  70.000	  50.286	  62.901	  54.286	  58.487	Fill4	R	5	51	1	690
51139	7	11	76.000	  48.132	  59.000	  62.000	  55.000	  66.509	SimB2	R	3	51	3	592
51139	7	12	46.753	  77.000	  60.000	  60.000	  43.753	  82.280	SimA1	R	4	51	2	806
51139	7	13	76.000	  47.355	  61.000	  59.000	  83.012	  43.355	SimB1	R	5	49	2	629
51139	7	14	77.000	  48.325	  61.000	  61.000	  56.000	  66.446	SimB2	R	4	49	3	533
51139	7	15	48.739	  69.000	  46.739	  62.753	  50.739	  57.352	Fill4	R	1	49	1	480
51139	7	16	48.000	  75.000	  60.000	  60.000	  43.000	  83.721	SimA1	R	3	49	2	685
51139	7	17	40.667	  90.000	  37.667	  82.726	  42.667	  73.523	Fill5	R	6	51	1	732
51139	7	18	45.789	  76.000	  58.000	  60.000	  40.789	  85.316	SimA1	R	6	49	3	748
51139	7	19	47.705	  78.000	  61.000	  61.000	  44.705	  83.234	SimA1	R	5	49	2	726
51139	7	20	77.000	  46.753	  60.000	  60.000	  82.280	  43.753	SimB1	R	2	51	2	740
51139	7	21	47.200	  75.000	  60.000	  59.000	  63.214	  56.000	SimA2	R	5	49	2	760
51139	7	22	46.579	  76.000	  60.000	  59.000	  64.364	  55.000	SimA2	R	5	49	2	694
51139	7	23	37.787	  89.000	  35.787	  79.387	  38.787	  72.886	Fill5	R	4	50	1	1012
51139	7	24	74.000	  46.243	  59.000	  58.000	  55.000	  62.218	SimB2	R	5	49	2	1281
51139	7	25	47.200	  75.000	  60.000	  59.000	  43.200	  81.944	SimA1	R	2	51	2	685
51139	7	26	46.141	  78.000	  59.000	  61.000	  43.141	  83.424	SimA1	R	6	51	1	745
51139	7	27	76.000	  47.355	  61.000	  59.000	  56.000	  64.268	SimB2	R	5	51	1	747
51139	7	28	48.000	  75.000	  60.000	  60.000	  64.286	  56.000	SimA2	R	2	51	2	623
51139	7	29	46.579	  76.000	  59.000	  60.000	  41.579	  85.139	SimA1	R	4	51	2	684
51139	7	30	45.789	  76.000	  58.000	  60.000	  61.053	  57.000	SimA2	R	2	50	3	1335
51139	7	31	48.487	  78.000	  61.000	  62.000	  44.487	  85.013	SimA1	R	4	50	1	779
51139	7	32	75.000	  48.000	  60.000	  60.000	  80.000	  45.000	SimB1	R	5	49	2	556
51139	7	33	48.487	  78.000	  61.000	  62.000	  66.351	  57.000	SimA2	R	3	51	3	911
51139	7	34	47.368	  76.000	  60.000	  60.000	  64.286	  56.000	SimA2	R	4	51	2	998
51139	7	35	94.000	  38.936	  92.000	  35.283	  96.000	  33.698	Fill1	R	2	49	1	687
51139	7	36	46.877	  73.000	  59.000	  58.000	  42.877	  79.810	SimA1	R	4	51	2	665
51139	7	37	46.579	  76.000	  59.000	  60.000	  64.364	  55.000	SimA2	R	4	50	1	978
51139	7	38	74.000	  48.635	  59.000	  61.000	  78.865	  45.635	SimB1	R	4	51	2	633
51139	7	39	76.000	  47.355	  59.000	  61.000	  54.000	  66.648	SimB2	R	1	51	3	1087
51139	7	40	75.000	  48.000	  60.000	  60.000	  81.818	  44.000	SimB1	R	1	50	2	835
51139	7	41	76.000	  46.579	  59.000	  60.000	  54.000	  65.556	SimB2	R	3	51	3	698
51139	7	42	77.000	  46.753	  60.000	  60.000	  57.000	  63.158	SimB2	R	5	49	2	842
51139	7	43	77.000	  47.532	  74.000	  43.541	  79.000	  40.051	Fill2	R	3	50	1	546
51139	7	44	75.000	  48.000	  60.000	  60.000	  57.000	  63.158	SimB2	R	5	51	1	775
51139	7	45	46.579	  76.000	  60.000	  59.000	  43.579	  81.232	SimA1	R	5	49	2	814
51139	7	46	47.506	  77.000	  59.000	  62.000	  64.175	  57.000	SimA2	R	2	50	3	625
51139	7	47	75.000	  48.000	  60.000	  60.000	  57.000	  63.158	SimB2	R	3	51	3	715
51139	7	48	61.000	  60.000	  58.000	  55.638	  63.000	  51.000	Fill3	R	2	49	1	540
51139	7	49	76.000	  48.132	  59.000	  62.000	  82.888	  44.132	SimB1	R	4	51	2	827
51139	7	50	77.000	  48.325	  61.000	  61.000	  85.886	  43.325	SimB1	R	5	49	2	597
51139	7	51	52.286	  70.000	  51.286	  62.669	  54.286	  58.358	Fill4	R	3	50	1	491
51139	7	52	94.000	  38.936	  92.000	  34.967	  97.000	  32.990	Fill1	R	6	50	2	1101
51139	7	53	73.000	  47.671	  58.000	  60.000	  54.000	  64.444	SimB2	R	5	51	1	624
51139	7	54	46.753	  77.000	  60.000	  60.000	  41.753	  86.221	SimA1	R	3	49	2	889
51139	7	55	78.000	  48.487	  61.000	  62.000	  57.000	  66.351	SimB2	R	2	51	2	834
51139	7	56	72.000	  46.708	  70.000	  41.314	  75.000	  38.493	Fill2	R	4	50	1	546
51139	7	57	48.635	  74.000	  61.000	  59.000	  44.635	  80.632	SimA1	R	5	49	2	797
51139	7	58	47.368	  76.000	  60.000	  60.000	  44.368	  81.139	SimA1	R	3	51	3	539
51139	7	59	76.000	  46.579	  59.000	  60.000	  85.139	  41.579	SimB1	R	2	51	2	559
51139	7	60	48.635	  74.000	  61.000	  59.000	  66.648	  54.000	SimA2	R	1	50	2	789
51139	7	61	46.141	  78.000	  59.000	  61.000	  62.052	  58.000	SimA2	R	5	49	2	1055
51139	7	62	47.705	  78.000	  61.000	  61.000	  64.155	  58.000	SimA2	R	4	51	2	922
51139	7	63	75.000	  48.800	  74.000	  44.000	  77.000	  42.221	Fill2	R	2	49	1	536
51139	7	64	73.000	  47.671	  58.000	  60.000	  77.902	  44.671	SimB1	R	5	49	2	641
51139	7	65	46.753	  77.000	  60.000	  60.000	  64.286	  56.000	SimA2	R	1	51	3	946
51139	7	66	46.141	  78.000	  59.000	  61.000	  63.140	  57.000	SimA2	R	5	49	2	931
51139	7	67	76.000	  46.579	  60.000	  59.000	  81.232	  43.579	SimB1	R	4	51	2	699
51139	7	68	78.000	  48.487	  61.000	  62.000	  85.013	  44.487	SimB1	R	2	51	2	534
51139	7	69	47.506	  77.000	  59.000	  62.000	  42.506	  86.057	SimA1	R	3	49	2	1400
51139	7	70	76.000	  47.355	  59.000	  61.000	  84.972	  42.355	SimB1	R	2	51	2	2096
51139	7	71	46.141	  78.000	  59.000	  61.000	  43.141	  83.424	SimA1	R	1	50	2	1993
51139	7	72	74.000	  48.635	  59.000	  61.000	  54.000	  66.648	SimB2	R	4	50	1	1045
51139	7	73	61.000	  60.000	  60.000	  53.433	  62.000	  52.468	Fill3	R	3	50	1	1098
51139	7	74	76.000	  48.158	  75.000	  43.240	  77.000	  42.078	Fill2	R	6	49	3	763
51139	7	75	90.000	  37.367	  87.000	  33.598	  91.000	  32.033	Fill1	R	4	50	1	894
51139	7	76	41.124	  89.000	  40.124	  78.732	  42.124	  74.471	Fill5	R	2	49	1	1112
51139	7	77	57.000	  59.000	  55.000	  52.109	  58.000	  49.414	Fill3	R	3	50	1	556
51139	7	78	74.000	  46.243	  59.000	  58.000	  79.134	  43.243	SimB1	R	3	49	2	677
51139	7	79	46.753	  77.000	  60.000	  60.000	  65.455	  55.000	SimA2	R	5	51	1	1015
51139	7	80	76.000	  47.368	  60.000	  60.000	  83.010	  43.368	SimB1	R	3	49	2	684
51139	8	1	46.923	  78.000	  60.000	  61.000	  43.923	  83.327	SimA1	R	3	50	1	849
51139	8	2	77.000	  47.532	  61.000	  60.000	  86.052	  42.532	SimB1	R	4	51	2	568
51139	8	3	47.987	  75.000	  61.000	  59.000	  44.987	  80.001	SimA1	R	5	49	2	537
51139	8	4	44.577	  78.000	  57.000	  61.000	  61.000	  57.000	SimA2	R	2	49	1	566
51139	8	5	74.000	  46.243	  58.000	  59.000	  79.134	  43.243	SimB1	R	2	50	3	516
51139	8	6	93.000	  39.355	  90.000	  35.533	  96.000	  33.750	Fill1	R	2	49	1	528
51139	8	7	95.000	  39.811	  93.000	  36.344	  98.000	  33.765	Fill1	R	2	49	1	630
51139	8	8	77.000	  47.532	  61.000	  60.000	  57.000	  64.211	SimB2	R	4	50	1	694
51139	8	9	75.000	  48.800	  60.000	  61.000	  83.562	  43.800	SimB1	R	4	51	2	631
51139	8	10	39.989	  90.000	  36.989	  82.998	  40.989	  75.264	Fill5	R	3	49	2	455
51139	8	11	77.000	  46.753	  60.000	  60.000	  82.280	  43.753	SimB1	R	5	50	3	633
51139	8	12	47.705	  78.000	  61.000	  61.000	  43.705	  85.139	SimA1	R	3	49	2	612
51139	8	13	48.158	  76.000	  61.000	  60.000	  65.357	  56.000	SimA2	R	2	50	3	692
51139	8	14	44.577	  78.000	  57.000	  61.000	  41.577	  83.628	SimA1	R	3	49	2	494
51139	8	15	46.141	  78.000	  59.000	  61.000	  64.268	  56.000	SimA2	R	5	51	1	620
51139	8	16	49.301	  73.000	  46.301	  67.860	  50.301	  62.941	Fill4	R	1	49	1	492
51139	8	17	46.753	  77.000	  60.000	  60.000	  42.753	  84.204	SimA1	R	2	51	2	652
51139	8	18	46.877	  73.000	  59.000	  58.000	  64.566	  53.000	SimA2	R	3	50	1	589
51139	8	19	77.000	  46.753	  60.000	  60.000	  55.000	  65.455	SimB2	R	2	50	3	790
51139	8	20	48.000	  75.000	  60.000	  60.000	  43.000	  83.721	SimA1	R	5	49	2	552
51139	8	21	77.000	  45.974	  60.000	  59.000	  86.396	  40.974	SimB1	R	3	51	3	486
51139	8	22	48.158	  76.000	  61.000	  60.000	  45.158	  81.049	SimA1	R	5	49	2	467
51139	8	23	77.000	  47.532	  60.000	  61.000	  56.000	  65.357	SimB2	R	2	50	3	538
51139	8	24	76.000	  46.579	  59.000	  60.000	  56.000	  63.214	SimB2	R	6	50	2	790
51139	8	25	46.141	  78.000	  59.000	  61.000	  42.141	  85.404	SimA1	R	2	49	1	772
51139	8	26	78.000	  46.141	  61.000	  59.000	  57.000	  63.140	SimB2	R	4	49	3	611
51139	8	27	46.400	  75.000	  60.000	  58.000	  65.660	  53.000	SimA2	R	4	49	3	427
51139	8	28	60.000	  61.000	  59.000	  53.898	  63.000	  50.444	Fill3	R	5	51	1	775
51139	8	29	77.000	  46.753	  60.000	  60.000	  82.280	  43.753	SimB1	R	4	51	2	604
51139	8	30	91.000	  36.967	  89.000	  33.000	  94.000	  30.904	Fill1	R	5	49	2	603
51139	8	31	76.000	  45.026	  59.000	  58.000	  81.425	  42.026	SimB1	R	2	51	2	585
51139	8	32	77.000	  46.753	  60.000	  60.000	  55.000	  65.455	SimB2	R	5	49	2	566
51139	8	33	72.000	  46.722	  70.000	  41.629	  75.000	  39.400	Fill2	R	5	51	1	951
51139	8	34	76.000	  48.961	  61.000	  61.000	  56.000	  66.446	SimB2	R	3	49	2	618
51139	8	35	77.000	  45.974	  60.000	  59.000	  57.000	  62.105	SimB2	R	6	49	3	801
51139	8	36	47.705	  78.000	  61.000	  61.000	  65.281	  57.000	SimA2	R	2	50	3	802
51139	8	37	48.754	  69.000	  46.754	  62.840	  49.754	  57.865	Fill4	R	5	51	1	700
51139	8	38	46.579	  76.000	  59.000	  60.000	  64.364	  55.000	SimA2	R	3	49	2	599
51139	8	39	47.532	  77.000	  60.000	  61.000	  63.103	  58.000	SimA2	R	4	50	1	884
51139	8	40	76.000	  48.158	  74.000	  43.716	  78.000	  41.282	Fill2	R	2	49	1	548
51139	8	41	45.627	  75.000	  58.000	  59.000	  41.627	  82.207	SimA1	R	5	51	1	772
51139	8	42	76.000	  47.355	  59.000	  61.000	  55.000	  65.436	SimB2	R	1	50	2	806
51139	8	43	47.987	  75.000	  61.000	  59.000	  66.648	  54.000	SimA2	R	6	49	3	997
51139	8	44	76.000	  46.579	  59.000	  60.000	  85.139	  41.579	SimB1	R	3	49	2	576
51139	8	45	47.532	  77.000	  60.000	  61.000	  44.532	  82.187	SimA1	R	2	50	3	697
51139	8	46	73.000	  47.630	  57.000	  61.000	  52.000	  66.865	SimB2	R	5	51	1	999
51139	8	47	77.000	  46.753	  60.000	  60.000	  82.280	  43.753	SimB1	R	1	50	2	814
51139	8	48	45.627	  75.000	  58.000	  59.000	  61.107	  56.000	SimA2	R	1	50	2	799
51139	8	49	75.000	  48.800	  60.000	  61.000	  57.000	  64.211	SimB2	R	5	50	3	670
51139	8	50	77.000	  46.753	  60.000	  60.000	  57.000	  63.158	SimB2	R	2	50	3	924
51139	8	51	41.560	  91.000	  39.560	  81.698	  42.560	  77.067	Fill5	R	4	49	3	1079
51139	8	52	58.000	  58.000	  56.000	  51.339	  59.000	  48.915	Fill3	R	4	50	1	501
51139	8	53	50.833	  72.000	  48.833	  65.877	  52.833	  60.379	Fill4	R	5	51	1	828
51139	8	54	59.000	  61.000	  58.000	  53.776	  62.000	  50.081	Fill3	R	5	50	3	878
51139	8	55	39.783	  92.000	  37.783	  83.133	  41.783	  74.481	Fill5	R	6	51	1	850
51139	8	56	46.753	  77.000	  60.000	  60.000	  65.455	  55.000	SimA2	R	6	50	2	930
51139	8	57	46.400	  75.000	  60.000	  58.000	  43.400	  80.184	SimA1	R	2	51	2	988
51139	8	58	62.000	  61.000	  60.000	  56.000	  65.000	  51.600	Fill3	R	1	49	1	568
51139	8	59	91.000	  39.549	  90.000	  35.178	  94.000	  33.032	Fill1	R	5	51	1	698
51139	8	60	75.000	  47.987	  72.000	  43.819	  77.000	  41.545	Fill2	R	5	51	1	733
51139	8	61	53.268	  71.000	  52.268	  63.577	  54.268	  60.773	Fill4	R	3	50	1	697
51139	8	62	46.877	  73.000	  59.000	  58.000	  43.877	  77.991	SimA1	R	3	51	3	517
51139	8	63	73.000	  47.630	  57.000	  61.000	  81.562	  42.630	SimB1	R	1	51	3	560
51139	8	64	77.000	  47.532	  60.000	  61.000	  86.052	  42.532	SimB1	R	3	49	2	971
51139	8	65	76.000	  48.961	  61.000	  61.000	  82.761	  44.961	SimB1	R	3	49	2	653
51139	8	66	78.000	  46.141	  61.000	  59.000	  85.404	  42.141	SimB1	R	3	49	2	619
51139	8	67	46.753	  77.000	  60.000	  60.000	  63.158	  57.000	SimA2	R	5	50	3	549
51139	8	68	76.000	  45.789	  60.000	  58.000	  57.000	  61.053	SimB2	R	5	50	3	912
51139	8	69	76.000	  45.026	  59.000	  58.000	  54.000	  63.370	SimB2	R	6	50	2	770
51139	8	70	46.753	  77.000	  60.000	  60.000	  42.753	  84.204	SimA1	R	6	49	3	706
51139	8	71	47.838	  74.000	  60.000	  59.000	  64.364	  55.000	SimA2	R	5	50	3	496
51139	8	72	46.579	  76.000	  59.000	  60.000	  42.579	  83.140	SimA1	R	2	51	2	605
51139	8	73	74.000	  46.243	  58.000	  59.000	  54.000	  63.370	SimB2	R	5	50	3	709
51139	8	74	38.667	  87.000	  36.667	  77.455	  40.667	  69.443	Fill5	R	1	49	1	548
51139	8	75	76.000	  47.355	  59.000	  61.000	  84.972	  42.355	SimB1	R	2	51	2	570
51139	8	76	48.000	  75.000	  60.000	  60.000	  64.286	  56.000	SimA2	R	3	51	3	1042
51139	8	77	76.000	  45.789	  60.000	  58.000	  81.328	  42.789	SimB1	R	3	49	2	849
51139	8	78	47.838	  74.000	  60.000	  59.000	  44.838	  78.951	SimA1	R	4	51	2	620
51139	8	79	46.923	  78.000	  60.000	  61.000	  65.357	  56.000	SimA2	R	5	50	3	849
51139	8	80	77.000	  49.117	  74.000	  44.689	  78.000	  43.051	Fill2	R	4	50	1	482
51139	9	1	48.487	  78.000	  62.000	  61.000	  65.207	  58.000	SimA2	R	3	50	1	628
51139	9	2	47.532	  77.000	  61.000	  60.000	  64.211	  57.000	SimA2	R	4	50	1	590
51139	9	3	49.282	  78.000	  62.000	  62.000	  67.439	  57.000	SimA2	R	4	51	2	992
51139	9	4	47.173	  75.000	  61.000	  58.000	  44.173	  80.094	SimA1	R	2	51	2	1160
51139	9	5	77.000	  45.948	  61.000	  58.000	  57.000	  62.070	SimB2	R	3	50	1	436
51139	9	6	47.692	  78.000	  60.000	  62.000	  65.263	  57.000	SimA2	R	2	49	1	792
51139	9	7	45.974	  77.000	  59.000	  60.000	  64.364	  55.000	SimA2	R	1	50	2	795
51139	9	8	48.961	  76.000	  61.000	  61.000	  44.961	  82.761	SimA1	R	5	49	2	983
51139	9	9	47.532	  77.000	  61.000	  60.000	  66.545	  55.000	SimA2	R	4	51	2	1404
51139	9	10	48.961	  76.000	  61.000	  61.000	  64.155	  58.000	SimA2	R	4	51	2	847
51139	9	11	92.000	  39.783	  89.000	  36.494	  93.000	  34.914	Fill1	R	1	49	1	1095
51139	9	12	38.449	  89.000	  36.449	  79.562	  40.449	  71.892	Fill5	R	1	49	1	971
51139	9	13	77.000	  46.753	  60.000	  60.000	  82.280	  43.753	SimB1	R	3	49	2	675
51139	9	14	77.000	  49.117	  62.000	  61.000	  57.000	  66.351	SimB2	R	3	50	1	1030
51139	9	15	76.000	  48.961	  61.000	  61.000	  84.644	  43.961	SimB1	R	2	50	3	624
51139	9	16	47.532	  77.000	  61.000	  60.000	  43.532	  84.075	SimA1	R	1	50	2	588
51139	9	17	60.000	  63.000	  57.000	  59.175	  63.000	  52.492	Fill3	R	5	49	2	910
51139	9	18	75.000	  49.613	  74.000	  43.811	  76.000	  43.382	Fill2	R	5	51	1	707
51139	9	19	58.000	  59.000	  57.000	  52.614	  61.000	  48.180	Fill3	R	4	50	1	555
51139	9	20	48.487	  78.000	  62.000	  61.000	  44.487	  85.013	SimA1	R	5	49	2	621
51139	9	21	75.000	  49.600	  60.000	  62.000	  55.000	  67.636	SimB2	R	2	50	3	810
51139	9	22	51.681	  72.000	  50.681	  64.502	  52.681	  61.788	Fill4	R	3	50	1	599
51139	9	23	74.000	  48.635	  59.000	  61.000	  82.479	  43.635	SimB1	R	5	49	2	752
51139	9	24	77.000	  48.312	  62.000	  60.000	  85.889	  43.312	SimB1	R	5	50	3	1340
51139	9	25	77.000	  49.117	  62.000	  61.000	  82.009	  46.117	SimB1	R	5	49	2	617
51139	9	26	49.282	  78.000	  62.000	  62.000	  45.282	  84.890	SimA1	R	2	49	1	839
51139	9	27	76.000	  46.579	  60.000	  59.000	  83.140	  42.579	SimB1	R	2	51	2	924
51139	9	28	48.000	  75.000	  60.000	  60.000	  44.000	  81.818	SimA1	R	5	49	2	587
51139	9	29	77.000	  47.532	  61.000	  60.000	  57.000	  64.211	SimB2	R	5	49	2	532
51139	9	30	78.000	  46.923	  61.000	  60.000	  57.000	  64.211	SimB2	R	4	49	3	529
51139	9	31	92.000	  40.446	  90.000	  36.011	  93.000	  35.634	Fill1	R	1	49	1	932
51139	9	32	48.312	  77.000	  62.000	  60.000	  44.312	  83.951	SimA1	R	6	50	2	683
51139	9	33	48.961	  76.000	  61.000	  61.000	  65.281	  57.000	SimA2	R	2	50	3	633
51139	9	34	76.000	  48.947	  60.000	  62.000	  57.000	  65.263	SimB2	R	6	50	2	524
51139	9	35	46.579	  76.000	  60.000	  59.000	  42.579	  83.140	SimA1	R	5	49	2	706
51139	9	36	48.886	  70.000	  47.886	  61.918	  50.886	  58.012	Fill4	R	5	51	1	845
51139	9	37	48.961	  76.000	  61.000	  61.000	  45.961	  80.961	SimA1	R	2	51	2	580
51139	9	38	51.549	  71.000	  50.549	  62.810	  53.549	  59.795	Fill4	R	2	49	1	646
51139	9	39	78.000	  46.923	  61.000	  60.000	  85.269	  42.923	SimB1	R	5	49	2	543
51139	9	40	48.961	  76.000	  61.000	  61.000	  44.961	  82.761	SimA1	R	2	51	2	1064
51139	9	41	76.000	  48.947	  60.000	  62.000	  80.962	  45.947	SimB1	R	2	51	2	765
51139	9	42	46.579	  76.000	  60.000	  59.000	  63.214	  56.000	SimA2	R	4	49	3	744
51139	9	43	72.000	  47.528	  69.000	  43.580	  73.000	  40.315	Fill2	R	2	49	1	801
51139	9	44	48.312	  77.000	  60.000	  62.000	  65.263	  57.000	SimA2	R	4	50	1	426
51139	9	45	93.000	  40.645	  90.000	  36.544	  96.000	  34.938	Fill1	R	2	49	1	524
51139	9	46	76.000	  48.961	  61.000	  61.000	  57.000	  65.281	SimB2	R	3	49	2	465
51139	9	47	48.312	  77.000	  62.000	  60.000	  66.429	  56.000	SimA2	R	3	49	2	533
51139	9	48	46.740	  77.000	  59.000	  61.000	  42.740	  84.206	SimA1	R	2	49	1	853
51139	9	49	74.000	  51.081	  73.000	  46.137	  76.000	  44.289	Fill2	R	2	50	3	701
51139	9	50	75.000	  49.600	  60.000	  62.000	  81.579	  45.600	SimB1	R	3	49	2	666
51139	9	51	46.740	  77.000	  59.000	  61.000	  63.140	  57.000	SimA2	R	2	50	3	944
51139	9	52	75.000	  47.200	  59.000	  60.000	  56.000	  63.214	SimB2	R	4	50	1	1068
51139	9	53	41.344	  90.000	  38.344	  83.976	  42.344	  74.909	Fill5	R	2	49	1	629
51139	9	54	51.081	  74.000	  48.081	  68.925	  52.081	  63.862	Fill4	R	4	50	1	544
51139	9	55	77.000	  47.532	  75.000	  42.800	  80.000	  40.025	Fill2	R	3	50	1	558
51139	9	56	47.692	  78.000	  60.000	  62.000	  43.692	  85.141	SimA1	R	3	51	3	811
51139	9	57	77.000	  45.948	  61.000	  58.000	  86.402	  40.948	SimB1	R	4	51	2	672
51139	9	58	48.312	  77.000	  60.000	  62.000	  43.312	  85.889	SimA1	R	5	49	2	895
51139	9	59	41.124	  89.000	  40.124	  78.707	  43.124	  72.489	Fill5	R	6	51	1	653
51139	9	60	89.000	  38.449	  86.000	  34.907	  92.000	  31.848	Fill1	R	2	49	1	750
51139	9	61	61.000	  61.000	  58.000	  57.086	  64.000	  50.797	Fill3	R	2	49	1	647
51139	9	62	75.000	  47.200	  59.000	  60.000	  83.886	  42.200	SimB1	R	5	49	2	744
51139	9	63	77.000	  49.922	  62.000	  62.000	  57.000	  67.439	SimB2	R	4	49	3	479
51139	9	64	48.961	  76.000	  61.000	  61.000	  65.281	  57.000	SimA2	R	5	50	3	557
51139	9	65	47.532	  77.000	  61.000	  60.000	  44.532	  82.187	SimA1	R	4	51	2	786
51139	9	66	47.173	  75.000	  61.000	  58.000	  66.755	  53.000	SimA2	R	4	49	3	444
51139	9	67	40.213	  94.000	  39.213	  83.621	  41.213	  78.398	Fill5	R	3	49	2	537
51139	9	68	61.000	  60.000	  59.000	  55.220	  64.000	  50.891	Fill3	R	4	50	1	420
51139	9	69	76.000	  48.961	  61.000	  61.000	  82.761	  44.961	SimB1	R	2	51	2	628
51139	9	70	77.000	  47.532	  61.000	  60.000	  82.187	  44.532	SimB1	R	5	49	2	652
51139	9	71	77.000	  48.312	  62.000	  60.000	  59.000	  63.051	SimB2	R	3	51	3	685
51139	9	72	76.000	  48.961	  61.000	  61.000	  56.000	  66.446	SimB2	R	4	49	3	692
51139	9	73	76.000	  48.961	  61.000	  61.000	  80.961	  45.961	SimB1	R	4	51	2	562
51139	9	74	77.000	  46.753	  60.000	  60.000	  56.000	  64.286	SimB2	R	5	49	2	1181
51139	9	75	45.974	  77.000	  59.000	  60.000	  42.974	  82.375	SimA1	R	5	49	2	674
51139	9	76	48.000	  75.000	  60.000	  60.000	  63.158	  57.000	SimA2	R	5	49	2	839
51139	9	77	74.000	  48.635	  59.000	  61.000	  55.000	  65.436	SimB2	R	3	50	1	453
51139	9	78	77.000	  49.922	  62.000	  62.000	  83.707	  45.922	SimB1	R	2	51	2	656
51139	9	79	76.000	  46.579	  60.000	  59.000	  55.000	  64.364	SimB2	R	6	49	3	754
51139	9	80	76.000	  48.961	  61.000	  61.000	  58.000	  64.155	SimB2	R	5	50	3	680
