username: 52735, Experiment time (minutes): 29
Operating system: Windows 7
Manufacturer: Adobe Windows
Player type: PlugIn
Version: WIN 10,3,181,14

username	blkNum	trlNum	Rect1Height	Rect1Width	Rect2Height	Rect2Width	Rect3Height	Rect3Width	Effect	StimType	StimPosition	rawResp	response	RT
52735	0	1	47.671	  73.000	  60.000	  58.000	  41.671	  83.511	SimA1	R	5	49	2	2968
52735	0	2	75.000	  47.200	  60.000	  59.000	  85.922	  41.200	SimB1	R	2	50	3	7427
52735	0	3	59.000	  59.000	  58.000	  52.224	  60.000	  49.917	Fill3	R	2	49	1	2363
52735	1	1	46.877	  73.000	  59.000	  58.000	  42.877	  79.810	SimA1	R	5	51	1	6419
52735	1	2	46.141	  78.000	  59.000	  61.000	  63.140	  57.000	SimA2	R	1	50	2	2329
52735	1	3	45.789	  76.000	  58.000	  60.000	  40.789	  85.316	SimA1	R	2	49	1	3028
52735	1	4	47.200	  75.000	  60.000	  59.000	  63.214	  56.000	SimA2	R	4	50	1	4211
52735	1	5	91.000	  40.220	  89.000	  35.809	  93.000	  34.215	Fill1	R	2	49	1	1515
52735	1	6	76.000	  48.132	  59.000	  62.000	  55.000	  66.509	SimB2	R	3	51	3	6461
52735	1	7	75.000	  48.000	  60.000	  60.000	  81.818	  44.000	SimB1	R	6	51	1	5891
52735	1	8	41.124	  89.000	  40.124	  78.732	  42.124	  74.471	Fill5	R	3	50	1	2657
52735	1	9	77.000	  45.974	  60.000	  59.000	  86.396	  40.974	SimB1	R	3	51	3	2393
52735	1	10	48.739	  69.000	  46.739	  62.753	  50.739	  57.352	Fill4	R	5	49	2	4018
52735	1	11	46.753	  77.000	  60.000	  60.000	  65.455	  55.000	SimA2	R	3	50	1	1583
52735	1	12	78.000	  48.487	  61.000	  62.000	  57.000	  66.351	SimB2	R	3	51	3	1464
52735	1	13	75.000	  48.000	  60.000	  60.000	  57.000	  63.158	SimB2	R	3	51	3	1619
52735	1	14	74.000	  48.635	  59.000	  61.000	  78.865	  45.635	SimB1	R	3	50	1	1456
52735	1	15	76.000	  48.132	  59.000	  62.000	  82.888	  44.132	SimB1	R	3	49	2	1269
52735	1	16	46.753	  77.000	  60.000	  60.000	  41.753	  86.221	SimA1	R	4	49	3	2931
52735	1	17	75.000	  48.000	  60.000	  60.000	  57.000	  63.158	SimB2	R	2	51	2	2760
52735	1	18	57.000	  59.000	  55.000	  52.109	  58.000	  49.414	Fill3	R	5	51	1	1834
52735	1	19	77.000	  46.753	  60.000	  60.000	  57.000	  63.158	SimB2	R	6	50	2	1392
52735	1	20	76.000	  46.579	  59.000	  60.000	  85.139	  41.579	SimB1	R	1	50	2	898
52735	1	21	40.667	  90.000	  37.667	  82.726	  42.667	  73.523	Fill5	R	6	51	1	2457
52735	1	22	47.506	  77.000	  59.000	  62.000	  64.175	  57.000	SimA2	R	4	49	3	1481
52735	1	23	48.487	  78.000	  61.000	  62.000	  66.351	  57.000	SimA2	R	5	49	2	1877
52735	1	24	46.579	  76.000	  59.000	  60.000	  64.364	  55.000	SimA2	R	4	51	2	2301
52735	1	25	73.000	  47.671	  58.000	  60.000	  77.902	  44.671	SimB1	R	4	49	3	2168
52735	1	26	77.000	  46.753	  60.000	  60.000	  82.280	  43.753	SimB1	R	6	51	1	2255
52735	1	27	47.368	  76.000	  60.000	  60.000	  44.368	  81.139	SimA1	R	6	49	3	1784
52735	1	28	76.000	  47.355	  59.000	  61.000	  84.972	  42.355	SimB1	R	6	49	3	2636
52735	1	29	46.141	  78.000	  59.000	  61.000	  43.141	  83.424	SimA1	R	5	51	1	2059
52735	1	30	76.000	  47.355	  61.000	  59.000	  56.000	  64.268	SimB2	R	2	51	2	4150
52735	1	31	76.000	  47.355	  61.000	  59.000	  83.012	  43.355	SimB1	R	2	49	1	1938
52735	1	32	76.000	  46.579	  60.000	  59.000	  81.232	  43.579	SimB1	R	3	50	1	2666
52735	1	33	90.000	  37.367	  87.000	  33.598	  91.000	  32.033	Fill1	R	5	51	1	961
52735	1	34	47.506	  77.000	  59.000	  62.000	  42.506	  86.057	SimA1	R	3	49	2	1866
52735	1	35	45.789	  76.000	  58.000	  60.000	  61.053	  57.000	SimA2	R	4	51	2	2492
52735	1	36	52.286	  70.000	  51.286	  62.669	  54.286	  58.358	Fill4	R	6	51	1	2794
52735	1	37	74.000	  46.243	  59.000	  58.000	  79.134	  43.243	SimB1	R	4	51	2	2451
52735	1	38	46.141	  78.000	  59.000	  61.000	  43.141	  83.424	SimA1	R	3	49	2	1088
52735	1	39	47.368	  76.000	  60.000	  60.000	  64.286	  56.000	SimA2	R	2	49	1	1534
52735	1	40	76.000	  47.368	  60.000	  60.000	  56.000	  64.286	SimB2	R	5	49	2	1047
52735	1	41	46.877	  73.000	  59.000	  58.000	  62.218	  55.000	SimA2	R	2	50	3	1343
52735	1	42	46.579	  76.000	  60.000	  59.000	  64.364	  55.000	SimA2	R	4	49	3	1687
52735	1	43	73.000	  47.671	  58.000	  60.000	  54.000	  64.444	SimB2	R	2	50	3	2199
52735	1	44	47.705	  78.000	  61.000	  61.000	  64.155	  58.000	SimA2	R	4	49	3	977
52735	1	45	48.635	  74.000	  61.000	  59.000	  66.648	  54.000	SimA2	R	5	49	2	1120
52735	1	46	72.000	  46.708	  70.000	  41.314	  75.000	  38.493	Fill2	R	6	51	1	1351
52735	1	47	48.000	  75.000	  60.000	  60.000	  64.286	  56.000	SimA2	R	4	51	2	2001
52735	1	48	47.705	  78.000	  61.000	  61.000	  44.705	  83.234	SimA1	R	3	49	2	787
52735	1	49	46.753	  77.000	  60.000	  60.000	  43.753	  82.280	SimA1	R	5	51	1	1266
52735	1	50	77.000	  48.325	  61.000	  61.000	  56.000	  66.446	SimB2	R	2	50	3	1109
52735	1	51	75.000	  48.000	  60.000	  60.000	  80.000	  45.000	SimB1	R	5	51	1	1902
52735	1	52	77.000	  47.532	  74.000	  43.541	  79.000	  40.051	Fill2	R	6	50	2	946
52735	1	53	77.000	  45.974	  60.000	  59.000	  55.000	  64.364	SimB2	R	4	49	3	884
52735	1	54	74.000	  48.635	  59.000	  61.000	  54.000	  66.648	SimB2	R	5	49	2	872
52735	1	55	78.000	  48.487	  61.000	  62.000	  85.013	  44.487	SimB1	R	2	51	2	1366
52735	1	56	40.220	  91.000	  38.220	  82.078	  41.220	  75.546	Fill5	R	2	50	3	2496
52735	1	57	60.000	  61.000	  57.000	  56.772	  63.000	  50.381	Fill3	R	5	51	1	1383
52735	1	58	61.000	  60.000	  58.000	  55.638	  63.000	  51.000	Fill3	R	5	51	1	1181
52735	1	59	46.753	  77.000	  60.000	  60.000	  64.286	  56.000	SimA2	R	3	49	2	1659
52735	1	60	74.000	  46.243	  59.000	  58.000	  55.000	  62.218	SimB2	R	2	50	3	1030
52735	1	61	48.635	  74.000	  61.000	  59.000	  44.635	  80.632	SimA1	R	3	49	2	1029
52735	1	62	76.000	  47.355	  59.000	  61.000	  54.000	  66.648	SimB2	R	4	49	3	1076
52735	1	63	48.000	  75.000	  60.000	  60.000	  43.000	  83.721	SimA1	R	4	51	2	1260
52735	1	64	75.000	  48.800	  74.000	  44.000	  77.000	  42.221	Fill2	R	3	50	1	790
52735	1	65	46.141	  78.000	  59.000	  61.000	  62.052	  58.000	SimA2	R	4	51	2	1338
52735	1	66	76.000	  46.579	  59.000	  60.000	  54.000	  65.556	SimB2	R	5	49	2	1404
52735	1	67	50.833	  72.000	  49.833	  64.977	  52.833	  60.681	Fill4	R	1	49	1	837
52735	1	68	46.579	  76.000	  60.000	  59.000	  43.579	  81.232	SimA1	R	6	50	2	941
52735	1	69	76.000	  48.158	  75.000	  43.240	  77.000	  42.078	Fill2	R	2	49	1	968
52735	1	70	76.000	  47.368	  60.000	  60.000	  83.010	  43.368	SimB1	R	2	51	2	1066
52735	1	71	52.286	  70.000	  50.286	  62.901	  54.286	  58.487	Fill4	R	4	50	1	2123
52735	1	72	46.579	  76.000	  59.000	  60.000	  41.579	  85.139	SimA1	R	1	50	2	1225
52735	1	73	94.000	  38.936	  92.000	  34.967	  97.000	  32.990	Fill1	R	5	51	1	1907
52735	1	74	94.000	  38.936	  92.000	  35.283	  96.000	  33.698	Fill1	R	4	50	1	2165
52735	1	75	47.200	  75.000	  60.000	  59.000	  43.200	  81.944	SimA1	R	4	51	2	2086
52735	1	76	48.487	  78.000	  61.000	  62.000	  44.487	  85.013	SimA1	R	4	50	1	894
52735	1	77	77.000	  48.325	  61.000	  61.000	  85.886	  43.325	SimB1	R	5	51	1	1761
52735	1	78	61.000	  60.000	  60.000	  53.433	  62.000	  52.468	Fill3	R	4	50	1	867
52735	1	79	37.787	  89.000	  35.787	  79.387	  38.787	  72.886	Fill5	R	3	51	3	1194
52735	1	80	76.000	  46.579	  60.000	  59.000	  55.000	  64.364	SimB2	R	2	50	3	3333
52735	2	1	95.000	  39.811	  93.000	  36.344	  98.000	  33.765	Fill1	R	5	49	2	2074
52735	2	2	47.987	  75.000	  61.000	  59.000	  44.987	  80.001	SimA1	R	3	50	1	1906
52735	2	3	93.000	  39.355	  90.000	  35.533	  96.000	  33.750	Fill1	R	3	50	1	5176
52735	2	4	73.000	  47.630	  57.000	  61.000	  52.000	  66.865	SimB2	R	2	50	3	1573
52735	2	5	46.753	  77.000	  60.000	  60.000	  65.455	  55.000	SimA2	R	1	50	2	2736
52735	2	6	62.000	  61.000	  60.000	  56.000	  65.000	  51.600	Fill3	R	2	49	1	866
52735	2	7	75.000	  48.800	  60.000	  61.000	  57.000	  64.211	SimB2	R	2	50	3	1111
52735	2	8	77.000	  46.753	  60.000	  60.000	  82.280	  43.753	SimB1	R	4	51	2	965
52735	2	9	47.532	  77.000	  60.000	  61.000	  44.532	  82.187	SimA1	R	3	49	2	1111
52735	2	10	46.753	  77.000	  60.000	  60.000	  42.753	  84.204	SimA1	R	4	50	1	1040
52735	2	11	53.268	  71.000	  52.268	  63.577	  54.268	  60.773	Fill4	R	4	49	3	3503
52735	2	12	77.000	  46.753	  60.000	  60.000	  82.280	  43.753	SimB1	R	1	50	2	605
52735	2	13	46.753	  77.000	  60.000	  60.000	  63.158	  57.000	SimA2	R	5	49	2	926
52735	2	14	77.000	  46.753	  60.000	  60.000	  82.280	  43.753	SimB1	R	4	50	1	4475
52735	2	15	76.000	  45.789	  60.000	  58.000	  57.000	  61.053	SimB2	R	1	51	3	2195
52735	2	16	46.579	  76.000	  59.000	  60.000	  64.364	  55.000	SimA2	R	5	49	2	2838
52735	2	17	47.838	  74.000	  60.000	  59.000	  44.838	  78.951	SimA1	R	2	49	1	3432
52735	2	18	75.000	  48.800	  60.000	  61.000	  83.562	  43.800	SimB1	R	2	49	1	1793
52735	2	19	76.000	  47.355	  59.000	  61.000	  84.972	  42.355	SimB1	R	1	49	1	3731
52735	2	20	77.000	  47.532	  60.000	  61.000	  86.052	  42.532	SimB1	R	2	49	1	1566
52735	2	21	76.000	  45.026	  59.000	  58.000	  54.000	  63.370	SimB2	R	2	51	2	1609
52735	2	22	77.000	  47.532	  60.000	  61.000	  56.000	  65.357	SimB2	R	4	49	3	1430
52735	2	23	75.000	  47.987	  72.000	  43.819	  77.000	  41.545	Fill2	R	1	49	1	1254
52735	2	24	46.400	  75.000	  60.000	  58.000	  43.400	  80.184	SimA1	R	5	49	2	1713
52735	2	25	77.000	  46.753	  60.000	  60.000	  55.000	  65.455	SimB2	R	3	49	2	914
52735	2	26	48.158	  76.000	  61.000	  60.000	  45.158	  81.049	SimA1	R	1	49	1	1978
52735	2	27	77.000	  49.117	  74.000	  44.689	  78.000	  43.051	Fill2	R	3	50	1	1140
52735	2	28	72.000	  46.722	  70.000	  41.629	  75.000	  39.400	Fill2	R	3	50	1	1080
52735	2	29	44.577	  78.000	  57.000	  61.000	  41.577	  83.628	SimA1	R	6	49	3	1946
52735	2	30	76.000	  46.579	  59.000	  60.000	  85.139	  41.579	SimB1	R	2	49	1	1926
52735	2	31	47.838	  74.000	  60.000	  59.000	  64.364	  55.000	SimA2	R	5	49	2	1719
52735	2	32	39.989	  90.000	  36.989	  82.998	  40.989	  75.264	Fill5	R	3	50	1	852
52735	2	33	74.000	  46.243	  58.000	  59.000	  79.134	  43.243	SimB1	R	3	50	1	1379
52735	2	34	46.579	  76.000	  59.000	  60.000	  42.579	  83.140	SimA1	R	2	49	1	1256
52735	2	35	76.000	  48.961	  61.000	  61.000	  56.000	  66.446	SimB2	R	1	51	3	1583
52735	2	36	39.783	  92.000	  37.783	  83.133	  41.783	  74.481	Fill5	R	2	49	1	994
52735	2	37	76.000	  45.026	  59.000	  58.000	  81.425	  42.026	SimB1	R	2	50	3	1691
52735	2	38	46.923	  78.000	  60.000	  61.000	  65.357	  56.000	SimA2	R	4	50	1	1294
52735	2	39	48.000	  75.000	  60.000	  60.000	  64.286	  56.000	SimA2	R	3	51	3	2488
52735	2	40	77.000	  45.974	  60.000	  59.000	  86.396	  40.974	SimB1	R	5	49	2	1236
52735	2	41	59.000	  61.000	  58.000	  53.776	  62.000	  50.081	Fill3	R	1	49	1	1314
52735	2	42	46.877	  73.000	  59.000	  58.000	  64.566	  53.000	SimA2	R	5	49	2	3144
52735	2	43	77.000	  47.532	  61.000	  60.000	  86.052	  42.532	SimB1	R	3	49	2	15381
52735	2	44	46.141	  78.000	  59.000	  61.000	  64.268	  56.000	SimA2	R	4	50	1	1209
52735	2	45	77.000	  47.532	  61.000	  60.000	  57.000	  64.211	SimB2	R	3	49	2	2672
52735	2	46	78.000	  46.141	  61.000	  59.000	  57.000	  63.140	SimB2	R	6	49	3	956
52735	2	47	60.000	  61.000	  59.000	  53.898	  63.000	  50.444	Fill3	R	1	49	1	2093
52735	2	48	76.000	  46.579	  59.000	  60.000	  56.000	  63.214	SimB2	R	4	51	2	1364
52735	2	49	41.560	  91.000	  39.560	  81.698	  42.560	  77.067	Fill5	R	6	51	1	1866
52735	2	50	38.667	  87.000	  36.667	  77.455	  40.667	  69.443	Fill5	R	3	51	3	3431
52735	2	51	76.000	  45.789	  60.000	  58.000	  81.328	  42.789	SimB1	R	2	51	2	1082
52735	2	52	46.753	  77.000	  60.000	  60.000	  42.753	  84.204	SimA1	R	5	49	2	1374
52735	2	53	47.705	  78.000	  61.000	  61.000	  43.705	  85.139	SimA1	R	2	49	1	3736
52735	2	54	76.000	  48.158	  74.000	  43.716	  78.000	  41.282	Fill2	R	4	50	1	959
52735	2	55	50.833	  72.000	  48.833	  65.877	  52.833	  60.379	Fill4	R	4	50	1	6660
52735	2	56	48.158	  76.000	  61.000	  60.000	  65.357	  56.000	SimA2	R	1	49	1	922
52735	2	57	47.987	  75.000	  61.000	  59.000	  66.648	  54.000	SimA2	R	2	49	1	1045
52735	2	58	46.400	  75.000	  60.000	  58.000	  65.660	  53.000	SimA2	R	4	51	2	3336
52735	2	59	46.923	  78.000	  60.000	  61.000	  43.923	  83.327	SimA1	R	5	51	1	5438
52735	2	60	76.000	  48.961	  61.000	  61.000	  82.761	  44.961	SimB1	R	4	50	1	5249
52735	2	61	91.000	  36.967	  89.000	  33.000	  94.000	  30.904	Fill1	R	1	49	1	1343
52735	2	62	77.000	  45.974	  60.000	  59.000	  57.000	  62.105	SimB2	R	2	51	2	2752
52735	2	63	73.000	  47.630	  57.000	  61.000	  81.562	  42.630	SimB1	R	5	49	2	930
52735	2	64	77.000	  46.753	  60.000	  60.000	  55.000	  65.455	SimB2	R	5	50	3	1187
52735	2	65	74.000	  46.243	  58.000	  59.000	  54.000	  63.370	SimB2	R	2	50	3	1345
52735	2	66	47.532	  77.000	  60.000	  61.000	  63.103	  58.000	SimA2	R	1	50	2	3393
52735	2	67	91.000	  39.549	  90.000	  35.178	  94.000	  33.032	Fill1	R	5	51	1	1732
52735	2	68	48.000	  75.000	  60.000	  60.000	  43.000	  83.721	SimA1	R	2	49	1	2261
52735	2	69	45.627	  75.000	  58.000	  59.000	  61.107	  56.000	SimA2	R	2	49	1	3407
52735	2	70	58.000	  58.000	  56.000	  51.339	  59.000	  48.915	Fill3	R	2	49	1	1996
52735	2	71	47.705	  78.000	  61.000	  61.000	  65.281	  57.000	SimA2	R	3	51	3	1723
52735	2	72	45.627	  75.000	  58.000	  59.000	  41.627	  82.207	SimA1	R	3	49	2	1462
52735	2	73	76.000	  47.355	  59.000	  61.000	  55.000	  65.436	SimB2	R	2	50	3	5499
52735	2	74	49.301	  73.000	  46.301	  67.860	  50.301	  62.941	Fill4	R	5	51	1	861
52735	2	75	77.000	  46.753	  60.000	  60.000	  57.000	  63.158	SimB2	R	2	50	3	1787
52735	2	76	44.577	  78.000	  57.000	  61.000	  61.000	  57.000	SimA2	R	4	50	1	1712
52735	2	77	48.754	  69.000	  46.754	  62.840	  49.754	  57.865	Fill4	R	1	49	1	888
52735	2	78	78.000	  46.141	  61.000	  59.000	  85.404	  42.141	SimB1	R	3	49	2	928
52735	2	79	46.141	  78.000	  59.000	  61.000	  42.141	  85.404	SimA1	R	5	51	1	1857
52735	2	80	46.877	  73.000	  59.000	  58.000	  43.877	  77.991	SimA1	R	2	51	2	1286
52735	3	1	77.000	  49.117	  62.000	  61.000	  82.009	  46.117	SimB1	R	4	51	2	2833
52735	3	2	77.000	  49.922	  62.000	  62.000	  57.000	  67.439	SimB2	R	5	50	3	1270
52735	3	3	48.886	  70.000	  47.886	  61.918	  50.886	  58.012	Fill4	R	4	50	1	937
52735	3	4	77.000	  46.753	  60.000	  60.000	  56.000	  64.286	SimB2	R	3	51	3	2207
52735	3	5	76.000	  48.961	  61.000	  61.000	  56.000	  66.446	SimB2	R	2	50	3	1539
52735	3	6	47.532	  77.000	  61.000	  60.000	  44.532	  82.187	SimA1	R	4	50	1	2849
52735	3	7	76.000	  48.961	  61.000	  61.000	  80.961	  45.961	SimB1	R	5	50	3	3017
52735	3	8	48.961	  76.000	  61.000	  61.000	  45.961	  80.961	SimA1	R	2	50	3	1578
52735	3	9	77.000	  47.532	  61.000	  60.000	  57.000	  64.211	SimB2	R	5	50	3	982
52735	3	10	61.000	  60.000	  59.000	  55.220	  64.000	  50.891	Fill3	R	4	50	1	1096
52735	3	11	46.579	  76.000	  60.000	  59.000	  42.579	  83.140	SimA1	R	3	50	1	2390
52735	3	12	76.000	  48.947	  60.000	  62.000	  80.962	  45.947	SimB1	R	2	51	2	1802
52735	3	13	77.000	  49.117	  62.000	  61.000	  57.000	  66.351	SimB2	R	2	51	2	2504
52735	3	14	47.532	  77.000	  61.000	  60.000	  66.545	  55.000	SimA2	R	2	51	2	1296
52735	3	15	93.000	  40.645	  90.000	  36.544	  96.000	  34.938	Fill1	R	2	49	1	1428
52735	3	16	51.681	  72.000	  50.681	  64.502	  52.681	  61.788	Fill4	R	4	50	1	1088
52735	3	17	77.000	  47.532	  61.000	  60.000	  82.187	  44.532	SimB1	R	5	49	2	14067
52735	3	18	76.000	  46.579	  60.000	  59.000	  83.140	  42.579	SimB1	R	3	49	2	1160
52735	3	19	77.000	  45.948	  61.000	  58.000	  57.000	  62.070	SimB2	R	3	49	2	1535
52735	3	20	89.000	  38.449	  86.000	  34.907	  92.000	  31.848	Fill1	R	5	51	1	1754
52735	3	21	40.213	  94.000	  39.213	  83.621	  41.213	  78.398	Fill5	R	3	50	1	1413
52735	3	22	75.000	  49.600	  60.000	  62.000	  81.579	  45.600	SimB1	R	5	51	1	1522
52735	3	23	76.000	  48.947	  60.000	  62.000	  57.000	  65.263	SimB2	R	4	51	2	1880
52735	3	24	75.000	  49.600	  60.000	  62.000	  55.000	  67.636	SimB2	R	3	49	2	1432
52735	3	25	76.000	  48.961	  61.000	  61.000	  57.000	  65.281	SimB2	R	3	51	3	3967
52735	3	26	41.344	  90.000	  38.344	  83.976	  42.344	  74.909	Fill5	R	5	51	1	1449
52735	3	27	48.312	  77.000	  62.000	  60.000	  66.429	  56.000	SimA2	R	6	51	1	2129
52735	3	28	77.000	  45.948	  61.000	  58.000	  86.402	  40.948	SimB1	R	5	51	1	1501
52735	3	29	75.000	  47.200	  59.000	  60.000	  56.000	  63.214	SimB2	R	4	51	2	1914
52735	3	30	58.000	  59.000	  57.000	  52.614	  61.000	  48.180	Fill3	R	2	51	2	2135
52735	3	31	48.961	  76.000	  61.000	  61.000	  44.961	  82.761	SimA1	R	5	50	3	2530
52735	3	32	77.000	  49.922	  62.000	  62.000	  83.707	  45.922	SimB1	R	2	51	2	1322
52735	3	33	74.000	  48.635	  59.000	  61.000	  55.000	  65.436	SimB2	R	1	51	3	1185
52735	3	34	41.124	  89.000	  40.124	  78.707	  43.124	  72.489	Fill5	R	4	50	1	2363
52735	3	35	77.000	  46.753	  60.000	  60.000	  82.280	  43.753	SimB1	R	3	49	2	1509
52735	3	36	76.000	  48.961	  61.000	  61.000	  58.000	  64.155	SimB2	R	2	51	2	1562
52735	3	37	48.000	  75.000	  60.000	  60.000	  44.000	  81.818	SimA1	R	6	50	2	2034
52735	3	38	49.282	  78.000	  62.000	  62.000	  45.282	  84.890	SimA1	R	2	51	2	2380
52735	3	39	46.579	  76.000	  60.000	  59.000	  63.214	  56.000	SimA2	R	4	49	3	1788
52735	3	40	51.081	  74.000	  48.081	  68.925	  52.081	  63.862	Fill4	R	5	51	1	1479
52735	3	41	92.000	  40.446	  90.000	  36.011	  93.000	  35.634	Fill1	R	6	51	1	1297
52735	3	42	38.449	  89.000	  36.449	  79.562	  40.449	  71.892	Fill5	R	2	49	1	1894
52735	3	43	77.000	  48.312	  62.000	  60.000	  85.889	  43.312	SimB1	R	3	50	1	2595
52735	3	44	47.173	  75.000	  61.000	  58.000	  44.173	  80.094	SimA1	R	3	50	1	1397
52735	3	45	74.000	  48.635	  59.000	  61.000	  82.479	  43.635	SimB1	R	3	49	2	1112
52735	3	46	45.974	  77.000	  59.000	  60.000	  64.364	  55.000	SimA2	R	4	50	1	1643
52735	3	47	48.961	  76.000	  61.000	  61.000	  65.281	  57.000	SimA2	R	5	49	2	1841
52735	3	48	51.549	  71.000	  50.549	  62.810	  53.549	  59.795	Fill4	R	4	50	1	2430
52735	3	49	60.000	  63.000	  57.000	  59.175	  63.000	  52.492	Fill3	R	1	50	2	2700
52735	3	50	75.000	  47.200	  59.000	  60.000	  83.886	  42.200	SimB1	R	4	49	3	868
52735	3	51	49.282	  78.000	  62.000	  62.000	  67.439	  57.000	SimA2	R	5	49	2	1548
52735	3	52	78.000	  46.923	  61.000	  60.000	  85.269	  42.923	SimB1	R	4	51	2	906
52735	3	53	74.000	  51.081	  73.000	  46.137	  76.000	  44.289	Fill2	R	1	49	1	772
52735	3	54	48.312	  77.000	  60.000	  62.000	  65.263	  57.000	SimA2	R	1	49	1	640
52735	3	55	45.974	  77.000	  59.000	  60.000	  42.974	  82.375	SimA1	R	3	49	2	1399
52735	3	56	48.312	  77.000	  62.000	  60.000	  44.312	  83.951	SimA1	R	4	50	1	1399
52735	3	57	47.692	  78.000	  60.000	  62.000	  65.263	  57.000	SimA2	R	4	51	2	926
52735	3	58	76.000	  48.961	  61.000	  61.000	  84.644	  43.961	SimB1	R	3	49	2	1102
52735	3	59	47.532	  77.000	  61.000	  60.000	  64.211	  57.000	SimA2	R	3	51	3	1471
52735	3	60	77.000	  48.312	  62.000	  60.000	  59.000	  63.051	SimB2	R	4	50	1	811
52735	3	61	48.961	  76.000	  61.000	  61.000	  65.281	  57.000	SimA2	R	2	50	3	987
52735	3	62	76.000	  46.579	  60.000	  59.000	  55.000	  64.364	SimB2	R	1	49	1	928
52735	3	63	48.961	  76.000	  61.000	  61.000	  64.155	  58.000	SimA2	R	3	50	1	23662
52735	3	64	47.173	  75.000	  61.000	  58.000	  66.755	  53.000	SimA2	R	4	49	3	1119
52735	3	65	77.000	  47.532	  75.000	  42.800	  80.000	  40.025	Fill2	R	2	49	1	1313
52735	3	66	72.000	  47.528	  69.000	  43.580	  73.000	  40.315	Fill2	R	3	50	1	793
52735	3	67	48.487	  78.000	  62.000	  61.000	  65.207	  58.000	SimA2	R	3	50	1	1376
52735	3	68	61.000	  61.000	  58.000	  57.086	  64.000	  50.797	Fill3	R	2	49	1	1120
52735	3	69	47.532	  77.000	  61.000	  60.000	  43.532	  84.075	SimA1	R	1	50	2	1546
52735	3	70	78.000	  46.923	  61.000	  60.000	  57.000	  64.211	SimB2	R	4	50	1	2099
52735	3	71	47.692	  78.000	  60.000	  62.000	  43.692	  85.141	SimA1	R	1	50	2	833
52735	3	72	48.000	  75.000	  60.000	  60.000	  63.158	  57.000	SimA2	R	4	51	2	924
52735	3	73	48.487	  78.000	  62.000	  61.000	  44.487	  85.013	SimA1	R	6	51	1	1417
52735	3	74	76.000	  48.961	  61.000	  61.000	  82.761	  44.961	SimB1	R	4	50	1	914
52735	3	75	75.000	  49.613	  74.000	  43.811	  76.000	  43.382	Fill2	R	5	51	1	658
52735	3	76	46.740	  77.000	  59.000	  61.000	  42.740	  84.206	SimA1	R	2	51	2	809
52735	3	77	46.740	  77.000	  59.000	  61.000	  63.140	  57.000	SimA2	R	3	49	2	508
52735	3	78	48.312	  77.000	  60.000	  62.000	  43.312	  85.889	SimA1	R	3	50	1	778
52735	3	79	92.000	  39.783	  89.000	  36.494	  93.000	  34.914	Fill1	R	1	50	2	986
52735	3	80	48.961	  76.000	  61.000	  61.000	  44.961	  82.761	SimA1	R	4	50	1	1572
52735	4	1	40.220	  91.000	  38.220	  82.078	  41.220	  75.546	Fill5	R	1	50	2	5190
52735	4	2	94.000	  38.936	  92.000	  34.967	  97.000	  32.990	Fill1	R	2	49	1	892
52735	4	3	46.141	  78.000	  59.000	  61.000	  43.141	  83.424	SimA1	R	3	50	1	912
52735	4	4	47.705	  78.000	  61.000	  61.000	  64.155	  58.000	SimA2	R	1	49	1	821
52735	4	5	47.705	  78.000	  61.000	  61.000	  44.705	  83.234	SimA1	R	2	51	2	780
52735	4	6	46.579	  76.000	  60.000	  59.000	  64.364	  55.000	SimA2	R	4	51	2	1246
52735	4	7	48.635	  74.000	  61.000	  59.000	  44.635	  80.632	SimA1	R	1	50	2	1047
52735	4	8	45.789	  76.000	  58.000	  60.000	  40.789	  85.316	SimA1	R	2	51	2	833
52735	4	9	46.579	  76.000	  60.000	  59.000	  43.579	  81.232	SimA1	R	6	49	3	949
52735	4	10	78.000	  48.487	  61.000	  62.000	  85.013	  44.487	SimB1	R	5	49	2	864
52735	4	11	76.000	  47.355	  59.000	  61.000	  84.972	  42.355	SimB1	R	5	49	2	977
52735	4	12	40.667	  90.000	  37.667	  82.726	  42.667	  73.523	Fill5	R	5	51	1	747
52735	4	13	61.000	  60.000	  60.000	  53.433	  62.000	  52.468	Fill3	R	3	49	2	824
52735	4	14	76.000	  48.132	  59.000	  62.000	  55.000	  66.509	SimB2	R	3	51	3	808
52735	4	15	47.368	  76.000	  60.000	  60.000	  64.286	  56.000	SimA2	R	1	49	1	684
52735	4	16	76.000	  48.132	  59.000	  62.000	  82.888	  44.132	SimB1	R	3	49	2	765
52735	4	17	72.000	  46.708	  70.000	  41.314	  75.000	  38.493	Fill2	R	5	51	1	1023
52735	4	18	74.000	  46.243	  59.000	  58.000	  55.000	  62.218	SimB2	R	1	51	3	770
52735	4	19	75.000	  48.000	  60.000	  60.000	  80.000	  45.000	SimB1	R	3	51	3	1606
52735	4	20	75.000	  48.000	  60.000	  60.000	  57.000	  63.158	SimB2	R	3	49	2	383
52735	4	21	73.000	  47.671	  58.000	  60.000	  77.902	  44.671	SimB1	R	3	50	1	386
52735	4	22	76.000	  46.579	  59.000	  60.000	  85.139	  41.579	SimB1	R	6	50	2	773
52735	4	23	76.000	  46.579	  59.000	  60.000	  54.000	  65.556	SimB2	R	2	51	2	778
52735	4	24	48.000	  75.000	  60.000	  60.000	  64.286	  56.000	SimA2	R	3	49	2	988
52735	4	25	48.000	  75.000	  60.000	  60.000	  43.000	  83.721	SimA1	R	6	49	3	1263
52735	4	26	61.000	  60.000	  58.000	  55.638	  63.000	  51.000	Fill3	R	5	50	3	825
52735	4	27	41.124	  89.000	  40.124	  78.732	  42.124	  74.471	Fill5	R	2	49	1	763
52735	4	28	60.000	  61.000	  57.000	  56.772	  63.000	  50.381	Fill3	R	4	51	2	831
52735	4	29	46.141	  78.000	  59.000	  61.000	  62.052	  58.000	SimA2	R	6	51	1	1091
52735	4	30	48.487	  78.000	  61.000	  62.000	  44.487	  85.013	SimA1	R	2	51	2	1525
52735	4	31	47.368	  76.000	  60.000	  60.000	  44.368	  81.139	SimA1	R	5	49	2	917
52735	4	32	77.000	  45.974	  60.000	  59.000	  86.396	  40.974	SimB1	R	3	49	2	593
52735	4	33	74.000	  48.635	  59.000	  61.000	  78.865	  45.635	SimB1	R	3	49	2	650
52735	4	34	75.000	  48.000	  60.000	  60.000	  81.818	  44.000	SimB1	R	5	49	2	824
52735	4	35	75.000	  48.000	  60.000	  60.000	  57.000	  63.158	SimB2	R	5	49	2	777
52735	4	36	78.000	  48.487	  61.000	  62.000	  57.000	  66.351	SimB2	R	5	50	3	563
52735	4	37	48.739	  69.000	  46.739	  62.753	  50.739	  57.352	Fill4	R	6	51	1	1489
52735	4	38	77.000	  45.974	  60.000	  59.000	  55.000	  64.364	SimB2	R	5	50	3	813
52735	4	39	73.000	  47.671	  58.000	  60.000	  54.000	  64.444	SimB2	R	4	49	3	1167
52735	4	40	76.000	  47.368	  60.000	  60.000	  56.000	  64.286	SimB2	R	3	51	3	820
52735	4	41	46.141	  78.000	  59.000	  61.000	  63.140	  57.000	SimA2	R	3	49	2	1089
52735	4	42	76.000	  47.355	  59.000	  61.000	  54.000	  66.648	SimB2	R	4	49	3	1248
52735	4	43	47.506	  77.000	  59.000	  62.000	  64.175	  57.000	SimA2	R	3	49	2	1147
52735	4	44	77.000	  48.325	  61.000	  61.000	  56.000	  66.446	SimB2	R	3	49	2	816
52735	4	45	47.506	  77.000	  59.000	  62.000	  42.506	  86.057	SimA1	R	5	49	2	778
52735	4	46	76.000	  47.355	  61.000	  59.000	  83.012	  43.355	SimB1	R	3	49	2	759
52735	4	47	46.753	  77.000	  60.000	  60.000	  65.455	  55.000	SimA2	R	5	49	2	839
52735	4	48	52.286	  70.000	  50.286	  62.901	  54.286	  58.487	Fill4	R	6	51	1	1364
52735	4	49	47.200	  75.000	  60.000	  59.000	  43.200	  81.944	SimA1	R	5	49	2	1282
52735	4	50	46.753	  77.000	  60.000	  60.000	  43.753	  82.280	SimA1	R	4	51	2	1846
52735	4	51	46.579	  76.000	  59.000	  60.000	  41.579	  85.139	SimA1	R	2	51	2	810
52735	4	52	94.000	  38.936	  92.000	  35.283	  96.000	  33.698	Fill1	R	5	51	1	2062
52735	4	53	46.753	  77.000	  60.000	  60.000	  41.753	  86.221	SimA1	R	3	50	1	2426
52735	4	54	48.635	  74.000	  61.000	  59.000	  66.648	  54.000	SimA2	R	3	50	1	1650
52735	4	55	77.000	  46.753	  60.000	  60.000	  57.000	  63.158	SimB2	R	3	51	3	2088
52735	4	56	52.286	  70.000	  51.286	  62.669	  54.286	  58.358	Fill4	R	1	49	1	790
52735	4	57	76.000	  46.579	  60.000	  59.000	  81.232	  43.579	SimB1	R	3	51	3	2765
52735	4	58	50.833	  72.000	  49.833	  64.977	  52.833	  60.681	Fill4	R	5	51	1	2025
52735	4	59	90.000	  37.367	  87.000	  33.598	  91.000	  32.033	Fill1	R	4	50	1	2052
52735	4	60	76.000	  47.355	  61.000	  59.000	  56.000	  64.268	SimB2	R	4	49	3	1136
52735	4	61	37.787	  89.000	  35.787	  79.387	  38.787	  72.886	Fill5	R	6	51	1	1079
52735	4	62	77.000	  46.753	  60.000	  60.000	  82.280	  43.753	SimB1	R	2	49	1	1370
52735	4	63	46.141	  78.000	  59.000	  61.000	  43.141	  83.424	SimA1	R	6	49	3	1543
52735	4	64	45.789	  76.000	  58.000	  60.000	  61.053	  57.000	SimA2	R	5	51	1	1203
52735	4	65	74.000	  46.243	  59.000	  58.000	  79.134	  43.243	SimB1	R	4	50	1	4374
52735	4	66	76.000	  46.579	  60.000	  59.000	  55.000	  64.364	SimB2	R	5	50	3	2603
52735	4	67	75.000	  48.800	  74.000	  44.000	  77.000	  42.221	Fill2	R	1	49	1	1009
52735	4	68	76.000	  47.368	  60.000	  60.000	  83.010	  43.368	SimB1	R	6	49	3	1133
52735	4	69	47.200	  75.000	  60.000	  59.000	  63.214	  56.000	SimA2	R	5	50	3	910
52735	4	70	57.000	  59.000	  55.000	  52.109	  58.000	  49.414	Fill3	R	2	49	1	3003
52735	4	71	48.487	  78.000	  61.000	  62.000	  66.351	  57.000	SimA2	R	4	49	3	1092
52735	4	72	46.753	  77.000	  60.000	  60.000	  64.286	  56.000	SimA2	R	4	49	3	1505
52735	4	73	46.877	  73.000	  59.000	  58.000	  62.218	  55.000	SimA2	R	2	49	1	995
52735	4	74	46.877	  73.000	  59.000	  58.000	  42.877	  79.810	SimA1	R	5	50	3	1328
52735	4	75	77.000	  47.532	  74.000	  43.541	  79.000	  40.051	Fill2	R	6	50	2	1478
52735	4	76	46.579	  76.000	  59.000	  60.000	  64.364	  55.000	SimA2	R	4	50	1	1052
52735	4	77	77.000	  48.325	  61.000	  61.000	  85.886	  43.325	SimB1	R	3	49	2	27004
52735	4	78	74.000	  48.635	  59.000	  61.000	  54.000	  66.648	SimB2	R	1	50	2	787
52735	4	79	91.000	  40.220	  89.000	  35.809	  93.000	  34.215	Fill1	R	1	49	1	694
52735	4	80	76.000	  48.158	  75.000	  43.240	  77.000	  42.078	Fill2	R	3	50	1	1347
52735	5	1	77.000	  47.532	  60.000	  61.000	  86.052	  42.532	SimB1	R	1	50	2	987
52735	5	2	76.000	  45.789	  60.000	  58.000	  57.000	  61.053	SimB2	R	4	49	3	660
52735	5	3	48.000	  75.000	  60.000	  60.000	  64.286	  56.000	SimA2	R	3	49	2	672
52735	5	4	47.532	  77.000	  60.000	  61.000	  44.532	  82.187	SimA1	R	5	49	2	857
52735	5	5	60.000	  61.000	  59.000	  53.898	  63.000	  50.444	Fill3	R	5	49	2	985
52735	5	6	76.000	  48.961	  61.000	  61.000	  56.000	  66.446	SimB2	R	6	50	2	1461
52735	5	7	77.000	  45.974	  60.000	  59.000	  86.396	  40.974	SimB1	R	3	49	2	443
52735	5	8	77.000	  46.753	  60.000	  60.000	  55.000	  65.455	SimB2	R	5	49	2	1965
52735	5	9	47.838	  74.000	  60.000	  59.000	  64.364	  55.000	SimA2	R	4	49	3	2750
52735	5	10	93.000	  39.355	  90.000	  35.533	  96.000	  33.750	Fill1	R	1	49	1	689
52735	5	11	72.000	  46.722	  70.000	  41.629	  75.000	  39.400	Fill2	R	2	49	1	601
52735	5	12	77.000	  46.753	  60.000	  60.000	  82.280	  43.753	SimB1	R	3	49	2	548
52735	5	13	75.000	  48.800	  60.000	  61.000	  57.000	  64.211	SimB2	R	2	49	1	862
52735	5	14	46.141	  78.000	  59.000	  61.000	  64.268	  56.000	SimA2	R	4	50	1	818
52735	5	15	58.000	  58.000	  56.000	  51.339	  59.000	  48.915	Fill3	R	5	51	1	638
52735	5	16	46.753	  77.000	  60.000	  60.000	  42.753	  84.204	SimA1	R	3	50	1	761
52735	5	17	77.000	  47.532	  61.000	  60.000	  86.052	  42.532	SimB1	R	1	51	3	1204
52735	5	18	46.923	  78.000	  60.000	  61.000	  43.923	  83.327	SimA1	R	2	50	3	1532
52735	5	19	76.000	  47.355	  59.000	  61.000	  55.000	  65.436	SimB2	R	2	49	1	859
52735	5	20	77.000	  46.753	  60.000	  60.000	  82.280	  43.753	SimB1	R	5	51	1	1229
52735	5	21	95.000	  39.811	  93.000	  36.344	  98.000	  33.765	Fill1	R	2	49	1	1808
52735	5	22	75.000	  47.987	  72.000	  43.819	  77.000	  41.545	Fill2	R	3	50	1	1537
52735	5	23	75.000	  48.800	  60.000	  61.000	  83.562	  43.800	SimB1	R	2	50	3	1238
52735	5	24	73.000	  47.630	  57.000	  61.000	  52.000	  66.865	SimB2	R	4	50	1	643
52735	5	25	77.000	  46.753	  60.000	  60.000	  55.000	  65.455	SimB2	R	5	50	3	1635
52735	5	26	73.000	  47.630	  57.000	  61.000	  81.562	  42.630	SimB1	R	3	49	2	767
52735	5	27	53.268	  71.000	  52.268	  63.577	  54.268	  60.773	Fill4	R	5	51	1	1477
52735	5	28	46.753	  77.000	  60.000	  60.000	  42.753	  84.204	SimA1	R	1	51	3	1925
52735	5	29	46.400	  75.000	  60.000	  58.000	  65.660	  53.000	SimA2	R	3	50	1	1315
52735	5	30	91.000	  36.967	  89.000	  33.000	  94.000	  30.904	Fill1	R	3	50	1	1015
52735	5	31	44.577	  78.000	  57.000	  61.000	  41.577	  83.628	SimA1	R	1	51	3	1248
52735	5	32	59.000	  61.000	  58.000	  53.776	  62.000	  50.081	Fill3	R	3	50	1	1256
52735	5	33	74.000	  46.243	  58.000	  59.000	  79.134	  43.243	SimB1	R	4	50	1	1572
52735	5	34	46.753	  77.000	  60.000	  60.000	  65.455	  55.000	SimA2	R	3	50	1	1304
52735	5	35	76.000	  46.579	  59.000	  60.000	  56.000	  63.214	SimB2	R	3	49	2	837
52735	5	36	76.000	  48.961	  61.000	  61.000	  82.761	  44.961	SimB1	R	1	49	1	861
52735	5	37	47.987	  75.000	  61.000	  59.000	  66.648	  54.000	SimA2	R	2	50	3	1703
52735	5	38	47.532	  77.000	  60.000	  61.000	  63.103	  58.000	SimA2	R	4	50	1	4395
52735	5	39	46.400	  75.000	  60.000	  58.000	  43.400	  80.184	SimA1	R	4	50	1	4512
52735	5	40	77.000	  49.117	  74.000	  44.689	  78.000	  43.051	Fill2	R	3	50	1	660
52735	5	41	46.141	  78.000	  59.000	  61.000	  42.141	  85.404	SimA1	R	4	50	1	574
52735	5	42	46.579	  76.000	  59.000	  60.000	  42.579	  83.140	SimA1	R	3	49	2	820
52735	5	43	46.923	  78.000	  60.000	  61.000	  65.357	  56.000	SimA2	R	5	49	2	607
52735	5	44	47.705	  78.000	  61.000	  61.000	  43.705	  85.139	SimA1	R	3	49	2	675
52735	5	45	48.158	  76.000	  61.000	  60.000	  45.158	  81.049	SimA1	R	4	51	2	879
52735	5	46	77.000	  47.532	  61.000	  60.000	  57.000	  64.211	SimB2	R	4	51	2	2539
52735	5	47	76.000	  45.026	  59.000	  58.000	  54.000	  63.370	SimB2	R	5	49	2	988
52735	5	48	44.577	  78.000	  57.000	  61.000	  61.000	  57.000	SimA2	R	4	49	3	672
52735	5	49	48.754	  69.000	  46.754	  62.840	  49.754	  57.865	Fill4	R	2	49	1	509
52735	5	50	48.158	  76.000	  61.000	  60.000	  65.357	  56.000	SimA2	R	5	49	2	1177
52735	5	51	62.000	  61.000	  60.000	  56.000	  65.000	  51.600	Fill3	R	2	49	1	1016
52735	5	52	46.877	  73.000	  59.000	  58.000	  43.877	  77.991	SimA1	R	5	51	1	1134
52735	5	53	78.000	  46.141	  61.000	  59.000	  85.404	  42.141	SimB1	R	5	49	2	758
52735	5	54	49.301	  73.000	  46.301	  67.860	  50.301	  62.941	Fill4	R	4	50	1	1224
52735	5	55	48.000	  75.000	  60.000	  60.000	  43.000	  83.721	SimA1	R	3	50	1	1125
52735	5	56	38.667	  87.000	  36.667	  77.455	  40.667	  69.443	Fill5	R	2	49	1	1125
52735	5	57	74.000	  46.243	  58.000	  59.000	  54.000	  63.370	SimB2	R	3	49	2	885
52735	5	58	77.000	  46.753	  60.000	  60.000	  82.280	  43.753	SimB1	R	6	49	3	1195
52735	5	59	76.000	  48.158	  74.000	  43.716	  78.000	  41.282	Fill2	R	6	51	1	1116
52735	5	60	46.753	  77.000	  60.000	  60.000	  63.158	  57.000	SimA2	R	2	49	1	1176
52735	5	61	46.877	  73.000	  59.000	  58.000	  64.566	  53.000	SimA2	R	4	49	3	1520
52735	5	62	76.000	  47.355	  59.000	  61.000	  84.972	  42.355	SimB1	R	2	49	1	1212
52735	5	63	45.627	  75.000	  58.000	  59.000	  61.107	  56.000	SimA2	R	6	51	1	1239
52735	5	64	77.000	  46.753	  60.000	  60.000	  57.000	  63.158	SimB2	R	2	49	1	1802
52735	5	65	46.579	  76.000	  59.000	  60.000	  64.364	  55.000	SimA2	R	2	49	1	718
52735	5	66	50.833	  72.000	  48.833	  65.877	  52.833	  60.379	Fill4	R	4	51	2	1349
52735	5	67	41.560	  91.000	  39.560	  81.698	  42.560	  77.067	Fill5	R	4	51	2	1187
52735	5	68	39.989	  90.000	  36.989	  82.998	  40.989	  75.264	Fill5	R	1	49	1	917
52735	5	69	47.705	  78.000	  61.000	  61.000	  65.281	  57.000	SimA2	R	5	49	2	1184
52735	5	70	76.000	  46.579	  59.000	  60.000	  85.139	  41.579	SimB1	R	3	49	2	774
52735	5	71	76.000	  45.026	  59.000	  58.000	  81.425	  42.026	SimB1	R	4	49	3	1441
52735	5	72	47.838	  74.000	  60.000	  59.000	  44.838	  78.951	SimA1	R	1	49	1	801
52735	5	73	77.000	  45.974	  60.000	  59.000	  57.000	  62.105	SimB2	R	2	49	1	748
52735	5	74	39.783	  92.000	  37.783	  83.133	  41.783	  74.481	Fill5	R	3	49	2	987
52735	5	75	91.000	  39.549	  90.000	  35.178	  94.000	  33.032	Fill1	R	4	50	1	937
52735	5	76	45.627	  75.000	  58.000	  59.000	  41.627	  82.207	SimA1	R	2	50	3	630
52735	5	77	47.987	  75.000	  61.000	  59.000	  44.987	  80.001	SimA1	R	5	49	2	814
52735	5	78	77.000	  47.532	  60.000	  61.000	  56.000	  65.357	SimB2	R	2	50	3	636
52735	5	79	76.000	  45.789	  60.000	  58.000	  81.328	  42.789	SimB1	R	1	50	2	512
52735	5	80	78.000	  46.141	  61.000	  59.000	  57.000	  63.140	SimB2	R	4	50	1	727
52735	6	1	77.000	  49.922	  62.000	  62.000	  57.000	  67.439	SimB2	R	4	49	3	1849
52735	6	2	76.000	  48.961	  61.000	  61.000	  84.644	  43.961	SimB1	R	6	49	3	549
52735	6	3	77.000	  45.948	  61.000	  58.000	  86.402	  40.948	SimB1	R	3	50	1	180
52735	6	4	46.740	  77.000	  59.000	  61.000	  42.740	  84.206	SimA1	R	2	49	1	25
52735	6	5	48.312	  77.000	  60.000	  62.000	  65.263	  57.000	SimA2	R	5	51	1	204
52735	6	6	74.000	  48.635	  59.000	  61.000	  55.000	  65.436	SimB2	R	3	50	1	103
52735	6	7	78.000	  46.923	  61.000	  60.000	  57.000	  64.211	SimB2	R	4	49	3	254
52735	6	8	58.000	  59.000	  57.000	  52.614	  61.000	  48.180	Fill3	R	4	50	1	708
52735	6	9	51.549	  71.000	  50.549	  62.810	  53.549	  59.795	Fill4	R	2	49	1	1318
52735	6	10	75.000	  49.600	  60.000	  62.000	  81.579	  45.600	SimB1	R	3	49	2	655
52735	6	11	77.000	  48.312	  62.000	  60.000	  59.000	  63.051	SimB2	R	5	50	3	691
52735	6	12	72.000	  47.528	  69.000	  43.580	  73.000	  40.315	Fill2	R	4	50	1	922
52735	6	13	51.081	  74.000	  48.081	  68.925	  52.081	  63.862	Fill4	R	2	49	1	1105
52735	6	14	48.312	  77.000	  62.000	  60.000	  44.312	  83.951	SimA1	R	3	50	1	16350
52735	6	15	92.000	  40.446	  90.000	  36.011	  93.000	  35.634	Fill1	R	3	50	1	929
52735	6	16	47.532	  77.000	  61.000	  60.000	  64.211	  57.000	SimA2	R	5	50	3	1188
52735	6	17	93.000	  40.645	  90.000	  36.544	  96.000	  34.938	Fill1	R	2	49	1	946
52735	6	18	47.692	  78.000	  60.000	  62.000	  65.263	  57.000	SimA2	R	4	49	3	871
52735	6	19	76.000	  48.961	  61.000	  61.000	  57.000	  65.281	SimB2	R	2	50	3	689
52735	6	20	45.974	  77.000	  59.000	  60.000	  64.364	  55.000	SimA2	R	2	50	3	641
52735	6	21	48.961	  76.000	  61.000	  61.000	  45.961	  80.961	SimA1	R	4	50	1	563
52735	6	22	78.000	  46.923	  61.000	  60.000	  85.269	  42.923	SimB1	R	5	49	2	796
52735	6	23	48.000	  75.000	  60.000	  60.000	  63.158	  57.000	SimA2	R	1	49	1	1449
52735	6	24	74.000	  51.081	  73.000	  46.137	  76.000	  44.289	Fill2	R	3	50	1	1322
52735	6	25	77.000	  47.532	  75.000	  42.800	  80.000	  40.025	Fill2	R	2	49	1	692
52735	6	26	77.000	  49.922	  62.000	  62.000	  83.707	  45.922	SimB1	R	2	49	1	1186
52735	6	27	47.532	  77.000	  61.000	  60.000	  44.532	  82.187	SimA1	R	5	50	3	858
52735	6	28	48.886	  70.000	  47.886	  61.918	  50.886	  58.012	Fill4	R	4	50	1	519
52735	6	29	48.487	  78.000	  62.000	  61.000	  44.487	  85.013	SimA1	R	4	50	1	703
52735	6	30	47.692	  78.000	  60.000	  62.000	  43.692	  85.141	SimA1	R	2	49	1	775
52735	6	31	48.487	  78.000	  62.000	  61.000	  65.207	  58.000	SimA2	R	5	49	2	624
52735	6	32	77.000	  49.117	  62.000	  61.000	  57.000	  66.351	SimB2	R	2	49	1	730
52735	6	33	76.000	  48.961	  61.000	  61.000	  80.961	  45.961	SimB1	R	3	49	2	482
52735	6	34	75.000	  49.613	  74.000	  43.811	  76.000	  43.382	Fill2	R	2	49	1	1102
52735	6	35	47.173	  75.000	  61.000	  58.000	  44.173	  80.094	SimA1	R	5	49	2	1404
52735	6	36	77.000	  46.753	  60.000	  60.000	  82.280	  43.753	SimB1	R	3	50	1	853
52735	6	37	48.961	  76.000	  61.000	  61.000	  44.961	  82.761	SimA1	R	3	51	3	1108
52735	6	38	89.000	  38.449	  86.000	  34.907	  92.000	  31.848	Fill1	R	5	49	2	949
52735	6	39	46.740	  77.000	  59.000	  61.000	  63.140	  57.000	SimA2	R	4	49	3	728
52735	6	40	61.000	  61.000	  58.000	  57.086	  64.000	  50.797	Fill3	R	5	49	2	620
52735	6	41	77.000	  47.532	  61.000	  60.000	  57.000	  64.211	SimB2	R	4	49	3	690
52735	6	42	48.312	  77.000	  60.000	  62.000	  43.312	  85.889	SimA1	R	5	51	1	779
52735	6	43	47.532	  77.000	  61.000	  60.000	  43.532	  84.075	SimA1	R	6	49	3	677
52735	6	44	41.124	  89.000	  40.124	  78.707	  43.124	  72.489	Fill5	R	2	50	3	407
52735	6	45	49.282	  78.000	  62.000	  62.000	  45.282	  84.890	SimA1	R	2	50	3	1220
52735	6	46	48.000	  75.000	  60.000	  60.000	  44.000	  81.818	SimA1	R	2	50	3	1276
52735	6	47	76.000	  48.947	  60.000	  62.000	  80.962	  45.947	SimB1	R	5	49	2	38155
52735	6	48	74.000	  48.635	  59.000	  61.000	  82.479	  43.635	SimB1	R	4	50	1	1062
52735	6	49	48.312	  77.000	  62.000	  60.000	  66.429	  56.000	SimA2	R	4	50	1	2265
52735	6	50	76.000	  46.579	  60.000	  59.000	  83.140	  42.579	SimB1	R	4	50	1	676
52735	6	51	77.000	  45.948	  61.000	  58.000	  57.000	  62.070	SimB2	R	4	49	3	1937
52735	6	52	47.173	  75.000	  61.000	  58.000	  66.755	  53.000	SimA2	R	3	50	1	899
52735	6	53	38.449	  89.000	  36.449	  79.562	  40.449	  71.892	Fill5	R	5	51	1	1143
52735	6	54	76.000	  46.579	  60.000	  59.000	  55.000	  64.364	SimB2	R	3	50	1	958
52735	6	55	49.282	  78.000	  62.000	  62.000	  67.439	  57.000	SimA2	R	1	49	1	845
52735	6	56	75.000	  47.200	  59.000	  60.000	  83.886	  42.200	SimB1	R	4	50	1	718
52735	6	57	48.961	  76.000	  61.000	  61.000	  65.281	  57.000	SimA2	R	3	49	2	1265
52735	6	58	46.579	  76.000	  60.000	  59.000	  42.579	  83.140	SimA1	R	2	49	1	748
52735	6	59	40.213	  94.000	  39.213	  83.621	  41.213	  78.398	Fill5	R	3	50	1	963
52735	6	60	45.974	  77.000	  59.000	  60.000	  42.974	  82.375	SimA1	R	4	49	3	812
52735	6	61	76.000	  48.961	  61.000	  61.000	  82.761	  44.961	SimB1	R	1	49	1	1362
52735	6	62	48.961	  76.000	  61.000	  61.000	  65.281	  57.000	SimA2	R	2	50	3	987
52735	6	63	46.579	  76.000	  60.000	  59.000	  63.214	  56.000	SimA2	R	2	49	1	897
52735	6	64	61.000	  60.000	  59.000	  55.220	  64.000	  50.891	Fill3	R	4	49	3	1465
52735	6	65	48.961	  76.000	  61.000	  61.000	  64.155	  58.000	SimA2	R	6	51	1	1239
52735	6	66	75.000	  47.200	  59.000	  60.000	  56.000	  63.214	SimB2	R	4	49	3	941
52735	6	67	60.000	  63.000	  57.000	  59.175	  63.000	  52.492	Fill3	R	4	50	1	490
52735	6	68	76.000	  48.961	  61.000	  61.000	  56.000	  66.446	SimB2	R	2	50	3	33877
52735	6	69	92.000	  39.783	  89.000	  36.494	  93.000	  34.914	Fill1	R	5	51	1	2057
52735	6	70	77.000	  46.753	  60.000	  60.000	  56.000	  64.286	SimB2	R	1	51	3	1135
52735	6	71	77.000	  48.312	  62.000	  60.000	  85.889	  43.312	SimB1	R	2	51	2	1665
52735	6	72	41.344	  90.000	  38.344	  83.976	  42.344	  74.909	Fill5	R	2	49	1	1383
52735	6	73	76.000	  48.961	  61.000	  61.000	  58.000	  64.155	SimB2	R	1	51	3	1257
52735	6	74	77.000	  47.532	  61.000	  60.000	  82.187	  44.532	SimB1	R	4	50	1	1373
52735	6	75	76.000	  48.947	  60.000	  62.000	  57.000	  65.263	SimB2	R	3	49	2	770
52735	6	76	77.000	  49.117	  62.000	  61.000	  82.009	  46.117	SimB1	R	3	49	2	1043
52735	6	77	48.961	  76.000	  61.000	  61.000	  44.961	  82.761	SimA1	R	2	50	3	1003
52735	6	78	47.532	  77.000	  61.000	  60.000	  66.545	  55.000	SimA2	R	2	49	1	1107
52735	6	79	75.000	  49.600	  60.000	  62.000	  55.000	  67.636	SimB2	R	2	49	1	864
52735	6	80	51.681	  72.000	  50.681	  64.502	  52.681	  61.788	Fill4	R	2	49	1	787
52735	7	1	46.141	  78.000	  59.000	  61.000	  43.141	  83.424	SimA1	R	6	49	3	2086
52735	7	2	77.000	  48.325	  61.000	  61.000	  85.886	  43.325	SimB1	R	5	49	2	2413
52735	7	3	46.579	  76.000	  59.000	  60.000	  41.579	  85.139	SimA1	R	6	49	3	1463
52735	7	4	47.705	  78.000	  61.000	  61.000	  64.155	  58.000	SimA2	R	2	49	1	836
52735	7	5	46.753	  77.000	  60.000	  60.000	  64.286	  56.000	SimA2	R	2	49	1	579
52735	7	6	94.000	  38.936	  92.000	  34.967	  97.000	  32.990	Fill1	R	5	50	3	693
52735	7	7	90.000	  37.367	  87.000	  33.598	  91.000	  32.033	Fill1	R	5	51	1	857
52735	7	8	48.635	  74.000	  61.000	  59.000	  66.648	  54.000	SimA2	R	2	49	1	791
52735	7	9	77.000	  48.325	  61.000	  61.000	  56.000	  66.446	SimB2	R	4	50	1	1057
52735	7	10	77.000	  45.974	  60.000	  59.000	  86.396	  40.974	SimB1	R	5	50	3	942
52735	7	11	40.667	  90.000	  37.667	  82.726	  42.667	  73.523	Fill5	R	5	51	1	867
52735	7	12	77.000	  46.753	  60.000	  60.000	  57.000	  63.158	SimB2	R	5	49	2	1858
52735	7	13	94.000	  38.936	  92.000	  35.283	  96.000	  33.698	Fill1	R	2	49	1	813
52735	7	14	40.220	  91.000	  38.220	  82.078	  41.220	  75.546	Fill5	R	6	51	1	1093
52735	7	15	48.487	  78.000	  61.000	  62.000	  44.487	  85.013	SimA1	R	2	50	3	1958
52735	7	16	47.506	  77.000	  59.000	  62.000	  42.506	  86.057	SimA1	R	2	50	3	1029
52735	7	17	48.000	  75.000	  60.000	  60.000	  64.286	  56.000	SimA2	R	2	50	3	2527
52735	7	18	76.000	  47.368	  60.000	  60.000	  56.000	  64.286	SimB2	R	3	51	3	1813
52735	7	19	76.000	  47.355	  61.000	  59.000	  56.000	  64.268	SimB2	R	2	50	3	965
52735	7	20	76.000	  47.355	  59.000	  61.000	  84.972	  42.355	SimB1	R	2	50	3	1816
52735	7	21	57.000	  59.000	  55.000	  52.109	  58.000	  49.414	Fill3	R	4	50	1	703
52735	7	22	48.487	  78.000	  61.000	  62.000	  66.351	  57.000	SimA2	R	5	50	3	995
52735	7	23	76.000	  46.579	  59.000	  60.000	  54.000	  65.556	SimB2	R	1	51	3	1189
52735	7	24	78.000	  48.487	  61.000	  62.000	  57.000	  66.351	SimB2	R	4	50	1	1258
52735	7	25	74.000	  46.243	  59.000	  58.000	  79.134	  43.243	SimB1	R	3	50	1	953
52735	7	26	76.000	  46.579	  60.000	  59.000	  55.000	  64.364	SimB2	R	1	50	2	1076
52735	7	27	76.000	  47.355	  61.000	  59.000	  83.012	  43.355	SimB1	R	1	50	2	1112
52735	7	28	47.506	  77.000	  59.000	  62.000	  64.175	  57.000	SimA2	R	3	50	1	755
52735	7	29	76.000	  48.132	  59.000	  62.000	  82.888	  44.132	SimB1	R	5	51	1	1368
52735	7	30	48.739	  69.000	  46.739	  62.753	  50.739	  57.352	Fill4	R	3	50	1	653
52735	7	31	52.286	  70.000	  50.286	  62.901	  54.286	  58.487	Fill4	R	2	49	1	1127
52735	7	32	46.579	  76.000	  60.000	  59.000	  43.579	  81.232	SimA1	R	5	51	1	1403
52735	7	33	46.877	  73.000	  59.000	  58.000	  62.218	  55.000	SimA2	R	6	49	3	1041
52735	7	34	72.000	  46.708	  70.000	  41.314	  75.000	  38.493	Fill2	R	4	50	1	839
52735	7	35	76.000	  48.158	  75.000	  43.240	  77.000	  42.078	Fill2	R	3	50	1	739
52735	7	36	46.753	  77.000	  60.000	  60.000	  41.753	  86.221	SimA1	R	2	51	2	1105
52735	7	37	50.833	  72.000	  49.833	  64.977	  52.833	  60.681	Fill4	R	4	50	1	626
52735	7	38	46.141	  78.000	  59.000	  61.000	  62.052	  58.000	SimA2	R	2	49	1	1213
52735	7	39	77.000	  47.532	  74.000	  43.541	  79.000	  40.051	Fill2	R	6	51	1	1234
52735	7	40	75.000	  48.000	  60.000	  60.000	  81.818	  44.000	SimB1	R	2	50	3	791
52735	7	41	74.000	  48.635	  59.000	  61.000	  78.865	  45.635	SimB1	R	1	50	2	889
52735	7	42	41.124	  89.000	  40.124	  78.732	  42.124	  74.471	Fill5	R	3	50	1	831
52735	7	43	46.579	  76.000	  59.000	  60.000	  64.364	  55.000	SimA2	R	2	49	1	1082
52735	7	44	74.000	  46.243	  59.000	  58.000	  55.000	  62.218	SimB2	R	5	50	3	798
52735	7	45	47.368	  76.000	  60.000	  60.000	  44.368	  81.139	SimA1	R	6	49	3	920
52735	7	46	47.200	  75.000	  60.000	  59.000	  63.214	  56.000	SimA2	R	6	49	3	1380
52735	7	47	78.000	  48.487	  61.000	  62.000	  85.013	  44.487	SimB1	R	5	49	2	1161
52735	7	48	45.789	  76.000	  58.000	  60.000	  61.053	  57.000	SimA2	R	4	50	1	572
52735	7	49	46.753	  77.000	  60.000	  60.000	  65.455	  55.000	SimA2	R	3	51	3	459
52735	7	50	73.000	  47.671	  58.000	  60.000	  54.000	  64.444	SimB2	R	5	49	2	690
52735	7	51	47.368	  76.000	  60.000	  60.000	  64.286	  56.000	SimA2	R	3	50	1	380
52735	7	52	74.000	  48.635	  59.000	  61.000	  54.000	  66.648	SimB2	R	2	50	3	784
52735	7	53	61.000	  60.000	  58.000	  55.638	  63.000	  51.000	Fill3	R	1	49	1	767
52735	7	54	52.286	  70.000	  51.286	  62.669	  54.286	  58.358	Fill4	R	5	51	1	1242
52735	7	55	75.000	  48.000	  60.000	  60.000	  57.000	  63.158	SimB2	R	5	49	2	682
52735	7	56	46.579	  76.000	  60.000	  59.000	  64.364	  55.000	SimA2	R	6	49	3	799
52735	7	57	61.000	  60.000	  60.000	  53.433	  62.000	  52.468	Fill3	R	6	51	1	860
52735	7	58	76.000	  46.579	  60.000	  59.000	  81.232	  43.579	SimB1	R	4	50	1	1043
52735	7	59	75.000	  48.800	  74.000	  44.000	  77.000	  42.221	Fill2	R	4	50	1	558
52735	7	60	46.141	  78.000	  59.000	  61.000	  43.141	  83.424	SimA1	R	4	49	3	938
52735	7	61	46.877	  73.000	  59.000	  58.000	  42.877	  79.810	SimA1	R	5	50	3	1087
52735	7	62	76.000	  46.579	  59.000	  60.000	  85.139	  41.579	SimB1	R	4	51	2	699
52735	7	63	47.200	  75.000	  60.000	  59.000	  43.200	  81.944	SimA1	R	4	49	3	935
52735	7	64	45.789	  76.000	  58.000	  60.000	  40.789	  85.316	SimA1	R	3	51	3	811
52735	7	65	37.787	  89.000	  35.787	  79.387	  38.787	  72.886	Fill5	R	2	49	1	690
52735	7	66	76.000	  47.355	  59.000	  61.000	  54.000	  66.648	SimB2	R	5	50	3	1700
52735	7	67	77.000	  45.974	  60.000	  59.000	  55.000	  64.364	SimB2	R	1	49	1	896
52735	7	68	75.000	  48.000	  60.000	  60.000	  57.000	  63.158	SimB2	R	2	51	2	2587
52735	7	69	46.141	  78.000	  59.000	  61.000	  63.140	  57.000	SimA2	R	3	50	1	1187
52735	7	70	48.000	  75.000	  60.000	  60.000	  43.000	  83.721	SimA1	R	5	50	3	744
52735	7	71	75.000	  48.000	  60.000	  60.000	  80.000	  45.000	SimB1	R	3	51	3	1115
52735	7	72	76.000	  48.132	  59.000	  62.000	  55.000	  66.509	SimB2	R	1	49	1	1054
52735	7	73	46.753	  77.000	  60.000	  60.000	  43.753	  82.280	SimA1	R	5	50	3	1337
52735	7	74	91.000	  40.220	  89.000	  35.809	  93.000	  34.215	Fill1	R	4	50	1	804
52735	7	75	76.000	  47.368	  60.000	  60.000	  83.010	  43.368	SimB1	R	2	50	3	610
52735	7	76	77.000	  46.753	  60.000	  60.000	  82.280	  43.753	SimB1	R	2	50	3	609
52735	7	77	48.635	  74.000	  61.000	  59.000	  44.635	  80.632	SimA1	R	3	51	3	829
52735	7	78	47.705	  78.000	  61.000	  61.000	  44.705	  83.234	SimA1	R	5	50	3	73751
52735	7	79	60.000	  61.000	  57.000	  56.772	  63.000	  50.381	Fill3	R	3	50	1	663
52735	7	80	73.000	  47.671	  58.000	  60.000	  77.902	  44.671	SimB1	R	3	49	2	726
52735	8	1	91.000	  36.967	  89.000	  33.000	  94.000	  30.904	Fill1	R	4	50	1	1272
52735	8	2	47.705	  78.000	  61.000	  61.000	  65.281	  57.000	SimA2	R	2	50	3	810
52735	8	3	48.158	  76.000	  61.000	  60.000	  45.158	  81.049	SimA1	R	5	50	3	677
52735	8	4	77.000	  49.117	  74.000	  44.689	  78.000	  43.051	Fill2	R	3	50	1	2658
52735	8	5	46.923	  78.000	  60.000	  61.000	  43.923	  83.327	SimA1	R	3	50	1	1105
52735	8	6	78.000	  46.141	  61.000	  59.000	  85.404	  42.141	SimB1	R	5	50	3	770
52735	8	7	76.000	  45.789	  60.000	  58.000	  81.328	  42.789	SimB1	R	4	51	2	478
52735	8	8	46.400	  75.000	  60.000	  58.000	  43.400	  80.184	SimA1	R	3	50	1	556
52735	8	9	77.000	  45.974	  60.000	  59.000	  57.000	  62.105	SimB2	R	3	51	3	1216
52735	8	10	72.000	  46.722	  70.000	  41.629	  75.000	  39.400	Fill2	R	4	50	1	591
52735	8	11	76.000	  45.026	  59.000	  58.000	  81.425	  42.026	SimB1	R	2	50	3	2111
52735	8	12	75.000	  47.987	  72.000	  43.819	  77.000	  41.545	Fill2	R	4	50	1	491
52735	8	13	73.000	  47.630	  57.000	  61.000	  81.562	  42.630	SimB1	R	3	50	1	656
52735	8	14	77.000	  46.753	  60.000	  60.000	  55.000	  65.455	SimB2	R	2	50	3	717
52735	8	15	46.400	  75.000	  60.000	  58.000	  65.660	  53.000	SimA2	R	5	51	1	1011
52735	8	16	53.268	  71.000	  52.268	  63.577	  54.268	  60.773	Fill4	R	6	51	1	761
52735	8	17	77.000	  46.753	  60.000	  60.000	  57.000	  63.158	SimB2	R	3	50	1	680
52735	8	18	47.532	  77.000	  60.000	  61.000	  44.532	  82.187	SimA1	R	6	49	3	1015
52735	8	19	77.000	  45.974	  60.000	  59.000	  86.396	  40.974	SimB1	R	4	50	1	566
52735	8	20	74.000	  46.243	  58.000	  59.000	  54.000	  63.370	SimB2	R	1	51	3	656
52735	8	21	50.833	  72.000	  48.833	  65.877	  52.833	  60.379	Fill4	R	5	49	2	953
52735	8	22	46.579	  76.000	  59.000	  60.000	  64.364	  55.000	SimA2	R	2	49	1	911
52735	8	23	76.000	  47.355	  59.000	  61.000	  84.972	  42.355	SimB1	R	2	51	2	778
52735	8	24	76.000	  46.579	  59.000	  60.000	  85.139	  41.579	SimB1	R	4	50	1	614
52735	8	25	91.000	  39.549	  90.000	  35.178	  94.000	  33.032	Fill1	R	6	50	2	746
52735	8	26	77.000	  47.532	  61.000	  60.000	  57.000	  64.211	SimB2	R	4	50	1	588
52735	8	27	47.705	  78.000	  61.000	  61.000	  43.705	  85.139	SimA1	R	6	51	1	951
52735	8	28	76.000	  48.961	  61.000	  61.000	  82.761	  44.961	SimB1	R	5	49	2	879
52735	8	29	48.158	  76.000	  61.000	  60.000	  65.357	  56.000	SimA2	R	1	49	1	813
52735	8	30	73.000	  47.630	  57.000	  61.000	  52.000	  66.865	SimB2	R	5	49	2	1810
52735	8	31	46.753	  77.000	  60.000	  60.000	  42.753	  84.204	SimA1	R	3	49	2	651
52735	8	32	46.877	  73.000	  59.000	  58.000	  43.877	  77.991	SimA1	R	3	51	3	817
52735	8	33	76.000	  45.026	  59.000	  58.000	  54.000	  63.370	SimB2	R	6	49	3	683
52735	8	34	47.838	  74.000	  60.000	  59.000	  44.838	  78.951	SimA1	R	5	49	2	1142
52735	8	35	75.000	  48.800	  60.000	  61.000	  57.000	  64.211	SimB2	R	5	49	2	637
52735	8	36	46.753	  77.000	  60.000	  60.000	  42.753	  84.204	SimA1	R	2	50	3	1907
52735	8	37	47.532	  77.000	  60.000	  61.000	  63.103	  58.000	SimA2	R	3	50	1	2051
52735	8	38	41.560	  91.000	  39.560	  81.698	  42.560	  77.067	Fill5	R	3	50	1	653
52735	8	39	76.000	  45.789	  60.000	  58.000	  57.000	  61.053	SimB2	R	6	49	3	726
52735	8	40	75.000	  48.800	  60.000	  61.000	  83.562	  43.800	SimB1	R	4	50	1	621
52735	8	41	58.000	  58.000	  56.000	  51.339	  59.000	  48.915	Fill3	R	6	50	2	525
52735	8	42	38.667	  87.000	  36.667	  77.455	  40.667	  69.443	Fill5	R	4	50	1	1140
52735	8	43	77.000	  46.753	  60.000	  60.000	  55.000	  65.455	SimB2	R	4	50	1	705
52735	8	44	74.000	  46.243	  58.000	  59.000	  79.134	  43.243	SimB1	R	3	50	1	536
52735	8	45	62.000	  61.000	  60.000	  56.000	  65.000	  51.600	Fill3	R	3	50	1	1107
52735	8	46	45.627	  75.000	  58.000	  59.000	  41.627	  82.207	SimA1	R	3	51	3	806
52735	8	47	46.753	  77.000	  60.000	  60.000	  65.455	  55.000	SimA2	R	3	51	3	1850
52735	8	48	46.141	  78.000	  59.000	  61.000	  64.268	  56.000	SimA2	R	3	50	1	1167
52735	8	49	76.000	  47.355	  59.000	  61.000	  55.000	  65.436	SimB2	R	5	51	1	881
52735	8	50	49.301	  73.000	  46.301	  67.860	  50.301	  62.941	Fill4	R	4	49	3	800
52735	8	51	77.000	  47.532	  61.000	  60.000	  86.052	  42.532	SimB1	R	3	49	2	922
52735	8	52	44.577	  78.000	  57.000	  61.000	  61.000	  57.000	SimA2	R	3	49	2	567
52735	8	53	76.000	  46.579	  59.000	  60.000	  56.000	  63.214	SimB2	R	2	49	1	946
52735	8	54	46.579	  76.000	  59.000	  60.000	  42.579	  83.140	SimA1	R	5	50	3	851
52735	8	55	46.877	  73.000	  59.000	  58.000	  64.566	  53.000	SimA2	R	1	49	1	828
52735	8	56	47.838	  74.000	  60.000	  59.000	  64.364	  55.000	SimA2	R	2	50	3	774
52735	8	57	76.000	  48.158	  74.000	  43.716	  78.000	  41.282	Fill2	R	2	49	1	762
52735	8	58	77.000	  47.532	  60.000	  61.000	  86.052	  42.532	SimB1	R	3	51	3	1065
52735	8	59	47.987	  75.000	  61.000	  59.000	  44.987	  80.001	SimA1	R	2	49	1	643
52735	8	60	48.000	  75.000	  60.000	  60.000	  43.000	  83.721	SimA1	R	2	49	1	555
52735	8	61	60.000	  61.000	  59.000	  53.898	  63.000	  50.444	Fill3	R	4	50	1	717
52735	8	62	78.000	  46.141	  61.000	  59.000	  57.000	  63.140	SimB2	R	5	50	3	707
52735	8	63	77.000	  46.753	  60.000	  60.000	  82.280	  43.753	SimB1	R	3	49	2	738
52735	8	64	76.000	  48.961	  61.000	  61.000	  56.000	  66.446	SimB2	R	4	51	2	1264
52735	8	65	46.141	  78.000	  59.000	  61.000	  42.141	  85.404	SimA1	R	4	49	3	939
52735	8	66	77.000	  46.753	  60.000	  60.000	  82.280	  43.753	SimB1	R	4	49	3	825
52735	8	67	46.753	  77.000	  60.000	  60.000	  63.158	  57.000	SimA2	R	5	51	1	699
52735	8	68	39.783	  92.000	  37.783	  83.133	  41.783	  74.481	Fill5	R	2	49	1	1007
52735	8	69	48.754	  69.000	  46.754	  62.840	  49.754	  57.865	Fill4	R	6	51	1	750
52735	8	70	45.627	  75.000	  58.000	  59.000	  61.107	  56.000	SimA2	R	2	50	3	701
52735	8	71	95.000	  39.811	  93.000	  36.344	  98.000	  33.765	Fill1	R	6	50	2	775
52735	8	72	46.923	  78.000	  60.000	  61.000	  65.357	  56.000	SimA2	R	5	51	1	844
52735	8	73	44.577	  78.000	  57.000	  61.000	  41.577	  83.628	SimA1	R	5	50	3	467
52735	8	74	39.989	  90.000	  36.989	  82.998	  40.989	  75.264	Fill5	R	4	50	1	639
52735	8	75	47.987	  75.000	  61.000	  59.000	  66.648	  54.000	SimA2	R	1	49	1	1157
52735	8	76	48.000	  75.000	  60.000	  60.000	  64.286	  56.000	SimA2	R	3	50	1	699
52735	8	77	77.000	  46.753	  60.000	  60.000	  82.280	  43.753	SimB1	R	2	51	2	688
52735	8	78	59.000	  61.000	  58.000	  53.776	  62.000	  50.081	Fill3	R	5	51	1	740
52735	8	79	77.000	  47.532	  60.000	  61.000	  56.000	  65.357	SimB2	R	6	49	3	519
52735	8	80	93.000	  39.355	  90.000	  35.533	  96.000	  33.750	Fill1	R	1	49	1	797
52735	9	1	76.000	  48.961	  61.000	  61.000	  58.000	  64.155	SimB2	R	2	50	3	3960
52735	9	2	51.549	  71.000	  50.549	  62.810	  53.549	  59.795	Fill4	R	5	51	1	884
52735	9	3	48.961	  76.000	  61.000	  61.000	  45.961	  80.961	SimA1	R	2	49	1	1053
52735	9	4	46.740	  77.000	  59.000	  61.000	  42.740	  84.206	SimA1	R	3	50	1	993
52735	9	5	40.213	  94.000	  39.213	  83.621	  41.213	  78.398	Fill5	R	3	51	3	1096
52735	9	6	47.692	  78.000	  60.000	  62.000	  43.692	  85.141	SimA1	R	3	51	3	1021
52735	9	7	45.974	  77.000	  59.000	  60.000	  42.974	  82.375	SimA1	R	3	50	1	507
52735	9	8	48.961	  76.000	  61.000	  61.000	  65.281	  57.000	SimA2	R	3	50	1	1008
52735	9	9	51.081	  74.000	  48.081	  68.925	  52.081	  63.862	Fill4	R	5	50	3	8878
52735	9	10	77.000	  49.922	  62.000	  62.000	  83.707	  45.922	SimB1	R	3	49	2	1079
52735	9	11	48.312	  77.000	  62.000	  60.000	  44.312	  83.951	SimA1	R	5	49	2	874
52735	9	12	77.000	  48.312	  62.000	  60.000	  85.889	  43.312	SimB1	R	6	50	2	566
52735	9	13	45.974	  77.000	  59.000	  60.000	  64.364	  55.000	SimA2	R	6	50	2	711
52735	9	14	75.000	  49.613	  74.000	  43.811	  76.000	  43.382	Fill2	R	5	50	3	1616
52735	9	15	46.740	  77.000	  59.000	  61.000	  63.140	  57.000	SimA2	R	4	50	1	1042
52735	9	16	76.000	  48.961	  61.000	  61.000	  80.961	  45.961	SimB1	R	5	49	2	1204
52735	9	17	47.173	  75.000	  61.000	  58.000	  66.755	  53.000	SimA2	R	2	49	1	704
52735	9	18	77.000	  47.532	  75.000	  42.800	  80.000	  40.025	Fill2	R	1	49	1	1412
52735	9	19	72.000	  47.528	  69.000	  43.580	  73.000	  40.315	Fill2	R	4	50	1	740
52735	9	20	76.000	  46.579	  60.000	  59.000	  83.140	  42.579	SimB1	R	2	49	1	1365
52735	9	21	48.961	  76.000	  61.000	  61.000	  64.155	  58.000	SimA2	R	4	50	1	1194
52735	9	22	75.000	  47.200	  59.000	  60.000	  56.000	  63.214	SimB2	R	5	50	3	1189
52735	9	23	74.000	  48.635	  59.000	  61.000	  55.000	  65.436	SimB2	R	3	49	2	834
52735	9	24	41.124	  89.000	  40.124	  78.707	  43.124	  72.489	Fill5	R	4	51	2	728
52735	9	25	89.000	  38.449	  86.000	  34.907	  92.000	  31.848	Fill1	R	4	50	1	657
52735	9	26	46.579	  76.000	  60.000	  59.000	  42.579	  83.140	SimA1	R	6	50	2	830
52735	9	27	77.000	  49.922	  62.000	  62.000	  57.000	  67.439	SimB2	R	4	49	3	947
52735	9	28	58.000	  59.000	  57.000	  52.614	  61.000	  48.180	Fill3	R	2	49	1	714
52735	9	29	61.000	  61.000	  58.000	  57.086	  64.000	  50.797	Fill3	R	3	49	2	814
52735	9	30	38.449	  89.000	  36.449	  79.562	  40.449	  71.892	Fill5	R	3	49	2	965
52735	9	31	78.000	  46.923	  61.000	  60.000	  85.269	  42.923	SimB1	R	6	51	1	1637
52735	9	32	48.487	  78.000	  62.000	  61.000	  65.207	  58.000	SimA2	R	4	51	2	1676
52735	9	33	48.961	  76.000	  61.000	  61.000	  65.281	  57.000	SimA2	R	5	51	1	982
52735	9	34	47.532	  77.000	  61.000	  60.000	  64.211	  57.000	SimA2	R	4	49	3	457
52735	9	35	49.282	  78.000	  62.000	  62.000	  45.282	  84.890	SimA1	R	5	49	2	15
52735	9	36	61.000	  60.000	  59.000	  55.220	  64.000	  50.891	Fill3	R	5	50	3	587
52735	9	37	47.532	  77.000	  61.000	  60.000	  43.532	  84.075	SimA1	R	4	51	2	284
52735	9	38	48.961	  76.000	  61.000	  61.000	  44.961	  82.761	SimA1	R	2	50	3	146
52735	9	39	77.000	  47.532	  61.000	  60.000	  82.187	  44.532	SimB1	R	5	51	1	264
52735	9	40	76.000	  48.961	  61.000	  61.000	  82.761	  44.961	SimB1	R	3	51	3	433
52735	9	41	77.000	  45.948	  61.000	  58.000	  86.402	  40.948	SimB1	R	2	49	1	388
52735	9	42	48.487	  78.000	  62.000	  61.000	  44.487	  85.013	SimA1	R	6	50	2	258
52735	9	43	74.000	  48.635	  59.000	  61.000	  82.479	  43.635	SimB1	R	6	49	3	54
52735	9	44	47.173	  75.000	  61.000	  58.000	  44.173	  80.094	SimA1	R	3	50	1	834
52735	9	45	75.000	  49.600	  60.000	  62.000	  55.000	  67.636	SimB2	R	3	50	1	1032
52735	9	46	78.000	  46.923	  61.000	  60.000	  57.000	  64.211	SimB2	R	5	51	1	126
52735	9	47	47.532	  77.000	  61.000	  60.000	  44.532	  82.187	SimA1	R	4	50	1	220
52735	9	48	75.000	  47.200	  59.000	  60.000	  83.886	  42.200	SimB1	R	5	51	1	371
52735	9	49	48.312	  77.000	  60.000	  62.000	  65.263	  57.000	SimA2	R	5	49	2	122
52735	9	50	48.000	  75.000	  60.000	  60.000	  44.000	  81.818	SimA1	R	5	51	1	3
52735	9	51	76.000	  48.961	  61.000	  61.000	  84.644	  43.961	SimB1	R	1	50	2	496
52735	9	52	92.000	  39.783	  89.000	  36.494	  93.000	  34.914	Fill1	R	5	49	2	161
52735	9	53	77.000	  46.753	  60.000	  60.000	  82.280	  43.753	SimB1	R	4	51	2	458
52735	9	54	49.282	  78.000	  62.000	  62.000	  67.439	  57.000	SimA2	R	3	50	1	117
52735	9	55	77.000	  49.117	  62.000	  61.000	  57.000	  66.351	SimB2	R	1	49	1	223
52735	9	56	93.000	  40.645	  90.000	  36.544	  96.000	  34.938	Fill1	R	5	49	2	314
52735	9	57	75.000	  49.600	  60.000	  62.000	  81.579	  45.600	SimB1	R	3	49	2	754
52735	9	58	51.681	  72.000	  50.681	  64.502	  52.681	  61.788	Fill4	R	1	51	3	437
52735	9	59	77.000	  47.532	  61.000	  60.000	  57.000	  64.211	SimB2	R	2	49	1	867
52735	9	60	60.000	  63.000	  57.000	  59.175	  63.000	  52.492	Fill3	R	5	50	3	678
52735	9	61	76.000	  46.579	  60.000	  59.000	  55.000	  64.364	SimB2	R	4	49	3	1025
52735	9	62	77.000	  48.312	  62.000	  60.000	  59.000	  63.051	SimB2	R	5	50	3	732
52735	9	63	77.000	  45.948	  61.000	  58.000	  57.000	  62.070	SimB2	R	2	50	3	483
52735	9	64	48.886	  70.000	  47.886	  61.918	  50.886	  58.012	Fill4	R	6	50	2	549
52735	9	65	76.000	  48.961	  61.000	  61.000	  57.000	  65.281	SimB2	R	5	51	1	361
52735	9	66	46.579	  76.000	  60.000	  59.000	  63.214	  56.000	SimA2	R	2	49	1	743
52735	9	67	77.000	  49.117	  62.000	  61.000	  82.009	  46.117	SimB1	R	6	50	2	667
52735	9	68	92.000	  40.446	  90.000	  36.011	  93.000	  35.634	Fill1	R	4	50	1	660
52735	9	69	76.000	  48.961	  61.000	  61.000	  56.000	  66.446	SimB2	R	4	49	3	3443
52735	9	70	48.312	  77.000	  62.000	  60.000	  66.429	  56.000	SimA2	R	5	50	3	674
52735	9	71	48.961	  76.000	  61.000	  61.000	  44.961	  82.761	SimA1	R	1	50	2	603
52735	9	72	48.000	  75.000	  60.000	  60.000	  63.158	  57.000	SimA2	R	5	49	2	701
52735	9	73	48.312	  77.000	  60.000	  62.000	  43.312	  85.889	SimA1	R	1	50	2	980
52735	9	74	47.692	  78.000	  60.000	  62.000	  65.263	  57.000	SimA2	R	1	50	2	931
52735	9	75	41.344	  90.000	  38.344	  83.976	  42.344	  74.909	Fill5	R	2	81	0	956
52735	9	76	47.532	  77.000	  61.000	  60.000	  66.545	  55.000	SimA2	R	5	50	3	978
52735	9	77	76.000	  48.947	  60.000	  62.000	  57.000	  65.263	SimB2	R	6	50	2	588
52735	9	78	74.000	  51.081	  73.000	  46.137	  76.000	  44.289	Fill2	R	3	50	1	696
52735	9	79	76.000	  48.947	  60.000	  62.000	  80.962	  45.947	SimB1	R	3	50	1	686
52735	9	80	77.000	  46.753	  60.000	  60.000	  56.000	  64.286	SimB2	R	1	50	2	614
