username: 53752, Experiment time (minutes): 13
Operating system: Windows Vista
Manufacturer: Adobe Windows
Player type: PlugIn
Version: WIN 10,2,152,32

username	blkNum	trlNum	Rect1Height	Rect1Width	Rect2Height	Rect2Width	Rect3Height	Rect3Width	Effect	StimType	StimPosition	rawResp	response	RT
53752	0	1	75.000	  47.200	  60.000	  59.000	  85.922	  41.200	SimB1	R	2	51	2	3505
53752	0	2	59.000	  59.000	  58.000	  52.224	  60.000	  49.917	Fill3	R	3	50	1	2332
53752	0	3	47.671	  73.000	  60.000	  58.000	  41.671	  83.511	SimA1	R	4	49	3	2231
53752	1	1	48.487	  78.000	  61.000	  62.000	  66.351	  57.000	SimA2	R	4	49	3	4730
53752	1	2	76.000	  46.579	  59.000	  60.000	  54.000	  65.556	SimB2	R	4	50	1	3751
53752	1	3	50.833	  72.000	  49.833	  64.977	  52.833	  60.681	Fill4	R	3	50	1	2093
53752	1	4	46.141	  78.000	  59.000	  61.000	  63.140	  57.000	SimA2	R	2	51	2	2197
53752	1	5	75.000	  48.000	  60.000	  60.000	  57.000	  63.158	SimB2	R	4	51	2	1731
53752	1	6	73.000	  47.671	  58.000	  60.000	  77.902	  44.671	SimB1	R	3	51	3	2481
53752	1	7	47.705	  78.000	  61.000	  61.000	  44.705	  83.234	SimA1	R	5	49	2	1011
53752	1	8	46.877	  73.000	  59.000	  58.000	  42.877	  79.810	SimA1	R	3	51	3	1042
53752	1	9	46.753	  77.000	  60.000	  60.000	  65.455	  55.000	SimA2	R	5	50	3	633
53752	1	10	45.789	  76.000	  58.000	  60.000	  61.053	  57.000	SimA2	R	5	51	1	1352
53752	1	11	46.753	  77.000	  60.000	  60.000	  41.753	  86.221	SimA1	R	4	51	2	1527
53752	1	12	76.000	  47.355	  59.000	  61.000	  84.972	  42.355	SimB1	R	5	49	2	3140
53752	1	13	47.200	  75.000	  60.000	  59.000	  43.200	  81.944	SimA1	R	5	50	3	2115
53752	1	14	47.506	  77.000	  59.000	  62.000	  64.175	  57.000	SimA2	R	6	49	3	1238
53752	1	15	72.000	  46.708	  70.000	  41.314	  75.000	  38.493	Fill2	R	4	50	1	1877
53752	1	16	61.000	  60.000	  60.000	  53.433	  62.000	  52.468	Fill3	R	2	49	1	891
53752	1	17	40.220	  91.000	  38.220	  82.078	  41.220	  75.546	Fill5	R	3	50	1	1332
53752	1	18	37.787	  89.000	  35.787	  79.387	  38.787	  72.886	Fill5	R	1	49	1	1096
53752	1	19	94.000	  38.936	  92.000	  35.283	  96.000	  33.698	Fill1	R	3	50	1	4517
53752	1	20	77.000	  47.532	  74.000	  43.541	  79.000	  40.051	Fill2	R	4	49	3	2479
53752	1	21	73.000	  47.671	  58.000	  60.000	  54.000	  64.444	SimB2	R	4	51	2	1393
53752	1	22	76.000	  48.132	  59.000	  62.000	  55.000	  66.509	SimB2	R	2	51	2	1044
53752	1	23	46.579	  76.000	  60.000	  59.000	  43.579	  81.232	SimA1	R	2	49	1	1426
53752	1	24	61.000	  60.000	  58.000	  55.638	  63.000	  51.000	Fill3	R	5	51	1	1095
53752	1	25	46.877	  73.000	  59.000	  58.000	  62.218	  55.000	SimA2	R	5	49	2	2477
53752	1	26	76.000	  48.132	  59.000	  62.000	  82.888	  44.132	SimB1	R	5	49	2	970
53752	1	27	91.000	  40.220	  89.000	  35.809	  93.000	  34.215	Fill1	R	3	50	1	1021
53752	1	28	41.124	  89.000	  40.124	  78.732	  42.124	  74.471	Fill5	R	5	51	1	1387
53752	1	29	76.000	  47.355	  61.000	  59.000	  56.000	  64.268	SimB2	R	2	49	1	1251
53752	1	30	48.487	  78.000	  61.000	  62.000	  44.487	  85.013	SimA1	R	5	49	2	1954
53752	1	31	47.368	  76.000	  60.000	  60.000	  64.286	  56.000	SimA2	R	5	51	1	914
53752	1	32	74.000	  48.635	  59.000	  61.000	  78.865	  45.635	SimB1	R	3	49	2	494
53752	1	33	46.141	  78.000	  59.000	  61.000	  62.052	  58.000	SimA2	R	1	50	2	328
53752	1	34	76.000	  48.158	  75.000	  43.240	  77.000	  42.078	Fill2	R	5	51	1	521
53752	1	35	48.635	  74.000	  61.000	  59.000	  66.648	  54.000	SimA2	R	3	49	2	523
53752	1	36	75.000	  48.000	  60.000	  60.000	  57.000	  63.158	SimB2	R	2	49	1	1256
53752	1	37	75.000	  48.800	  74.000	  44.000	  77.000	  42.221	Fill2	R	5	51	1	537
53752	1	38	90.000	  37.367	  87.000	  33.598	  91.000	  32.033	Fill1	R	2	49	1	726
53752	1	39	75.000	  48.000	  60.000	  60.000	  81.818	  44.000	SimB1	R	3	50	1	509
53752	1	40	52.286	  70.000	  50.286	  62.901	  54.286	  58.487	Fill4	R	4	49	3	1222
53752	1	41	76.000	  46.579	  59.000	  60.000	  85.139	  41.579	SimB1	R	5	49	2	739
53752	1	42	48.739	  69.000	  46.739	  62.753	  50.739	  57.352	Fill4	R	4	50	1	1582
53752	1	43	47.705	  78.000	  61.000	  61.000	  64.155	  58.000	SimA2	R	2	50	3	1602
53752	1	44	52.286	  70.000	  51.286	  62.669	  54.286	  58.358	Fill4	R	5	51	1	958
53752	1	45	46.579	  76.000	  59.000	  60.000	  41.579	  85.139	SimA1	R	1	49	1	1366
53752	1	46	46.141	  78.000	  59.000	  61.000	  43.141	  83.424	SimA1	R	3	50	1	1308
53752	1	47	76.000	  46.579	  60.000	  59.000	  81.232	  43.579	SimB1	R	3	49	2	859
53752	1	48	75.000	  48.000	  60.000	  60.000	  80.000	  45.000	SimB1	R	5	49	2	640
53752	1	49	48.635	  74.000	  61.000	  59.000	  44.635	  80.632	SimA1	R	4	51	2	1059
53752	1	50	46.141	  78.000	  59.000	  61.000	  43.141	  83.424	SimA1	R	4	49	3	2597
53752	1	51	77.000	  45.974	  60.000	  59.000	  55.000	  64.364	SimB2	R	2	50	3	2004
53752	1	52	45.789	  76.000	  58.000	  60.000	  40.789	  85.316	SimA1	R	1	50	2	2134
53752	1	53	76.000	  47.368	  60.000	  60.000	  83.010	  43.368	SimB1	R	3	49	2	1293
53752	1	54	94.000	  38.936	  92.000	  34.967	  97.000	  32.990	Fill1	R	1	49	1	1021
53752	1	55	76.000	  46.579	  60.000	  59.000	  55.000	  64.364	SimB2	R	5	49	2	1854
53752	1	56	76.000	  47.355	  61.000	  59.000	  83.012	  43.355	SimB1	R	5	51	1	2166
53752	1	57	40.667	  90.000	  37.667	  82.726	  42.667	  73.523	Fill5	R	4	49	3	1051
53752	1	58	77.000	  45.974	  60.000	  59.000	  86.396	  40.974	SimB1	R	5	49	2	1413
53752	1	59	76.000	  47.355	  59.000	  61.000	  54.000	  66.648	SimB2	R	4	50	1	2190
53752	1	60	77.000	  46.753	  60.000	  60.000	  57.000	  63.158	SimB2	R	3	49	2	950
53752	1	61	78.000	  48.487	  61.000	  62.000	  57.000	  66.351	SimB2	R	5	49	2	958
53752	1	62	46.579	  76.000	  59.000	  60.000	  64.364	  55.000	SimA2	R	5	49	2	588
53752	1	63	46.579	  76.000	  60.000	  59.000	  64.364	  55.000	SimA2	R	2	51	2	479
53752	1	64	60.000	  61.000	  57.000	  56.772	  63.000	  50.381	Fill3	R	4	49	3	637
53752	1	65	47.368	  76.000	  60.000	  60.000	  44.368	  81.139	SimA1	R	5	50	3	342
53752	1	66	77.000	  48.325	  61.000	  61.000	  85.886	  43.325	SimB1	R	3	51	3	252
53752	1	67	74.000	  48.635	  59.000	  61.000	  54.000	  66.648	SimB2	R	2	49	1	210
53752	1	68	76.000	  47.368	  60.000	  60.000	  56.000	  64.286	SimB2	R	1	50	2	269
53752	1	69	78.000	  48.487	  61.000	  62.000	  85.013	  44.487	SimB1	R	6	51	1	163
53752	1	70	47.200	  75.000	  60.000	  59.000	  63.214	  56.000	SimA2	R	3	49	2	255
53752	1	71	48.000	  75.000	  60.000	  60.000	  43.000	  83.721	SimA1	R	5	49	2	867
53752	1	72	48.000	  75.000	  60.000	  60.000	  64.286	  56.000	SimA2	R	4	49	3	419
53752	1	73	47.506	  77.000	  59.000	  62.000	  42.506	  86.057	SimA1	R	6	51	1	608
53752	1	74	77.000	  46.753	  60.000	  60.000	  82.280	  43.753	SimB1	R	2	49	1	1728
53752	1	75	46.753	  77.000	  60.000	  60.000	  43.753	  82.280	SimA1	R	2	49	1	746
53752	1	76	77.000	  48.325	  61.000	  61.000	  56.000	  66.446	SimB2	R	5	51	1	1125
53752	1	77	74.000	  46.243	  59.000	  58.000	  79.134	  43.243	SimB1	R	6	49	3	732
53752	1	78	46.753	  77.000	  60.000	  60.000	  64.286	  56.000	SimA2	R	5	50	3	1137
53752	1	79	74.000	  46.243	  59.000	  58.000	  55.000	  62.218	SimB2	R	5	49	2	1162
53752	1	80	57.000	  59.000	  55.000	  52.109	  58.000	  49.414	Fill3	R	5	51	1	1445
53752	2	1	44.577	  78.000	  57.000	  61.000	  61.000	  57.000	SimA2	R	2	50	3	848
53752	2	2	77.000	  46.753	  60.000	  60.000	  57.000	  63.158	SimB2	R	3	49	2	563
53752	2	3	73.000	  47.630	  57.000	  61.000	  81.562	  42.630	SimB1	R	5	51	1	474
53752	2	4	47.987	  75.000	  61.000	  59.000	  66.648	  54.000	SimA2	R	2	50	3	359
53752	2	5	39.783	  92.000	  37.783	  83.133	  41.783	  74.481	Fill5	R	4	49	3	314
53752	2	6	76.000	  48.158	  74.000	  43.716	  78.000	  41.282	Fill2	R	3	51	3	273
53752	2	7	78.000	  46.141	  61.000	  59.000	  85.404	  42.141	SimB1	R	5	50	3	205
53752	2	8	47.705	  78.000	  61.000	  61.000	  43.705	  85.139	SimA1	R	5	49	2	1143
53752	2	9	77.000	  46.753	  60.000	  60.000	  55.000	  65.455	SimB2	R	5	51	1	616
53752	2	10	46.579	  76.000	  59.000	  60.000	  64.364	  55.000	SimA2	R	2	50	3	626
53752	2	11	59.000	  61.000	  58.000	  53.776	  62.000	  50.081	Fill3	R	3	51	3	335
53752	2	12	46.753	  77.000	  60.000	  60.000	  63.158	  57.000	SimA2	R	3	49	2	282
53752	2	13	73.000	  47.630	  57.000	  61.000	  52.000	  66.865	SimB2	R	3	50	1	237
53752	2	14	78.000	  46.141	  61.000	  59.000	  57.000	  63.140	SimB2	R	4	51	2	152
53752	2	15	47.532	  77.000	  60.000	  61.000	  63.103	  58.000	SimA2	R	4	50	1	242
53752	2	16	44.577	  78.000	  57.000	  61.000	  41.577	  83.628	SimA1	R	3	50	1	262
53752	2	17	47.705	  78.000	  61.000	  61.000	  65.281	  57.000	SimA2	R	6	49	3	223
53752	2	18	48.158	  76.000	  61.000	  60.000	  65.357	  56.000	SimA2	R	5	51	1	273
53752	2	19	45.627	  75.000	  58.000	  59.000	  61.107	  56.000	SimA2	R	4	51	2	203
53752	2	20	91.000	  36.967	  89.000	  33.000	  94.000	  30.904	Fill1	R	1	49	1	178
53752	2	21	77.000	  45.974	  60.000	  59.000	  57.000	  62.105	SimB2	R	4	49	3	265
53752	2	22	48.000	  75.000	  60.000	  60.000	  64.286	  56.000	SimA2	R	2	49	1	246
53752	2	23	39.989	  90.000	  36.989	  82.998	  40.989	  75.264	Fill5	R	3	50	1	102
53752	2	24	48.000	  75.000	  60.000	  60.000	  43.000	  83.721	SimA1	R	4	50	1	171
53752	2	25	76.000	  45.789	  60.000	  58.000	  57.000	  61.053	SimB2	R	2	51	2	116
53752	2	26	38.667	  87.000	  36.667	  77.455	  40.667	  69.443	Fill5	R	3	51	3	193
53752	2	27	76.000	  48.961	  61.000	  61.000	  56.000	  66.446	SimB2	R	2	51	2	166
53752	2	28	58.000	  58.000	  56.000	  51.339	  59.000	  48.915	Fill3	R	3	51	3	127
53752	2	29	50.833	  72.000	  48.833	  65.877	  52.833	  60.379	Fill4	R	5	49	2	152
53752	2	30	46.877	  73.000	  59.000	  58.000	  43.877	  77.991	SimA1	R	4	50	1	232
53752	2	31	45.627	  75.000	  58.000	  59.000	  41.627	  82.207	SimA1	R	1	51	3	160
53752	2	32	72.000	  46.722	  70.000	  41.629	  75.000	  39.400	Fill2	R	1	49	1	197
53752	2	33	47.838	  74.000	  60.000	  59.000	  64.364	  55.000	SimA2	R	2	49	1	201
53752	2	34	41.560	  91.000	  39.560	  81.698	  42.560	  77.067	Fill5	R	1	50	2	117
53752	2	35	47.532	  77.000	  60.000	  61.000	  44.532	  82.187	SimA1	R	5	51	1	226
53752	2	36	77.000	  46.753	  60.000	  60.000	  82.280	  43.753	SimB1	R	4	50	1	153
53752	2	37	46.400	  75.000	  60.000	  58.000	  43.400	  80.184	SimA1	R	4	49	3	182
53752	2	38	77.000	  47.532	  60.000	  61.000	  56.000	  65.357	SimB2	R	3	50	1	55
53752	2	39	46.923	  78.000	  60.000	  61.000	  43.923	  83.327	SimA1	R	5	50	3	107
53752	2	40	48.158	  76.000	  61.000	  60.000	  45.158	  81.049	SimA1	R	4	50	1	143
53752	2	41	77.000	  46.753	  60.000	  60.000	  82.280	  43.753	SimB1	R	2	51	2	200
53752	2	42	46.141	  78.000	  59.000	  61.000	  64.268	  56.000	SimA2	R	2	49	1	257
53752	2	43	76.000	  46.579	  59.000	  60.000	  56.000	  63.214	SimB2	R	4	50	1	121
53752	2	44	76.000	  47.355	  59.000	  61.000	  55.000	  65.436	SimB2	R	5	51	1	139
53752	2	45	75.000	  48.800	  60.000	  61.000	  57.000	  64.211	SimB2	R	5	49	2	120
53752	2	46	46.579	  76.000	  59.000	  60.000	  42.579	  83.140	SimA1	R	5	49	2	883
53752	2	47	46.753	  77.000	  60.000	  60.000	  42.753	  84.204	SimA1	R	5	49	2	462
53752	2	48	77.000	  45.974	  60.000	  59.000	  86.396	  40.974	SimB1	R	5	49	2	989
53752	2	49	77.000	  47.532	  61.000	  60.000	  86.052	  42.532	SimB1	R	5	49	2	653
53752	2	50	46.923	  78.000	  60.000	  61.000	  65.357	  56.000	SimA2	R	5	51	1	1062
53752	2	51	76.000	  45.789	  60.000	  58.000	  81.328	  42.789	SimB1	R	4	49	3	759
53752	2	52	47.838	  74.000	  60.000	  59.000	  44.838	  78.951	SimA1	R	2	51	2	954
53752	2	53	76.000	  45.026	  59.000	  58.000	  54.000	  63.370	SimB2	R	2	49	1	658
53752	2	54	49.301	  73.000	  46.301	  67.860	  50.301	  62.941	Fill4	R	3	50	1	1929
53752	2	55	76.000	  47.355	  59.000	  61.000	  84.972	  42.355	SimB1	R	4	49	3	1112
53752	2	56	46.141	  78.000	  59.000	  61.000	  42.141	  85.404	SimA1	R	2	49	1	1436
53752	2	57	95.000	  39.811	  93.000	  36.344	  98.000	  33.765	Fill1	R	4	49	3	651
53752	2	58	60.000	  61.000	  59.000	  53.898	  63.000	  50.444	Fill3	R	2	49	1	1686
53752	2	59	76.000	  45.026	  59.000	  58.000	  81.425	  42.026	SimB1	R	3	49	2	2034
53752	2	60	74.000	  46.243	  58.000	  59.000	  54.000	  63.370	SimB2	R	4	50	1	2233
53752	2	61	48.754	  69.000	  46.754	  62.840	  49.754	  57.865	Fill4	R	3	50	1	1393
53752	2	62	75.000	  48.800	  60.000	  61.000	  83.562	  43.800	SimB1	R	6	49	3	891
53752	2	63	53.268	  71.000	  52.268	  63.577	  54.268	  60.773	Fill4	R	2	49	1	1422
53752	2	64	77.000	  46.753	  60.000	  60.000	  55.000	  65.455	SimB2	R	3	50	1	1489
53752	2	65	76.000	  48.961	  61.000	  61.000	  82.761	  44.961	SimB1	R	1	50	2	1380
53752	2	66	46.877	  73.000	  59.000	  58.000	  64.566	  53.000	SimA2	R	5	51	1	1352
53752	2	67	91.000	  39.549	  90.000	  35.178	  94.000	  33.032	Fill1	R	1	49	1	780
53752	2	68	93.000	  39.355	  90.000	  35.533	  96.000	  33.750	Fill1	R	4	50	1	1609
53752	2	69	77.000	  47.532	  61.000	  60.000	  57.000	  64.211	SimB2	R	6	51	1	910
53752	2	70	76.000	  46.579	  59.000	  60.000	  85.139	  41.579	SimB1	R	5	49	2	1841
53752	2	71	75.000	  47.987	  72.000	  43.819	  77.000	  41.545	Fill2	R	1	49	1	1331
53752	2	72	77.000	  49.117	  74.000	  44.689	  78.000	  43.051	Fill2	R	1	49	1	924
53752	2	73	77.000	  46.753	  60.000	  60.000	  82.280	  43.753	SimB1	R	3	49	2	1630
53752	2	74	47.987	  75.000	  61.000	  59.000	  44.987	  80.001	SimA1	R	4	51	2	892
53752	2	75	46.400	  75.000	  60.000	  58.000	  65.660	  53.000	SimA2	R	4	49	3	803
53752	2	76	46.753	  77.000	  60.000	  60.000	  42.753	  84.204	SimA1	R	1	50	2	1931
53752	2	77	77.000	  47.532	  60.000	  61.000	  86.052	  42.532	SimB1	R	5	49	2	738
53752	2	78	62.000	  61.000	  60.000	  56.000	  65.000	  51.600	Fill3	R	4	49	3	1542
53752	2	79	46.753	  77.000	  60.000	  60.000	  65.455	  55.000	SimA2	R	2	50	3	1379
53752	2	80	74.000	  46.243	  58.000	  59.000	  79.134	  43.243	SimB1	R	3	50	1	1831
53752	3	1	77.000	  47.532	  75.000	  42.800	  80.000	  40.025	Fill2	R	2	49	1	1785
53752	3	2	46.740	  77.000	  59.000	  61.000	  63.140	  57.000	SimA2	R	4	49	3	1245
53752	3	3	47.173	  75.000	  61.000	  58.000	  44.173	  80.094	SimA1	R	6	51	1	736
53752	3	4	48.312	  77.000	  60.000	  62.000	  43.312	  85.889	SimA1	R	3	49	2	757
53752	3	5	40.213	  94.000	  39.213	  83.621	  41.213	  78.398	Fill5	R	2	49	1	711
53752	3	6	72.000	  47.528	  69.000	  43.580	  73.000	  40.315	Fill2	R	5	51	1	690
53752	3	7	77.000	  46.753	  60.000	  60.000	  82.280	  43.753	SimB1	R	5	49	2	417
53752	3	8	60.000	  63.000	  57.000	  59.175	  63.000	  52.492	Fill3	R	1	51	3	287
53752	3	9	48.886	  70.000	  47.886	  61.918	  50.886	  58.012	Fill4	R	5	49	2	127
53752	3	10	76.000	  48.961	  61.000	  61.000	  80.961	  45.961	SimB1	R	3	50	1	63
53752	3	11	77.000	  48.312	  62.000	  60.000	  85.889	  43.312	SimB1	R	3	50	1	102
53752	3	12	76.000	  46.579	  60.000	  59.000	  55.000	  64.364	SimB2	R	2	50	3	45
53752	3	13	76.000	  48.961	  61.000	  61.000	  56.000	  66.446	SimB2	R	6	51	1	119
53752	3	14	77.000	  48.312	  62.000	  60.000	  59.000	  63.051	SimB2	R	4	49	3	59
53752	3	15	92.000	  40.446	  90.000	  36.011	  93.000	  35.634	Fill1	R	1	51	3	212
53752	3	16	48.312	  77.000	  62.000	  60.000	  66.429	  56.000	SimA2	R	5	49	2	137
53752	3	17	38.449	  89.000	  36.449	  79.562	  40.449	  71.892	Fill5	R	2	49	1	240
53752	3	18	76.000	  48.961	  61.000	  61.000	  82.761	  44.961	SimB1	R	6	50	2	40
53752	3	19	48.312	  77.000	  62.000	  60.000	  44.312	  83.951	SimA1	R	1	50	2	58
53752	3	20	58.000	  59.000	  57.000	  52.614	  61.000	  48.180	Fill3	R	5	50	3	131
53752	3	21	48.961	  76.000	  61.000	  61.000	  65.281	  57.000	SimA2	R	1	51	3	88
53752	3	22	77.000	  46.753	  60.000	  60.000	  56.000	  64.286	SimB2	R	4	49	3	74
53752	3	23	48.961	  76.000	  61.000	  61.000	  64.155	  58.000	SimA2	R	3	50	1	62
53752	3	24	51.081	  74.000	  48.081	  68.925	  52.081	  63.862	Fill4	R	5	51	1	62
53752	3	25	77.000	  49.117	  62.000	  61.000	  82.009	  46.117	SimB1	R	5	49	2	36
53752	3	26	49.282	  78.000	  62.000	  62.000	  67.439	  57.000	SimA2	R	3	49	2	176
53752	3	27	74.000	  48.635	  59.000	  61.000	  82.479	  43.635	SimB1	R	3	50	1	42
53752	3	28	78.000	  46.923	  61.000	  60.000	  85.269	  42.923	SimB1	R	4	50	1	493
53752	3	29	41.124	  89.000	  40.124	  78.707	  43.124	  72.489	Fill5	R	1	49	1	141
53752	3	30	48.961	  76.000	  61.000	  61.000	  45.961	  80.961	SimA1	R	2	51	2	122
53752	3	31	48.487	  78.000	  62.000	  61.000	  44.487	  85.013	SimA1	R	3	51	3	58
53752	3	32	75.000	  47.200	  59.000	  60.000	  56.000	  63.214	SimB2	R	4	49	3	472
53752	3	33	51.681	  72.000	  50.681	  64.502	  52.681	  61.788	Fill4	R	3	49	2	132
53752	3	34	76.000	  48.961	  61.000	  61.000	  57.000	  65.281	SimB2	R	1	50	2	114
53752	3	35	77.000	  49.922	  62.000	  62.000	  57.000	  67.439	SimB2	R	6	50	2	81
53752	3	36	74.000	  51.081	  73.000	  46.137	  76.000	  44.289	Fill2	R	3	51	3	36
53752	3	37	76.000	  46.579	  60.000	  59.000	  83.140	  42.579	SimB1	R	3	51	3	330
53752	3	38	48.000	  75.000	  60.000	  60.000	  44.000	  81.818	SimA1	R	4	51	2	160
53752	3	39	41.344	  90.000	  38.344	  83.976	  42.344	  74.909	Fill5	R	4	51	2	94
53752	3	40	47.532	  77.000	  61.000	  60.000	  44.532	  82.187	SimA1	R	2	49	1	73
53752	3	41	75.000	  49.600	  60.000	  62.000	  81.579	  45.600	SimB1	R	5	50	3	103
53752	3	42	76.000	  48.947	  60.000	  62.000	  80.962	  45.947	SimB1	R	1	50	2	35
53752	3	43	75.000	  49.600	  60.000	  62.000	  55.000	  67.636	SimB2	R	4	50	1	15
53752	3	44	75.000	  49.613	  74.000	  43.811	  76.000	  43.382	Fill2	R	3	51	3	19
53752	3	45	89.000	  38.449	  86.000	  34.907	  92.000	  31.848	Fill1	R	1	51	3	132
53752	3	46	77.000	  49.922	  62.000	  62.000	  83.707	  45.922	SimB1	R	3	51	3	157
53752	3	47	61.000	  61.000	  58.000	  57.086	  64.000	  50.797	Fill3	R	5	51	1	102
53752	3	48	51.549	  71.000	  50.549	  62.810	  53.549	  59.795	Fill4	R	5	50	3	523
53752	3	49	77.000	  45.948	  61.000	  58.000	  86.402	  40.948	SimB1	R	2	51	2	117
53752	3	50	76.000	  48.961	  61.000	  61.000	  58.000	  64.155	SimB2	R	2	50	3	35
53752	3	51	47.532	  77.000	  61.000	  60.000	  64.211	  57.000	SimA2	R	4	50	1	80
53752	3	52	47.692	  78.000	  60.000	  62.000	  65.263	  57.000	SimA2	R	4	51	2	59
53752	3	53	93.000	  40.645	  90.000	  36.544	  96.000	  34.938	Fill1	R	4	49	3	61
53752	3	54	77.000	  49.117	  62.000	  61.000	  57.000	  66.351	SimB2	R	2	49	1	31
53752	3	55	48.312	  77.000	  60.000	  62.000	  65.263	  57.000	SimA2	R	1	49	1	115
53752	3	56	92.000	  39.783	  89.000	  36.494	  93.000	  34.914	Fill1	R	1	49	1	63
53752	3	57	45.974	  77.000	  59.000	  60.000	  64.364	  55.000	SimA2	R	1	50	2	45
53752	3	58	74.000	  48.635	  59.000	  61.000	  55.000	  65.436	SimB2	R	6	50	2	14
53752	3	59	48.487	  78.000	  62.000	  61.000	  65.207	  58.000	SimA2	R	5	51	1	14
53752	3	60	47.532	  77.000	  61.000	  60.000	  66.545	  55.000	SimA2	R	5	49	2	11
53752	3	61	47.692	  78.000	  60.000	  62.000	  43.692	  85.141	SimA1	R	1	49	1	59
53752	3	62	46.740	  77.000	  59.000	  61.000	  42.740	  84.206	SimA1	R	1	49	1	63
53752	3	63	75.000	  47.200	  59.000	  60.000	  83.886	  42.200	SimB1	R	4	50	1	466
53752	3	64	48.961	  76.000	  61.000	  61.000	  44.961	  82.761	SimA1	R	4	50	1	132
53752	3	65	77.000	  45.948	  61.000	  58.000	  57.000	  62.070	SimB2	R	3	51	3	59
53752	3	66	76.000	  48.947	  60.000	  62.000	  57.000	  65.263	SimB2	R	6	51	1	70
53752	3	67	61.000	  60.000	  59.000	  55.220	  64.000	  50.891	Fill3	R	3	49	2	37
53752	3	68	47.532	  77.000	  61.000	  60.000	  43.532	  84.075	SimA1	R	2	50	3	7
53752	3	69	78.000	  46.923	  61.000	  60.000	  57.000	  64.211	SimB2	R	5	51	1	44
53752	3	70	45.974	  77.000	  59.000	  60.000	  42.974	  82.375	SimA1	R	4	51	2	1132
53752	3	71	47.173	  75.000	  61.000	  58.000	  66.755	  53.000	SimA2	R	5	51	1	933
53752	3	72	48.961	  76.000	  61.000	  61.000	  65.281	  57.000	SimA2	R	2	49	1	782
53752	3	73	76.000	  48.961	  61.000	  61.000	  84.644	  43.961	SimB1	R	4	51	2	595
53752	3	74	77.000	  47.532	  61.000	  60.000	  57.000	  64.211	SimB2	R	2	49	1	454
53752	3	75	46.579	  76.000	  60.000	  59.000	  63.214	  56.000	SimA2	R	5	51	1	736
53752	3	76	48.961	  76.000	  61.000	  61.000	  44.961	  82.761	SimA1	R	2	51	2	1212
53752	3	77	48.000	  75.000	  60.000	  60.000	  63.158	  57.000	SimA2	R	3	51	3	898
53752	3	78	77.000	  47.532	  61.000	  60.000	  82.187	  44.532	SimB1	R	5	50	3	556
53752	3	79	46.579	  76.000	  60.000	  59.000	  42.579	  83.140	SimA1	R	5	49	2	842
53752	3	80	49.282	  78.000	  62.000	  62.000	  45.282	  84.890	SimA1	R	3	50	1	993
53752	4	1	46.141	  78.000	  59.000	  61.000	  43.141	  83.424	SimA1	R	2	51	2	782
53752	4	2	94.000	  38.936	  92.000	  34.967	  97.000	  32.990	Fill1	R	2	49	1	573
53752	4	3	52.286	  70.000	  51.286	  62.669	  54.286	  58.358	Fill4	R	4	50	1	1371
53752	4	4	76.000	  47.355	  61.000	  59.000	  56.000	  64.268	SimB2	R	1	49	1	843
53752	4	5	47.368	  76.000	  60.000	  60.000	  44.368	  81.139	SimA1	R	4	51	2	795
53752	4	6	46.141	  78.000	  59.000	  61.000	  63.140	  57.000	SimA2	R	2	49	1	1159
53752	4	7	77.000	  46.753	  60.000	  60.000	  57.000	  63.158	SimB2	R	1	51	3	518
53752	4	8	40.220	  91.000	  38.220	  82.078	  41.220	  75.546	Fill5	R	5	49	2	127
53752	4	9	91.000	  40.220	  89.000	  35.809	  93.000	  34.215	Fill1	R	5	49	2	118
53752	4	10	76.000	  47.368	  60.000	  60.000	  56.000	  64.286	SimB2	R	5	50	3	470
53752	4	11	73.000	  47.671	  58.000	  60.000	  54.000	  64.444	SimB2	R	5	51	1	92
53752	4	12	46.579	  76.000	  59.000	  60.000	  41.579	  85.139	SimA1	R	4	49	3	6
53752	4	13	77.000	  48.325	  61.000	  61.000	  85.886	  43.325	SimB1	R	3	49	2	208
53752	4	14	73.000	  47.671	  58.000	  60.000	  77.902	  44.671	SimB1	R	3	49	2	701
53752	4	15	76.000	  48.132	  59.000	  62.000	  82.888	  44.132	SimB1	R	2	50	3	84
53752	4	16	48.000	  75.000	  60.000	  60.000	  64.286	  56.000	SimA2	R	1	51	3	71
53752	4	17	47.506	  77.000	  59.000	  62.000	  64.175	  57.000	SimA2	R	4	49	3	11
53752	4	18	77.000	  46.753	  60.000	  60.000	  82.280	  43.753	SimB1	R	3	49	2	102
53752	4	19	46.753	  77.000	  60.000	  60.000	  41.753	  86.221	SimA1	R	3	50	1	416
53752	4	20	61.000	  60.000	  60.000	  53.433	  62.000	  52.468	Fill3	R	1	50	2	211
53752	4	21	46.753	  77.000	  60.000	  60.000	  43.753	  82.280	SimA1	R	4	50	1	75
53752	4	22	74.000	  46.243	  59.000	  58.000	  79.134	  43.243	SimB1	R	2	51	2	92
53752	4	23	46.877	  73.000	  59.000	  58.000	  62.218	  55.000	SimA2	R	5	51	1	18
53752	4	24	77.000	  47.532	  74.000	  43.541	  79.000	  40.051	Fill2	R	6	49	3	401
53752	4	25	41.124	  89.000	  40.124	  78.732	  42.124	  74.471	Fill5	R	1	49	1	163
53752	4	26	57.000	  59.000	  55.000	  52.109	  58.000	  49.414	Fill3	R	3	51	3	204
53752	4	27	46.579	  76.000	  60.000	  59.000	  43.579	  81.232	SimA1	R	3	50	1	77
53752	4	28	46.579	  76.000	  59.000	  60.000	  64.364	  55.000	SimA2	R	2	49	1	435
53752	4	29	40.667	  90.000	  37.667	  82.726	  42.667	  73.523	Fill5	R	4	50	1	2
53752	4	30	48.487	  78.000	  61.000	  62.000	  66.351	  57.000	SimA2	R	5	50	3	366
53752	4	31	45.789	  76.000	  58.000	  60.000	  61.053	  57.000	SimA2	R	3	49	2	716
53752	4	32	50.833	  72.000	  49.833	  64.977	  52.833	  60.681	Fill4	R	4	49	3	107
53752	4	33	90.000	  37.367	  87.000	  33.598	  91.000	  32.033	Fill1	R	5	50	3	363
53752	4	34	47.200	  75.000	  60.000	  59.000	  43.200	  81.944	SimA1	R	2	51	2	153
53752	4	35	48.000	  75.000	  60.000	  60.000	  43.000	  83.721	SimA1	R	5	50	3	24
53752	4	36	47.705	  78.000	  61.000	  61.000	  44.705	  83.234	SimA1	R	3	49	2	4
53752	4	37	72.000	  46.708	  70.000	  41.314	  75.000	  38.493	Fill2	R	5	49	2	66
53752	4	38	76.000	  46.579	  59.000	  60.000	  85.139	  41.579	SimB1	R	2	50	3	47
53752	4	39	76.000	  48.158	  75.000	  43.240	  77.000	  42.078	Fill2	R	4	51	2	402
53752	4	40	76.000	  46.579	  60.000	  59.000	  55.000	  64.364	SimB2	R	4	51	2	91
53752	4	41	76.000	  47.355	  59.000	  61.000	  84.972	  42.355	SimB1	R	6	51	1	108
53752	4	42	74.000	  46.243	  59.000	  58.000	  55.000	  62.218	SimB2	R	3	49	2	468
53752	4	43	75.000	  48.000	  60.000	  60.000	  57.000	  63.158	SimB2	R	5	50	3	39
53752	4	44	52.286	  70.000	  50.286	  62.901	  54.286	  58.487	Fill4	R	3	51	3	521
53752	4	45	37.787	  89.000	  35.787	  79.387	  38.787	  72.886	Fill5	R	2	50	3	93
53752	4	46	47.506	  77.000	  59.000	  62.000	  42.506	  86.057	SimA1	R	2	49	1	72
53752	4	47	76.000	  47.355	  61.000	  59.000	  83.012	  43.355	SimB1	R	4	51	2	556
53752	4	48	47.705	  78.000	  61.000	  61.000	  64.155	  58.000	SimA2	R	3	50	1	86
53752	4	49	46.141	  78.000	  59.000	  61.000	  43.141	  83.424	SimA1	R	4	49	3	100
53752	4	50	46.877	  73.000	  59.000	  58.000	  42.877	  79.810	SimA1	R	1	49	1	25
53752	4	51	74.000	  48.635	  59.000	  61.000	  54.000	  66.648	SimB2	R	2	50	3	110
53752	4	52	76.000	  47.368	  60.000	  60.000	  83.010	  43.368	SimB1	R	6	50	2	86
53752	4	53	75.000	  48.000	  60.000	  60.000	  81.818	  44.000	SimB1	R	2	51	2	4
53752	4	54	77.000	  45.974	  60.000	  59.000	  86.396	  40.974	SimB1	R	3	51	3	91
53752	4	55	61.000	  60.000	  58.000	  55.638	  63.000	  51.000	Fill3	R	4	49	3	453
53752	4	56	46.579	  76.000	  60.000	  59.000	  64.364	  55.000	SimA2	R	5	49	2	210
53752	4	57	78.000	  48.487	  61.000	  62.000	  57.000	  66.351	SimB2	R	2	50	3	72
53752	4	58	76.000	  46.579	  60.000	  59.000	  81.232	  43.579	SimB1	R	6	49	3	133
53752	4	59	75.000	  48.800	  74.000	  44.000	  77.000	  42.221	Fill2	R	4	49	3	99
53752	4	60	46.753	  77.000	  60.000	  60.000	  64.286	  56.000	SimA2	R	4	49	3	101
53752	4	61	74.000	  48.635	  59.000	  61.000	  78.865	  45.635	SimB1	R	2	51	2	475
53752	4	62	78.000	  48.487	  61.000	  62.000	  85.013	  44.487	SimB1	R	5	51	1	263
53752	4	63	48.635	  74.000	  61.000	  59.000	  66.648	  54.000	SimA2	R	4	50	1	426
53752	4	64	76.000	  47.355	  59.000	  61.000	  54.000	  66.648	SimB2	R	6	49	3	175
53752	4	65	76.000	  46.579	  59.000	  60.000	  54.000	  65.556	SimB2	R	1	50	2	51
53752	4	66	45.789	  76.000	  58.000	  60.000	  40.789	  85.316	SimA1	R	6	51	1	90
53752	4	67	47.368	  76.000	  60.000	  60.000	  64.286	  56.000	SimA2	R	4	49	3	100
53752	4	68	75.000	  48.000	  60.000	  60.000	  57.000	  63.158	SimB2	R	3	50	1	26
53752	4	69	46.141	  78.000	  59.000	  61.000	  62.052	  58.000	SimA2	R	1	50	2	67
53752	4	70	48.487	  78.000	  61.000	  62.000	  44.487	  85.013	SimA1	R	3	49	2	474
53752	4	71	48.739	  69.000	  46.739	  62.753	  50.739	  57.352	Fill4	R	3	49	2	145
53752	4	72	47.200	  75.000	  60.000	  59.000	  63.214	  56.000	SimA2	R	4	49	3	103
53752	4	73	46.753	  77.000	  60.000	  60.000	  65.455	  55.000	SimA2	R	3	51	3	350
53752	4	74	94.000	  38.936	  92.000	  35.283	  96.000	  33.698	Fill1	R	4	51	2	34
53752	4	75	48.635	  74.000	  61.000	  59.000	  44.635	  80.632	SimA1	R	3	50	1	373
53752	4	76	75.000	  48.000	  60.000	  60.000	  80.000	  45.000	SimB1	R	2	50	3	174
53752	4	77	77.000	  45.974	  60.000	  59.000	  55.000	  64.364	SimB2	R	5	50	3	42
53752	4	78	76.000	  48.132	  59.000	  62.000	  55.000	  66.509	SimB2	R	5	50	3	50
53752	4	79	77.000	  48.325	  61.000	  61.000	  56.000	  66.446	SimB2	R	5	50	3	9
53752	4	80	60.000	  61.000	  57.000	  56.772	  63.000	  50.381	Fill3	R	3	50	1	76
53752	5	1	46.923	  78.000	  60.000	  61.000	  43.923	  83.327	SimA1	R	2	49	1	1001
53752	5	2	95.000	  39.811	  93.000	  36.344	  98.000	  33.765	Fill1	R	4	49	3	211
53752	5	3	39.989	  90.000	  36.989	  82.998	  40.989	  75.264	Fill5	R	2	50	3	58
53752	5	4	47.705	  78.000	  61.000	  61.000	  65.281	  57.000	SimA2	R	4	51	2	45
53752	5	5	75.000	  48.800	  60.000	  61.000	  57.000	  64.211	SimB2	R	2	51	2	22
53752	5	6	47.705	  78.000	  61.000	  61.000	  43.705	  85.139	SimA1	R	5	50	3	18
53752	5	7	78.000	  46.141	  61.000	  59.000	  85.404	  42.141	SimB1	R	3	49	2	81
53752	5	8	77.000	  45.974	  60.000	  59.000	  86.396	  40.974	SimB1	R	3	50	1	34
53752	5	9	76.000	  45.789	  60.000	  58.000	  57.000	  61.053	SimB2	R	4	51	2	2
53752	5	10	78.000	  46.141	  61.000	  59.000	  57.000	  63.140	SimB2	R	4	51	2	9
53752	5	11	38.667	  87.000	  36.667	  77.455	  40.667	  69.443	Fill5	R	3	50	1	574
53752	5	12	48.754	  69.000	  46.754	  62.840	  49.754	  57.865	Fill4	R	5	49	2	10
53752	5	13	45.627	  75.000	  58.000	  59.000	  41.627	  82.207	SimA1	R	3	49	2	92
53752	5	14	58.000	  58.000	  56.000	  51.339	  59.000	  48.915	Fill3	R	5	49	2	123
53752	5	15	77.000	  47.532	  60.000	  61.000	  56.000	  65.357	SimB2	R	5	50	3	500
53752	5	16	44.577	  78.000	  57.000	  61.000	  41.577	  83.628	SimA1	R	3	50	1	61
53752	5	17	47.838	  74.000	  60.000	  59.000	  44.838	  78.951	SimA1	R	2	51	2	57
53752	5	18	46.753	  77.000	  60.000	  60.000	  42.753	  84.204	SimA1	R	5	51	1	22
53752	5	19	76.000	  47.355	  59.000	  61.000	  55.000	  65.436	SimB2	R	2	51	2	58
53752	5	20	59.000	  61.000	  58.000	  53.776	  62.000	  50.081	Fill3	R	4	51	2	553
53752	5	21	46.753	  77.000	  60.000	  60.000	  42.753	  84.204	SimA1	R	2	50	3	68
53752	5	22	76.000	  46.579	  59.000	  60.000	  56.000	  63.214	SimB2	R	2	50	3	95
53752	5	23	48.158	  76.000	  61.000	  60.000	  65.357	  56.000	SimA2	R	4	50	1	42
53752	5	24	73.000	  47.630	  57.000	  61.000	  52.000	  66.865	SimB2	R	2	50	3	36
53752	5	25	77.000	  47.532	  60.000	  61.000	  86.052	  42.532	SimB1	R	4	50	1	3
53752	5	26	91.000	  36.967	  89.000	  33.000	  94.000	  30.904	Fill1	R	5	50	3	59
53752	5	27	46.141	  78.000	  59.000	  61.000	  42.141	  85.404	SimA1	R	3	50	1	41
53752	5	28	77.000	  46.753	  60.000	  60.000	  82.280	  43.753	SimB1	R	6	50	2	488
53752	5	29	47.987	  75.000	  61.000	  59.000	  66.648	  54.000	SimA2	R	4	50	1	157
53752	5	30	77.000	  47.532	  61.000	  60.000	  57.000	  64.211	SimB2	R	5	49	2	49
53752	5	31	77.000	  47.532	  61.000	  60.000	  86.052	  42.532	SimB1	R	5	51	1	475
53752	5	32	47.987	  75.000	  61.000	  59.000	  44.987	  80.001	SimA1	R	3	51	3	87
53752	5	33	47.532	  77.000	  60.000	  61.000	  63.103	  58.000	SimA2	R	4	51	2	36
53752	5	34	41.560	  91.000	  39.560	  81.698	  42.560	  77.067	Fill5	R	3	49	2	450
53752	5	35	76.000	  47.355	  59.000	  61.000	  84.972	  42.355	SimB1	R	3	49	2	529
53752	5	36	77.000	  45.974	  60.000	  59.000	  57.000	  62.105	SimB2	R	6	50	2	27
53752	5	37	46.400	  75.000	  60.000	  58.000	  43.400	  80.184	SimA1	R	5	50	3	2
53752	5	38	77.000	  46.753	  60.000	  60.000	  57.000	  63.158	SimB2	R	4	50	1	425
53752	5	39	46.400	  75.000	  60.000	  58.000	  65.660	  53.000	SimA2	R	3	50	1	159
53752	5	40	62.000	  61.000	  60.000	  56.000	  65.000	  51.600	Fill3	R	2	49	1	110
53752	5	41	48.000	  75.000	  60.000	  60.000	  43.000	  83.721	SimA1	R	6	49	3	494
53752	5	42	74.000	  46.243	  58.000	  59.000	  79.134	  43.243	SimB1	R	5	49	2	215
53752	5	43	60.000	  61.000	  59.000	  53.898	  63.000	  50.444	Fill3	R	6	51	1	60
53752	5	44	47.532	  77.000	  60.000	  61.000	  44.532	  82.187	SimA1	R	4	51	2	85
53752	5	45	77.000	  46.753	  60.000	  60.000	  82.280	  43.753	SimB1	R	2	51	2	111
53752	5	46	48.000	  75.000	  60.000	  60.000	  64.286	  56.000	SimA2	R	1	49	1	565
53752	5	47	75.000	  48.800	  60.000	  61.000	  83.562	  43.800	SimB1	R	1	49	1	105
53752	5	48	91.000	  39.549	  90.000	  35.178	  94.000	  33.032	Fill1	R	6	49	3	47
53752	5	49	73.000	  47.630	  57.000	  61.000	  81.562	  42.630	SimB1	R	2	49	1	52
53752	5	50	46.877	  73.000	  59.000	  58.000	  43.877	  77.991	SimA1	R	5	50	3	8
53752	5	51	74.000	  46.243	  58.000	  59.000	  54.000	  63.370	SimB2	R	4	50	1	36
53752	5	52	46.141	  78.000	  59.000	  61.000	  64.268	  56.000	SimA2	R	2	49	1	455
53752	5	53	45.627	  75.000	  58.000	  59.000	  61.107	  56.000	SimA2	R	5	49	2	106
53752	5	54	75.000	  47.987	  72.000	  43.819	  77.000	  41.545	Fill2	R	2	51	2	26
53752	5	55	46.877	  73.000	  59.000	  58.000	  64.566	  53.000	SimA2	R	6	51	1	116
53752	5	56	76.000	  48.961	  61.000	  61.000	  82.761	  44.961	SimB1	R	5	49	2	481
53752	5	57	76.000	  45.026	  59.000	  58.000	  81.425	  42.026	SimB1	R	5	49	2	71
53752	5	58	49.301	  73.000	  46.301	  67.860	  50.301	  62.941	Fill4	R	4	49	3	42
53752	5	59	48.158	  76.000	  61.000	  60.000	  45.158	  81.049	SimA1	R	5	49	2	16
53752	5	60	39.783	  92.000	  37.783	  83.133	  41.783	  74.481	Fill5	R	2	50	3	66
53752	5	61	46.923	  78.000	  60.000	  61.000	  65.357	  56.000	SimA2	R	5	50	3	64
53752	5	62	76.000	  46.579	  59.000	  60.000	  85.139	  41.579	SimB1	R	4	50	1	38
53752	5	63	76.000	  48.961	  61.000	  61.000	  56.000	  66.446	SimB2	R	2	51	2	454
53752	5	64	77.000	  49.117	  74.000	  44.689	  78.000	  43.051	Fill2	R	4	51	2	62
53752	5	65	46.579	  76.000	  59.000	  60.000	  42.579	  83.140	SimA1	R	4	51	2	60
53752	5	66	47.838	  74.000	  60.000	  59.000	  64.364	  55.000	SimA2	R	2	51	2	50
53752	5	67	77.000	  46.753	  60.000	  60.000	  55.000	  65.455	SimB2	R	6	51	1	28
53752	5	68	76.000	  48.158	  74.000	  43.716	  78.000	  41.282	Fill2	R	2	49	1	70
53752	5	69	77.000	  46.753	  60.000	  60.000	  82.280	  43.753	SimB1	R	2	49	1	59
53752	5	70	76.000	  45.789	  60.000	  58.000	  81.328	  42.789	SimB1	R	6	49	3	129
53752	5	71	77.000	  46.753	  60.000	  60.000	  55.000	  65.455	SimB2	R	4	49	3	75
53752	5	72	46.579	  76.000	  59.000	  60.000	  64.364	  55.000	SimA2	R	3	49	2	20
53752	5	73	46.753	  77.000	  60.000	  60.000	  63.158	  57.000	SimA2	R	3	49	2	62
53752	5	74	76.000	  45.026	  59.000	  58.000	  54.000	  63.370	SimB2	R	5	49	2	61
53752	5	75	50.833	  72.000	  48.833	  65.877	  52.833	  60.379	Fill4	R	3	50	1	516
53752	5	76	72.000	  46.722	  70.000	  41.629	  75.000	  39.400	Fill2	R	3	50	1	31
53752	5	77	46.753	  77.000	  60.000	  60.000	  65.455	  55.000	SimA2	R	2	51	2	119
53752	5	78	44.577	  78.000	  57.000	  61.000	  61.000	  57.000	SimA2	R	1	51	3	5
53752	5	79	53.268	  71.000	  52.268	  63.577	  54.268	  60.773	Fill4	R	2	51	2	19
53752	5	80	93.000	  39.355	  90.000	  35.533	  96.000	  33.750	Fill1	R	2	50	3	16
53752	6	1	51.681	  72.000	  50.681	  64.502	  52.681	  61.788	Fill4	R	5	51	1	738
53752	6	2	47.532	  77.000	  61.000	  60.000	  64.211	  57.000	SimA2	R	6	51	1	162
53752	6	3	92.000	  40.446	  90.000	  36.011	  93.000	  35.634	Fill1	R	3	51	3	192
53752	6	4	48.312	  77.000	  62.000	  60.000	  44.312	  83.951	SimA1	R	4	50	1	71
53752	6	5	48.000	  75.000	  60.000	  60.000	  63.158	  57.000	SimA2	R	5	49	2	124
53752	6	6	76.000	  48.961	  61.000	  61.000	  82.761	  44.961	SimB1	R	5	51	1	78
53752	6	7	48.886	  70.000	  47.886	  61.918	  50.886	  58.012	Fill4	R	5	51	1	96
53752	6	8	78.000	  46.923	  61.000	  60.000	  57.000	  64.211	SimB2	R	1	50	2	48
53752	6	9	77.000	  46.753	  60.000	  60.000	  56.000	  64.286	SimB2	R	5	49	2	77
53752	6	10	47.532	  77.000	  61.000	  60.000	  44.532	  82.187	SimA1	R	5	51	1	40
53752	6	11	76.000	  48.961	  61.000	  61.000	  58.000	  64.155	SimB2	R	3	51	3	46
53752	6	12	61.000	  61.000	  58.000	  57.086	  64.000	  50.797	Fill3	R	5	51	1	56
53752	6	13	77.000	  48.312	  62.000	  60.000	  59.000	  63.051	SimB2	R	3	50	1	647
53752	6	14	75.000	  47.200	  59.000	  60.000	  56.000	  63.214	SimB2	R	5	49	2	103
53752	6	15	77.000	  49.117	  62.000	  61.000	  57.000	  66.351	SimB2	R	5	50	3	45
53752	6	16	77.000	  48.312	  62.000	  60.000	  85.889	  43.312	SimB1	R	1	51	3	34
53752	6	17	46.579	  76.000	  60.000	  59.000	  63.214	  56.000	SimA2	R	3	51	3	25
53752	6	18	45.974	  77.000	  59.000	  60.000	  42.974	  82.375	SimA1	R	5	51	1	93
53752	6	19	46.740	  77.000	  59.000	  61.000	  63.140	  57.000	SimA2	R	2	50	3	50
53752	6	20	77.000	  47.532	  75.000	  42.800	  80.000	  40.025	Fill2	R	4	50	1	519
53752	6	21	75.000	  49.613	  74.000	  43.811	  76.000	  43.382	Fill2	R	6	49	3	30
53752	6	22	77.000	  46.753	  60.000	  60.000	  82.280	  43.753	SimB1	R	4	49	3	82
53752	6	23	47.173	  75.000	  61.000	  58.000	  44.173	  80.094	SimA1	R	2	49	1	44
53752	6	24	41.344	  90.000	  38.344	  83.976	  42.344	  74.909	Fill5	R	6	50	2	439
53752	6	25	48.487	  78.000	  62.000	  61.000	  44.487	  85.013	SimA1	R	3	50	1	36
53752	6	26	47.692	  78.000	  60.000	  62.000	  65.263	  57.000	SimA2	R	3	50	1	36
53752	6	27	77.000	  45.948	  61.000	  58.000	  86.402	  40.948	SimB1	R	3	50	1	8
53752	6	28	72.000	  47.528	  69.000	  43.580	  73.000	  40.315	Fill2	R	5	51	1	117
53752	6	29	48.487	  78.000	  62.000	  61.000	  65.207	  58.000	SimA2	R	4	51	2	84
53752	6	30	78.000	  46.923	  61.000	  60.000	  85.269	  42.923	SimB1	R	4	51	2	27
53752	6	31	60.000	  63.000	  57.000	  59.175	  63.000	  52.492	Fill3	R	4	51	2	76
53752	6	32	89.000	  38.449	  86.000	  34.907	  92.000	  31.848	Fill1	R	4	50	1	2
53752	6	33	48.312	  77.000	  60.000	  62.000	  65.263	  57.000	SimA2	R	4	49	3	113
53752	6	34	75.000	  49.600	  60.000	  62.000	  81.579	  45.600	SimB1	R	2	49	1	36
53752	6	35	77.000	  47.532	  61.000	  60.000	  82.187	  44.532	SimB1	R	3	49	2	32
53752	6	36	48.312	  77.000	  60.000	  62.000	  43.312	  85.889	SimA1	R	2	49	1	46
53752	6	37	49.282	  78.000	  62.000	  62.000	  45.282	  84.890	SimA1	R	2	49	1	53
53752	6	38	76.000	  48.947	  60.000	  62.000	  57.000	  65.263	SimB2	R	4	49	3	83
53752	6	39	74.000	  48.635	  59.000	  61.000	  55.000	  65.436	SimB2	R	5	49	2	30
53752	6	40	77.000	  45.948	  61.000	  58.000	  57.000	  62.070	SimB2	R	1	49	1	28
53752	6	41	74.000	  51.081	  73.000	  46.137	  76.000	  44.289	Fill2	R	5	50	3	54
53752	6	42	40.213	  94.000	  39.213	  83.621	  41.213	  78.398	Fill5	R	2	50	3	442
53752	6	43	77.000	  49.922	  62.000	  62.000	  83.707	  45.922	SimB1	R	1	50	2	2
53752	6	44	48.961	  76.000	  61.000	  61.000	  64.155	  58.000	SimA2	R	3	50	1	23
53752	6	45	61.000	  60.000	  59.000	  55.220	  64.000	  50.891	Fill3	R	2	50	3	54
53752	6	46	41.124	  89.000	  40.124	  78.707	  43.124	  72.489	Fill5	R	6	50	2	11
53752	6	47	76.000	  46.579	  60.000	  59.000	  55.000	  64.364	SimB2	R	4	51	2	75
53752	6	48	75.000	  49.600	  60.000	  62.000	  55.000	  67.636	SimB2	R	5	51	1	40
53752	6	49	77.000	  49.922	  62.000	  62.000	  57.000	  67.439	SimB2	R	2	51	2	434
53752	6	50	48.312	  77.000	  62.000	  60.000	  66.429	  56.000	SimA2	R	2	51	2	395
53752	6	51	47.692	  78.000	  60.000	  62.000	  43.692	  85.141	SimA1	R	3	51	3	22
53752	6	52	48.961	  76.000	  61.000	  61.000	  65.281	  57.000	SimA2	R	5	51	1	87
53752	6	53	46.579	  76.000	  60.000	  59.000	  42.579	  83.140	SimA1	R	5	51	1	26
53752	6	54	47.532	  77.000	  61.000	  60.000	  43.532	  84.075	SimA1	R	6	51	1	166
53752	6	55	76.000	  48.947	  60.000	  62.000	  80.962	  45.947	SimB1	R	5	51	1	30
53752	6	56	76.000	  48.961	  61.000	  61.000	  57.000	  65.281	SimB2	R	3	50	1	60
53752	6	57	76.000	  48.961	  61.000	  61.000	  80.961	  45.961	SimB1	R	6	49	3	32
53752	6	58	47.173	  75.000	  61.000	  58.000	  66.755	  53.000	SimA2	R	4	49	3	72
53752	6	59	51.081	  74.000	  48.081	  68.925	  52.081	  63.862	Fill4	R	1	49	1	71
53752	6	60	93.000	  40.645	  90.000	  36.544	  96.000	  34.938	Fill1	R	1	49	1	51
53752	6	61	38.449	  89.000	  36.449	  79.562	  40.449	  71.892	Fill5	R	1	49	1	30
53752	6	62	47.532	  77.000	  61.000	  60.000	  66.545	  55.000	SimA2	R	3	50	1	62
53752	6	63	48.961	  76.000	  61.000	  61.000	  44.961	  82.761	SimA1	R	4	50	1	77
53752	6	64	48.961	  76.000	  61.000	  61.000	  45.961	  80.961	SimA1	R	3	50	1	50
53752	6	65	76.000	  46.579	  60.000	  59.000	  83.140	  42.579	SimB1	R	6	51	1	20
53752	6	66	48.961	  76.000	  61.000	  61.000	  44.961	  82.761	SimA1	R	2	51	2	24
53752	6	67	77.000	  49.117	  62.000	  61.000	  82.009	  46.117	SimB1	R	2	51	2	88
53752	6	68	75.000	  47.200	  59.000	  60.000	  83.886	  42.200	SimB1	R	1	50	2	558
53752	6	69	58.000	  59.000	  57.000	  52.614	  61.000	  48.180	Fill3	R	5	49	2	69
53752	6	70	51.549	  71.000	  50.549	  62.810	  53.549	  59.795	Fill4	R	4	49	3	8
53752	6	71	76.000	  48.961	  61.000	  61.000	  56.000	  66.446	SimB2	R	3	50	1	16
53752	6	72	49.282	  78.000	  62.000	  62.000	  67.439	  57.000	SimA2	R	3	51	3	78
53752	6	73	45.974	  77.000	  59.000	  60.000	  64.364	  55.000	SimA2	R	2	51	2	529
53752	6	74	48.961	  76.000	  61.000	  61.000	  65.281	  57.000	SimA2	R	5	51	1	50
53752	6	75	77.000	  47.532	  61.000	  60.000	  57.000	  64.211	SimB2	R	3	51	3	37
53752	6	76	76.000	  48.961	  61.000	  61.000	  84.644	  43.961	SimB1	R	2	50	3	489
53752	6	77	46.740	  77.000	  59.000	  61.000	  42.740	  84.206	SimA1	R	2	49	1	76
53752	6	78	48.000	  75.000	  60.000	  60.000	  44.000	  81.818	SimA1	R	1	49	1	73
53752	6	79	92.000	  39.783	  89.000	  36.494	  93.000	  34.914	Fill1	R	2	49	1	56
53752	6	80	74.000	  48.635	  59.000	  61.000	  82.479	  43.635	SimB1	R	4	49	3	71
53752	7	1	46.753	  77.000	  60.000	  60.000	  65.455	  55.000	SimA2	R	6	49	3	1122
53752	7	2	76.000	  47.355	  59.000	  61.000	  84.972	  42.355	SimB1	R	4	49	3	96
53752	7	3	46.579	  76.000	  59.000	  60.000	  64.364	  55.000	SimA2	R	2	49	1	55
53752	7	4	46.877	  73.000	  59.000	  58.000	  42.877	  79.810	SimA1	R	3	49	2	418
53752	7	5	74.000	  48.635	  59.000	  61.000	  78.865	  45.635	SimB1	R	3	50	1	75
53752	7	6	47.200	  75.000	  60.000	  59.000	  43.200	  81.944	SimA1	R	4	51	2	89
53752	7	7	45.789	  76.000	  58.000	  60.000	  61.053	  57.000	SimA2	R	5	50	3	22
53752	7	8	74.000	  48.635	  59.000	  61.000	  54.000	  66.648	SimB2	R	3	49	2	33
53752	7	9	46.141	  78.000	  59.000	  61.000	  63.140	  57.000	SimA2	R	5	50	3	436
53752	7	10	77.000	  48.325	  61.000	  61.000	  56.000	  66.446	SimB2	R	5	51	1	52
53752	7	11	47.506	  77.000	  59.000	  62.000	  42.506	  86.057	SimA1	R	1	51	3	47
53752	7	12	46.141	  78.000	  59.000	  61.000	  43.141	  83.424	SimA1	R	5	51	1	9
53752	7	13	78.000	  48.487	  61.000	  62.000	  57.000	  66.351	SimB2	R	3	50	1	26
53752	7	14	52.286	  70.000	  51.286	  62.669	  54.286	  58.358	Fill4	R	2	49	1	95
53752	7	15	77.000	  48.325	  61.000	  61.000	  85.886	  43.325	SimB1	R	3	51	3	565
53752	7	16	47.368	  76.000	  60.000	  60.000	  44.368	  81.139	SimA1	R	1	50	2	469
53752	7	17	76.000	  47.355	  61.000	  59.000	  56.000	  64.268	SimB2	R	6	50	2	73
53752	7	18	78.000	  48.487	  61.000	  62.000	  85.013	  44.487	SimB1	R	3	50	1	39
53752	7	19	48.635	  74.000	  61.000	  59.000	  44.635	  80.632	SimA1	R	2	50	3	501
53752	7	20	76.000	  47.368	  60.000	  60.000	  56.000	  64.286	SimB2	R	3	49	2	40
53752	7	21	76.000	  47.368	  60.000	  60.000	  83.010	  43.368	SimB1	R	3	49	2	419
53752	7	22	46.141	  78.000	  59.000	  61.000	  62.052	  58.000	SimA2	R	4	49	3	43
53752	7	23	77.000	  46.753	  60.000	  60.000	  57.000	  63.158	SimB2	R	6	49	3	532
53752	7	24	46.579	  76.000	  60.000	  59.000	  43.579	  81.232	SimA1	R	1	49	1	94
53752	7	25	48.739	  69.000	  46.739	  62.753	  50.739	  57.352	Fill4	R	3	49	2	71
53752	7	26	76.000	  48.132	  59.000	  62.000	  82.888	  44.132	SimB1	R	4	51	2	69
53752	7	27	75.000	  48.000	  60.000	  60.000	  81.818	  44.000	SimB1	R	2	50	3	39
53752	7	28	94.000	  38.936	  92.000	  34.967	  97.000	  32.990	Fill1	R	2	49	1	42
53752	7	29	50.833	  72.000	  49.833	  64.977	  52.833	  60.681	Fill4	R	5	50	3	14
53752	7	30	41.124	  89.000	  40.124	  78.732	  42.124	  74.471	Fill5	R	5	51	1	76
53752	7	31	75.000	  48.000	  60.000	  60.000	  80.000	  45.000	SimB1	R	4	50	1	38
53752	7	32	91.000	  40.220	  89.000	  35.809	  93.000	  34.215	Fill1	R	5	50	3	17
53752	7	33	45.789	  76.000	  58.000	  60.000	  40.789	  85.316	SimA1	R	5	50	3	39
53752	7	34	75.000	  48.000	  60.000	  60.000	  57.000	  63.158	SimB2	R	3	51	3	526
53752	7	35	48.000	  75.000	  60.000	  60.000	  43.000	  83.721	SimA1	R	2	51	2	67
53752	7	36	73.000	  47.671	  58.000	  60.000	  54.000	  64.444	SimB2	R	1	51	3	62
53752	7	37	48.487	  78.000	  61.000	  62.000	  66.351	  57.000	SimA2	R	3	50	1	72
53752	7	38	74.000	  46.243	  59.000	  58.000	  79.134	  43.243	SimB1	R	2	49	1	63
53752	7	39	73.000	  47.671	  58.000	  60.000	  77.902	  44.671	SimB1	R	2	49	1	70
53752	7	40	75.000	  48.000	  60.000	  60.000	  57.000	  63.158	SimB2	R	3	49	2	500
53752	7	41	47.506	  77.000	  59.000	  62.000	  64.175	  57.000	SimA2	R	1	49	1	85
53752	7	42	40.667	  90.000	  37.667	  82.726	  42.667	  73.523	Fill5	R	5	51	1	5
53752	7	43	76.000	  47.355	  61.000	  59.000	  83.012	  43.355	SimB1	R	3	51	3	4
53752	7	44	60.000	  61.000	  57.000	  56.772	  63.000	  50.381	Fill3	R	3	51	3	26
53752	7	45	46.753	  77.000	  60.000	  60.000	  64.286	  56.000	SimA2	R	2	49	1	515
53752	7	46	48.635	  74.000	  61.000	  59.000	  66.648	  54.000	SimA2	R	3	49	2	38
53752	7	47	61.000	  60.000	  58.000	  55.638	  63.000	  51.000	Fill3	R	3	51	3	518
53752	7	48	76.000	  47.355	  59.000	  61.000	  54.000	  66.648	SimB2	R	2	50	3	531
53752	7	49	90.000	  37.367	  87.000	  33.598	  91.000	  32.033	Fill1	R	1	50	2	10
53752	7	50	46.877	  73.000	  59.000	  58.000	  62.218	  55.000	SimA2	R	5	50	3	42
53752	7	51	46.753	  77.000	  60.000	  60.000	  43.753	  82.280	SimA1	R	2	49	1	420
53752	7	52	72.000	  46.708	  70.000	  41.314	  75.000	  38.493	Fill2	R	5	50	3	38
53752	7	53	77.000	  47.532	  74.000	  43.541	  79.000	  40.051	Fill2	R	1	51	3	465
53752	7	54	47.705	  78.000	  61.000	  61.000	  44.705	  83.234	SimA1	R	3	50	1	119
53752	7	55	57.000	  59.000	  55.000	  52.109	  58.000	  49.414	Fill3	R	3	49	2	64
53752	7	56	40.220	  91.000	  38.220	  82.078	  41.220	  75.546	Fill5	R	4	51	2	26
53752	7	57	94.000	  38.936	  92.000	  35.283	  96.000	  33.698	Fill1	R	2	50	3	20
53752	7	58	46.579	  76.000	  59.000	  60.000	  41.579	  85.139	SimA1	R	3	49	2	32
53752	7	59	77.000	  45.974	  60.000	  59.000	  86.396	  40.974	SimB1	R	6	50	2	736
53752	7	60	37.787	  89.000	  35.787	  79.387	  38.787	  72.886	Fill5	R	6	49	3	128
53752	7	61	77.000	  46.753	  60.000	  60.000	  82.280	  43.753	SimB1	R	1	51	3	79
53752	7	62	76.000	  46.579	  59.000	  60.000	  54.000	  65.556	SimB2	R	4	50	1	278
53752	7	63	48.000	  75.000	  60.000	  60.000	  64.286	  56.000	SimA2	R	5	49	2	130
53752	7	64	47.705	  78.000	  61.000	  61.000	  64.155	  58.000	SimA2	R	5	49	2	16
53752	7	65	76.000	  46.579	  60.000	  59.000	  81.232	  43.579	SimB1	R	2	49	1	29
53752	7	66	74.000	  46.243	  59.000	  58.000	  55.000	  62.218	SimB2	R	2	49	1	51
53752	7	67	77.000	  45.974	  60.000	  59.000	  55.000	  64.364	SimB2	R	2	51	2	35
53752	7	68	46.753	  77.000	  60.000	  60.000	  41.753	  86.221	SimA1	R	1	51	3	481
53752	7	69	46.579	  76.000	  60.000	  59.000	  64.364	  55.000	SimA2	R	6	50	2	111
53752	7	70	52.286	  70.000	  50.286	  62.901	  54.286	  58.487	Fill4	R	1	49	1	19
53752	7	71	75.000	  48.800	  74.000	  44.000	  77.000	  42.221	Fill2	R	2	51	2	20
53752	7	72	76.000	  46.579	  60.000	  59.000	  55.000	  64.364	SimB2	R	2	51	2	155
53752	7	73	46.141	  78.000	  59.000	  61.000	  43.141	  83.424	SimA1	R	6	50	2	18
53752	7	74	47.368	  76.000	  60.000	  60.000	  64.286	  56.000	SimA2	R	4	49	3	126
53752	7	75	48.487	  78.000	  61.000	  62.000	  44.487	  85.013	SimA1	R	4	51	2	514
53752	7	76	76.000	  48.132	  59.000	  62.000	  55.000	  66.509	SimB2	R	2	50	3	14
53752	7	77	61.000	  60.000	  60.000	  53.433	  62.000	  52.468	Fill3	R	1	49	1	1703
53752	7	78	47.200	  75.000	  60.000	  59.000	  63.214	  56.000	SimA2	R	4	50	1	1513
53752	7	79	76.000	  48.158	  75.000	  43.240	  77.000	  42.078	Fill2	R	2	49	1	716
53752	7	80	76.000	  46.579	  59.000	  60.000	  85.139	  41.579	SimB1	R	2	51	2	607
53752	8	1	46.141	  78.000	  59.000	  61.000	  64.268	  56.000	SimA2	R	4	49	3	2627
53752	8	2	47.838	  74.000	  60.000	  59.000	  64.364	  55.000	SimA2	R	4	49	3	701
53752	8	3	77.000	  47.532	  61.000	  60.000	  57.000	  64.211	SimB2	R	2	50	3	707
53752	8	4	38.667	  87.000	  36.667	  77.455	  40.667	  69.443	Fill5	R	2	49	1	402
53752	8	5	77.000	  46.753	  60.000	  60.000	  82.280	  43.753	SimB1	R	4	51	2	450
53752	8	6	76.000	  45.026	  59.000	  58.000	  54.000	  63.370	SimB2	R	3	49	2	254
53752	8	7	78.000	  46.141	  61.000	  59.000	  57.000	  63.140	SimB2	R	3	50	1	297
53752	8	8	77.000	  45.974	  60.000	  59.000	  86.396	  40.974	SimB1	R	4	51	2	308
53752	8	9	91.000	  39.549	  90.000	  35.178	  94.000	  33.032	Fill1	R	3	49	2	285
53752	8	10	46.141	  78.000	  59.000	  61.000	  42.141	  85.404	SimA1	R	3	50	1	258
53752	8	11	39.989	  90.000	  36.989	  82.998	  40.989	  75.264	Fill5	R	6	49	3	240
53752	8	12	47.838	  74.000	  60.000	  59.000	  44.838	  78.951	SimA1	R	6	49	3	269
53752	8	13	77.000	  46.753	  60.000	  60.000	  57.000	  63.158	SimB2	R	1	50	2	233
53752	8	14	47.532	  77.000	  60.000	  61.000	  63.103	  58.000	SimA2	R	5	51	1	193
53752	8	15	48.158	  76.000	  61.000	  60.000	  45.158	  81.049	SimA1	R	2	51	2	224
53752	8	16	58.000	  58.000	  56.000	  51.339	  59.000	  48.915	Fill3	R	2	50	3	192
53752	8	17	47.705	  78.000	  61.000	  61.000	  43.705	  85.139	SimA1	R	4	49	3	254
53752	8	18	60.000	  61.000	  59.000	  53.898	  63.000	  50.444	Fill3	R	3	50	1	125
53752	8	19	47.705	  78.000	  61.000	  61.000	  65.281	  57.000	SimA2	R	2	51	2	229
53752	8	20	77.000	  46.753	  60.000	  60.000	  55.000	  65.455	SimB2	R	1	51	3	193
53752	8	21	93.000	  39.355	  90.000	  35.533	  96.000	  33.750	Fill1	R	3	50	1	156
53752	8	22	76.000	  48.158	  74.000	  43.716	  78.000	  41.282	Fill2	R	3	49	2	149
53752	8	23	77.000	  47.532	  61.000	  60.000	  86.052	  42.532	SimB1	R	5	49	2	219
53752	8	24	74.000	  46.243	  58.000	  59.000	  54.000	  63.370	SimB2	R	5	50	3	159
53752	8	25	49.301	  73.000	  46.301	  67.860	  50.301	  62.941	Fill4	R	3	50	1	166
53752	8	26	77.000	  46.753	  60.000	  60.000	  82.280	  43.753	SimB1	R	3	51	3	181
53752	8	27	59.000	  61.000	  58.000	  53.776	  62.000	  50.081	Fill3	R	2	51	2	170
53752	8	28	46.400	  75.000	  60.000	  58.000	  43.400	  80.184	SimA1	R	4	51	2	95
53752	8	29	45.627	  75.000	  58.000	  59.000	  61.107	  56.000	SimA2	R	2	51	2	174
53752	8	30	46.877	  73.000	  59.000	  58.000	  43.877	  77.991	SimA1	R	5	51	1	116
53752	8	31	48.000	  75.000	  60.000	  60.000	  43.000	  83.721	SimA1	R	2	49	1	58
53752	8	32	76.000	  46.579	  59.000	  60.000	  56.000	  63.214	SimB2	R	5	49	2	175
53752	8	33	46.753	  77.000	  60.000	  60.000	  65.455	  55.000	SimA2	R	5	50	3	18
53752	8	34	46.579	  76.000	  59.000	  60.000	  42.579	  83.140	SimA1	R	3	50	1	192
53752	8	35	50.833	  72.000	  48.833	  65.877	  52.833	  60.379	Fill4	R	4	49	3	66
53752	8	36	74.000	  46.243	  58.000	  59.000	  79.134	  43.243	SimB1	R	2	49	1	205
53752	8	37	77.000	  47.532	  60.000	  61.000	  86.052	  42.532	SimB1	R	3	49	2	120
53752	8	38	77.000	  47.532	  60.000	  61.000	  56.000	  65.357	SimB2	R	6	49	3	127
53752	8	39	75.000	  47.987	  72.000	  43.819	  77.000	  41.545	Fill2	R	1	51	3	51
53752	8	40	47.532	  77.000	  60.000	  61.000	  44.532	  82.187	SimA1	R	3	51	3	72
53752	8	41	76.000	  48.961	  61.000	  61.000	  56.000	  66.446	SimB2	R	2	50	3	124
53752	8	42	45.627	  75.000	  58.000	  59.000	  41.627	  82.207	SimA1	R	5	50	3	75
53752	8	43	76.000	  47.355	  59.000	  61.000	  55.000	  65.436	SimB2	R	6	50	2	104
53752	8	44	77.000	  45.974	  60.000	  59.000	  57.000	  62.105	SimB2	R	1	49	1	45
53752	8	45	75.000	  48.800	  60.000	  61.000	  83.562	  43.800	SimB1	R	4	51	2	84
53752	8	46	73.000	  47.630	  57.000	  61.000	  81.562	  42.630	SimB1	R	2	50	3	116
53752	8	47	62.000	  61.000	  60.000	  56.000	  65.000	  51.600	Fill3	R	4	49	3	122
53752	8	48	46.877	  73.000	  59.000	  58.000	  64.566	  53.000	SimA2	R	2	49	1	76
53752	8	49	46.923	  78.000	  60.000	  61.000	  43.923	  83.327	SimA1	R	1	50	2	114
53752	8	50	46.753	  77.000	  60.000	  60.000	  63.158	  57.000	SimA2	R	2	50	3	117
53752	8	51	76.000	  46.579	  59.000	  60.000	  85.139	  41.579	SimB1	R	3	50	1	103
53752	8	52	47.987	  75.000	  61.000	  59.000	  44.987	  80.001	SimA1	R	2	50	3	39
53752	8	53	77.000	  46.753	  60.000	  60.000	  55.000	  65.455	SimB2	R	1	50	2	120
53752	8	54	48.000	  75.000	  60.000	  60.000	  64.286	  56.000	SimA2	R	2	51	2	25
53752	8	55	76.000	  48.961	  61.000	  61.000	  82.761	  44.961	SimB1	R	4	51	2	13
53752	8	56	44.577	  78.000	  57.000	  61.000	  61.000	  57.000	SimA2	R	4	51	2	85
53752	8	57	41.560	  91.000	  39.560	  81.698	  42.560	  77.067	Fill5	R	5	51	1	107
53752	8	58	77.000	  49.117	  74.000	  44.689	  78.000	  43.051	Fill2	R	3	49	2	3
53752	8	59	75.000	  48.800	  60.000	  61.000	  57.000	  64.211	SimB2	R	4	49	3	107
53752	8	60	76.000	  45.789	  60.000	  58.000	  57.000	  61.053	SimB2	R	5	49	2	55
53752	8	61	73.000	  47.630	  57.000	  61.000	  52.000	  66.865	SimB2	R	1	49	1	7
53752	8	62	76.000	  45.789	  60.000	  58.000	  81.328	  42.789	SimB1	R	3	49	2	110
53752	8	63	76.000	  45.026	  59.000	  58.000	  81.425	  42.026	SimB1	R	2	49	1	2
53752	8	64	46.923	  78.000	  60.000	  61.000	  65.357	  56.000	SimA2	R	5	49	2	8
53752	8	65	39.783	  92.000	  37.783	  83.133	  41.783	  74.481	Fill5	R	5	50	3	495
53752	8	66	78.000	  46.141	  61.000	  59.000	  85.404	  42.141	SimB1	R	2	51	2	140
53752	8	67	46.753	  77.000	  60.000	  60.000	  42.753	  84.204	SimA1	R	1	51	3	102
53752	8	68	48.754	  69.000	  46.754	  62.840	  49.754	  57.865	Fill4	R	4	50	1	20
53752	8	69	44.577	  78.000	  57.000	  61.000	  41.577	  83.628	SimA1	R	2	49	1	83
53752	8	70	76.000	  47.355	  59.000	  61.000	  84.972	  42.355	SimB1	R	2	50	3	57
53752	8	71	48.158	  76.000	  61.000	  60.000	  65.357	  56.000	SimA2	R	3	50	1	107
53752	8	72	47.987	  75.000	  61.000	  59.000	  66.648	  54.000	SimA2	R	3	50	1	32
53752	8	73	46.579	  76.000	  59.000	  60.000	  64.364	  55.000	SimA2	R	2	50	3	10
53752	8	74	72.000	  46.722	  70.000	  41.629	  75.000	  39.400	Fill2	R	6	50	2	64
53752	8	75	53.268	  71.000	  52.268	  63.577	  54.268	  60.773	Fill4	R	3	51	3	45
53752	8	76	77.000	  46.753	  60.000	  60.000	  82.280	  43.753	SimB1	R	5	50	3	45
53752	8	77	95.000	  39.811	  93.000	  36.344	  98.000	  33.765	Fill1	R	3	49	2	190
53752	8	78	46.400	  75.000	  60.000	  58.000	  65.660	  53.000	SimA2	R	5	50	3	39
53752	8	79	46.753	  77.000	  60.000	  60.000	  42.753	  84.204	SimA1	R	3	51	3	428
53752	8	80	91.000	  36.967	  89.000	  33.000	  94.000	  30.904	Fill1	R	1	51	3	83
53752	9	1	48.312	  77.000	  60.000	  62.000	  43.312	  85.889	SimA1	R	6	49	3	592
53752	9	2	77.000	  45.948	  61.000	  58.000	  86.402	  40.948	SimB1	R	3	49	2	407
53752	9	3	77.000	  47.532	  61.000	  60.000	  57.000	  64.211	SimB2	R	3	49	2	110
53752	9	4	61.000	  60.000	  59.000	  55.220	  64.000	  50.891	Fill3	R	5	49	2	7
53752	9	5	48.000	  75.000	  60.000	  60.000	  63.158	  57.000	SimA2	R	5	49	2	65
53752	9	6	48.961	  76.000	  61.000	  61.000	  64.155	  58.000	SimA2	R	3	50	1	398
53752	9	7	46.740	  77.000	  59.000	  61.000	  42.740	  84.206	SimA1	R	6	50	2	67
53752	9	8	76.000	  48.961	  61.000	  61.000	  84.644	  43.961	SimB1	R	3	50	1	82
53752	9	9	49.282	  78.000	  62.000	  62.000	  67.439	  57.000	SimA2	R	6	50	2	30
53752	9	10	77.000	  49.922	  62.000	  62.000	  83.707	  45.922	SimB1	R	4	50	1	72
53752	9	11	74.000	  48.635	  59.000	  61.000	  82.479	  43.635	SimB1	R	3	50	1	15
53752	9	12	75.000	  49.600	  60.000	  62.000	  55.000	  67.636	SimB2	R	2	50	3	486
53752	9	13	48.312	  77.000	  62.000	  60.000	  66.429	  56.000	SimA2	R	3	50	1	130
53752	9	14	76.000	  48.947	  60.000	  62.000	  80.962	  45.947	SimB1	R	3	50	1	23
53752	9	15	92.000	  39.783	  89.000	  36.494	  93.000	  34.914	Fill1	R	3	51	3	31
53752	9	16	51.549	  71.000	  50.549	  62.810	  53.549	  59.795	Fill4	R	1	51	3	2834
53752	9	17	47.532	  77.000	  61.000	  60.000	  43.532	  84.075	SimA1	R	3	51	3	62
53752	9	18	76.000	  48.947	  60.000	  62.000	  57.000	  65.263	SimB2	R	4	51	2	102
53752	9	19	38.449	  89.000	  36.449	  79.562	  40.449	  71.892	Fill5	R	4	51	2	509
53752	9	20	46.740	  77.000	  59.000	  61.000	  63.140	  57.000	SimA2	R	5	51	1	10
53752	9	21	77.000	  47.532	  75.000	  42.800	  80.000	  40.025	Fill2	R	3	50	1	653
53752	9	22	76.000	  46.579	  60.000	  59.000	  83.140	  42.579	SimB1	R	2	49	1	155
53752	9	23	77.000	  46.753	  60.000	  60.000	  82.280	  43.753	SimB1	R	5	51	1	201
53752	9	24	47.532	  77.000	  61.000	  60.000	  66.545	  55.000	SimA2	R	3	49	2	132
53752	9	25	49.282	  78.000	  62.000	  62.000	  45.282	  84.890	SimA1	R	4	49	3	221
53752	9	26	45.974	  77.000	  59.000	  60.000	  64.364	  55.000	SimA2	R	3	50	1	157
53752	9	27	47.173	  75.000	  61.000	  58.000	  44.173	  80.094	SimA1	R	1	51	3	327
53752	9	28	60.000	  63.000	  57.000	  59.175	  63.000	  52.492	Fill3	R	1	49	1	50
53752	9	29	75.000	  47.200	  59.000	  60.000	  83.886	  42.200	SimB1	R	4	49	3	220
53752	9	30	77.000	  49.117	  62.000	  61.000	  57.000	  66.351	SimB2	R	3	50	1	142
53752	9	31	76.000	  46.579	  60.000	  59.000	  55.000	  64.364	SimB2	R	5	51	1	137
53752	9	32	48.312	  77.000	  62.000	  60.000	  44.312	  83.951	SimA1	R	4	49	3	86
53752	9	33	77.000	  49.117	  62.000	  61.000	  82.009	  46.117	SimB1	R	1	50	2	168
53752	9	34	51.681	  72.000	  50.681	  64.502	  52.681	  61.788	Fill4	R	3	51	3	87
53752	9	35	48.961	  76.000	  61.000	  61.000	  45.961	  80.961	SimA1	R	5	49	2	130
53752	9	36	89.000	  38.449	  86.000	  34.907	  92.000	  31.848	Fill1	R	2	49	1	120
53752	9	37	78.000	  46.923	  61.000	  60.000	  57.000	  64.211	SimB2	R	4	49	3	95
53752	9	38	77.000	  49.922	  62.000	  62.000	  57.000	  67.439	SimB2	R	2	49	1	954
53752	9	39	76.000	  48.961	  61.000	  61.000	  58.000	  64.155	SimB2	R	4	50	1	910
53752	9	40	76.000	  48.961	  61.000	  61.000	  57.000	  65.281	SimB2	R	5	51	1	669
53752	9	41	45.974	  77.000	  59.000	  60.000	  42.974	  82.375	SimA1	R	2	51	2	676
53752	9	42	75.000	  47.200	  59.000	  60.000	  56.000	  63.214	SimB2	R	6	49	3	560
53752	9	43	41.344	  90.000	  38.344	  83.976	  42.344	  74.909	Fill5	R	5	51	1	1219
53752	9	44	77.000	  45.948	  61.000	  58.000	  57.000	  62.070	SimB2	R	3	50	1	1657
53752	9	45	74.000	  48.635	  59.000	  61.000	  55.000	  65.436	SimB2	R	5	51	1	751
53752	9	46	76.000	  48.961	  61.000	  61.000	  82.761	  44.961	SimB1	R	5	49	2	547
53752	9	47	48.961	  76.000	  61.000	  61.000	  65.281	  57.000	SimA2	R	4	50	1	1164
53752	9	48	61.000	  61.000	  58.000	  57.086	  64.000	  50.797	Fill3	R	3	51	3	539
53752	9	49	78.000	  46.923	  61.000	  60.000	  85.269	  42.923	SimB1	R	4	49	3	291
53752	9	50	92.000	  40.446	  90.000	  36.011	  93.000	  35.634	Fill1	R	5	50	3	259
53752	9	51	47.532	  77.000	  61.000	  60.000	  44.532	  82.187	SimA1	R	2	51	2	90
53752	9	52	51.081	  74.000	  48.081	  68.925	  52.081	  63.862	Fill4	R	2	50	3	116
53752	9	53	48.312	  77.000	  60.000	  62.000	  65.263	  57.000	SimA2	R	5	49	2	8
53752	9	54	74.000	  51.081	  73.000	  46.137	  76.000	  44.289	Fill2	R	4	49	3	45
53752	9	55	76.000	  48.961	  61.000	  61.000	  56.000	  66.446	SimB2	R	2	51	2	421
53752	9	56	77.000	  48.312	  62.000	  60.000	  59.000	  63.051	SimB2	R	4	50	1	89
53752	9	57	48.961	  76.000	  61.000	  61.000	  44.961	  82.761	SimA1	R	4	49	3	59
53752	9	58	58.000	  59.000	  57.000	  52.614	  61.000	  48.180	Fill3	R	4	49	3	6
53752	9	59	75.000	  49.613	  74.000	  43.811	  76.000	  43.382	Fill2	R	2	49	1	100
53752	9	60	77.000	  47.532	  61.000	  60.000	  82.187	  44.532	SimB1	R	4	49	3	33
53752	9	61	47.692	  78.000	  60.000	  62.000	  43.692	  85.141	SimA1	R	6	50	2	44
53752	9	62	40.213	  94.000	  39.213	  83.621	  41.213	  78.398	Fill5	R	2	51	2	61
53752	9	63	75.000	  49.600	  60.000	  62.000	  81.579	  45.600	SimB1	R	2	51	2	56
53752	9	64	48.000	  75.000	  60.000	  60.000	  44.000	  81.818	SimA1	R	1	50	2	23
53752	9	65	48.487	  78.000	  62.000	  61.000	  44.487	  85.013	SimA1	R	5	49	2	58
53752	9	66	77.000	  48.312	  62.000	  60.000	  85.889	  43.312	SimB1	R	4	50	1	37
53752	9	67	72.000	  47.528	  69.000	  43.580	  73.000	  40.315	Fill2	R	5	50	3	36
53752	9	68	48.886	  70.000	  47.886	  61.918	  50.886	  58.012	Fill4	R	1	51	3	491
53752	9	69	46.579	  76.000	  60.000	  59.000	  63.214	  56.000	SimA2	R	5	50	3	51
53752	9	70	47.173	  75.000	  61.000	  58.000	  66.755	  53.000	SimA2	R	6	49	3	2
53752	9	71	48.961	  76.000	  61.000	  61.000	  65.281	  57.000	SimA2	R	5	49	2	71
53752	9	72	48.487	  78.000	  62.000	  61.000	  65.207	  58.000	SimA2	R	6	50	2	77
53752	9	73	47.532	  77.000	  61.000	  60.000	  64.211	  57.000	SimA2	R	3	51	3	104
53752	9	74	48.961	  76.000	  61.000	  61.000	  44.961	  82.761	SimA1	R	3	51	3	13
53752	9	75	47.692	  78.000	  60.000	  62.000	  65.263	  57.000	SimA2	R	4	50	1	36
53752	9	76	46.579	  76.000	  60.000	  59.000	  42.579	  83.140	SimA1	R	5	49	2	3
53752	9	77	41.124	  89.000	  40.124	  78.707	  43.124	  72.489	Fill5	R	2	49	1	60
53752	9	78	93.000	  40.645	  90.000	  36.544	  96.000	  34.938	Fill1	R	4	49	3	79
53752	9	79	76.000	  48.961	  61.000	  61.000	  80.961	  45.961	SimB1	R	2	49	1	66
53752	9	80	77.000	  46.753	  60.000	  60.000	  56.000	  64.286	SimB2	R	2	50	3	22
