username: 55081, Experiment time (minutes): 20
Operating system: Windows 7
Manufacturer: Adobe Windows
Player type: ActiveX
Version: WIN 11,0,1,152

username	blkNum	trlNum	Rect1Height	Rect1Width	Rect2Height	Rect2Width	Rect3Height	Rect3Width	Effect	StimType	StimPosition	rawResp	response	RT
55081	0	1	47.671	  73.000	  60.000	  58.000	  41.671	  83.511	SimA1	R	5	50	3	10756
55081	0	2	75.000	  47.200	  60.000	  59.000	  85.922	  41.200	SimB1	R	1	50	2	9230
55081	0	3	59.000	  59.000	  58.000	  52.224	  60.000	  49.917	Fill3	R	2	49	1	4368
55081	1	1	47.705	  78.000	  61.000	  61.000	  64.155	  58.000	SimA2	R	5	51	1	7257
55081	1	2	75.000	  48.000	  60.000	  60.000	  80.000	  45.000	SimB1	R	5	49	2	1528
55081	1	3	76.000	  48.132	  59.000	  62.000	  82.888	  44.132	SimB1	R	4	49	3	4780
55081	1	4	48.487	  78.000	  61.000	  62.000	  66.351	  57.000	SimA2	R	3	51	3	2015
55081	1	5	60.000	  61.000	  57.000	  56.772	  63.000	  50.381	Fill3	R	6	51	1	1751
55081	1	6	94.000	  38.936	  92.000	  35.283	  96.000	  33.698	Fill1	R	4	50	1	724
55081	1	7	46.753	  77.000	  60.000	  60.000	  43.753	  82.280	SimA1	R	5	49	2	1438
55081	1	8	46.141	  78.000	  59.000	  61.000	  62.052	  58.000	SimA2	R	4	50	1	1266
55081	1	9	77.000	  46.753	  60.000	  60.000	  57.000	  63.158	SimB2	R	2	49	1	996
55081	1	10	76.000	  47.368	  60.000	  60.000	  83.010	  43.368	SimB1	R	2	51	2	767
55081	1	11	46.877	  73.000	  59.000	  58.000	  42.877	  79.810	SimA1	R	2	49	1	2434
55081	1	12	74.000	  46.243	  59.000	  58.000	  79.134	  43.243	SimB1	R	3	49	2	6409
55081	1	13	52.286	  70.000	  50.286	  62.901	  54.286	  58.487	Fill4	R	3	50	1	2330
55081	1	14	90.000	  37.367	  87.000	  33.598	  91.000	  32.033	Fill1	R	2	49	1	1462
55081	1	15	47.368	  76.000	  60.000	  60.000	  64.286	  56.000	SimA2	R	5	49	2	2718
55081	1	16	76.000	  46.579	  60.000	  59.000	  81.232	  43.579	SimB1	R	5	51	1	4693
55081	1	17	77.000	  45.974	  60.000	  59.000	  86.396	  40.974	SimB1	R	3	49	2	4120
55081	1	18	40.220	  91.000	  38.220	  82.078	  41.220	  75.546	Fill5	R	3	50	1	3091
55081	1	19	78.000	  48.487	  61.000	  62.000	  85.013	  44.487	SimB1	R	6	49	3	4811
55081	1	20	48.000	  75.000	  60.000	  60.000	  64.286	  56.000	SimA2	R	2	49	1	4682
55081	1	21	94.000	  38.936	  92.000	  34.967	  97.000	  32.990	Fill1	R	1	51	3	7279
55081	1	22	47.200	  75.000	  60.000	  59.000	  43.200	  81.944	SimA1	R	5	49	2	1603
55081	1	23	61.000	  60.000	  58.000	  55.638	  63.000	  51.000	Fill3	R	3	50	1	1279
55081	1	24	47.368	  76.000	  60.000	  60.000	  44.368	  81.139	SimA1	R	6	49	3	10502
55081	1	25	74.000	  48.635	  59.000	  61.000	  78.865	  45.635	SimB1	R	2	51	2	1233
55081	1	26	75.000	  48.000	  60.000	  60.000	  57.000	  63.158	SimB2	R	1	50	2	273
55081	1	27	45.789	  76.000	  58.000	  60.000	  40.789	  85.316	SimA1	R	3	49	2	252
55081	1	28	74.000	  48.635	  59.000	  61.000	  54.000	  66.648	SimB2	R	2	51	2	476
55081	1	29	77.000	  48.325	  61.000	  61.000	  56.000	  66.446	SimB2	R	1	50	2	635
55081	1	30	75.000	  48.000	  60.000	  60.000	  57.000	  63.158	SimB2	R	5	50	3	829
55081	1	31	46.579	  76.000	  59.000	  60.000	  64.364	  55.000	SimA2	R	2	49	1	572
55081	1	32	91.000	  40.220	  89.000	  35.809	  93.000	  34.215	Fill1	R	5	51	1	620
55081	1	33	57.000	  59.000	  55.000	  52.109	  58.000	  49.414	Fill3	R	2	49	1	642
55081	1	34	78.000	  48.487	  61.000	  62.000	  57.000	  66.351	SimB2	R	3	49	2	1588
55081	1	35	48.739	  69.000	  46.739	  62.753	  50.739	  57.352	Fill4	R	5	51	1	608
55081	1	36	77.000	  48.325	  61.000	  61.000	  85.886	  43.325	SimB1	R	2	49	1	868
55081	1	37	45.789	  76.000	  58.000	  60.000	  61.053	  57.000	SimA2	R	6	51	1	673
55081	1	38	46.579	  76.000	  60.000	  59.000	  43.579	  81.232	SimA1	R	5	49	2	2012
55081	1	39	48.000	  75.000	  60.000	  60.000	  43.000	  83.721	SimA1	R	3	50	1	1543
55081	1	40	76.000	  48.132	  59.000	  62.000	  55.000	  66.509	SimB2	R	1	51	3	928
55081	1	41	77.000	  46.753	  60.000	  60.000	  82.280	  43.753	SimB1	R	2	49	1	1402
55081	1	42	75.000	  48.800	  74.000	  44.000	  77.000	  42.221	Fill2	R	1	49	1	718
55081	1	43	73.000	  47.671	  58.000	  60.000	  77.902	  44.671	SimB1	R	3	51	3	1618
55081	1	44	47.200	  75.000	  60.000	  59.000	  63.214	  56.000	SimA2	R	6	50	2	1848
55081	1	45	76.000	  47.368	  60.000	  60.000	  56.000	  64.286	SimB2	R	5	49	2	1819
55081	1	46	46.141	  78.000	  59.000	  61.000	  43.141	  83.424	SimA1	R	6	49	3	1816
55081	1	47	41.124	  89.000	  40.124	  78.732	  42.124	  74.471	Fill5	R	2	49	1	870
55081	1	48	46.579	  76.000	  59.000	  60.000	  41.579	  85.139	SimA1	R	2	51	2	699
55081	1	49	76.000	  48.158	  75.000	  43.240	  77.000	  42.078	Fill2	R	5	51	1	1527
55081	1	50	46.877	  73.000	  59.000	  58.000	  62.218	  55.000	SimA2	R	3	50	1	704
55081	1	51	76.000	  46.579	  60.000	  59.000	  55.000	  64.364	SimB2	R	3	49	2	944
55081	1	52	46.141	  78.000	  59.000	  61.000	  63.140	  57.000	SimA2	R	2	51	2	724
55081	1	53	72.000	  46.708	  70.000	  41.314	  75.000	  38.493	Fill2	R	1	50	2	626
55081	1	54	48.635	  74.000	  61.000	  59.000	  66.648	  54.000	SimA2	R	4	50	1	830
55081	1	55	46.753	  77.000	  60.000	  60.000	  41.753	  86.221	SimA1	R	4	51	2	1199
55081	1	56	76.000	  47.355	  59.000	  61.000	  84.972	  42.355	SimB1	R	5	49	2	755
55081	1	57	76.000	  47.355	  59.000	  61.000	  54.000	  66.648	SimB2	R	5	51	1	1224
55081	1	58	75.000	  48.000	  60.000	  60.000	  81.818	  44.000	SimB1	R	3	49	2	869
55081	1	59	46.141	  78.000	  59.000	  61.000	  43.141	  83.424	SimA1	R	4	51	2	734
55081	1	60	47.705	  78.000	  61.000	  61.000	  44.705	  83.234	SimA1	R	5	51	1	1506
55081	1	61	46.579	  76.000	  60.000	  59.000	  64.364	  55.000	SimA2	R	6	49	3	2801
55081	1	62	77.000	  47.532	  74.000	  43.541	  79.000	  40.051	Fill2	R	3	50	1	2128
55081	1	63	46.753	  77.000	  60.000	  60.000	  64.286	  56.000	SimA2	R	4	51	2	2480
55081	1	64	37.787	  89.000	  35.787	  79.387	  38.787	  72.886	Fill5	R	5	51	1	9921
55081	1	65	47.506	  77.000	  59.000	  62.000	  42.506	  86.057	SimA1	R	2	49	1	3973
55081	1	66	47.506	  77.000	  59.000	  62.000	  64.175	  57.000	SimA2	R	6	51	1	819
55081	1	67	46.753	  77.000	  60.000	  60.000	  65.455	  55.000	SimA2	R	3	49	2	1681
55081	1	68	76.000	  47.355	  61.000	  59.000	  83.012	  43.355	SimB1	R	4	51	2	10192
55081	1	69	50.833	  72.000	  49.833	  64.977	  52.833	  60.681	Fill4	R	3	50	1	813
55081	1	70	76.000	  46.579	  59.000	  60.000	  54.000	  65.556	SimB2	R	4	50	1	525
55081	1	71	40.667	  90.000	  37.667	  82.726	  42.667	  73.523	Fill5	R	3	49	2	1404
55081	1	72	73.000	  47.671	  58.000	  60.000	  54.000	  64.444	SimB2	R	5	51	1	583
55081	1	73	61.000	  60.000	  60.000	  53.433	  62.000	  52.468	Fill3	R	2	49	1	822
55081	1	74	76.000	  46.579	  59.000	  60.000	  85.139	  41.579	SimB1	R	3	49	2	963
55081	1	75	48.635	  74.000	  61.000	  59.000	  44.635	  80.632	SimA1	R	2	51	2	730
55081	1	76	77.000	  45.974	  60.000	  59.000	  55.000	  64.364	SimB2	R	4	50	1	683
55081	1	77	48.487	  78.000	  61.000	  62.000	  44.487	  85.013	SimA1	R	4	49	3	870
55081	1	78	76.000	  47.355	  61.000	  59.000	  56.000	  64.268	SimB2	R	4	51	2	765
55081	1	79	74.000	  46.243	  59.000	  58.000	  55.000	  62.218	SimB2	R	2	49	1	745
55081	1	80	52.286	  70.000	  51.286	  62.669	  54.286	  58.358	Fill4	R	4	50	1	387
55081	2	1	76.000	  48.961	  61.000	  61.000	  82.761	  44.961	SimB1	R	6	50	2	1043
55081	2	2	78.000	  46.141	  61.000	  59.000	  85.404	  42.141	SimB1	R	5	51	1	545
55081	2	3	77.000	  46.753	  60.000	  60.000	  55.000	  65.455	SimB2	R	5	50	3	852
55081	2	4	48.000	  75.000	  60.000	  60.000	  43.000	  83.721	SimA1	R	1	49	1	1102
55081	2	5	76.000	  47.355	  59.000	  61.000	  55.000	  65.436	SimB2	R	3	50	1	348
55081	2	6	39.783	  92.000	  37.783	  83.133	  41.783	  74.481	Fill5	R	3	51	3	314
55081	2	7	46.141	  78.000	  59.000	  61.000	  42.141	  85.404	SimA1	R	4	49	3	282
55081	2	8	60.000	  61.000	  59.000	  53.898	  63.000	  50.444	Fill3	R	1	50	2	265
55081	2	9	73.000	  47.630	  57.000	  61.000	  52.000	  66.865	SimB2	R	6	51	1	282
55081	2	10	77.000	  46.753	  60.000	  60.000	  82.280	  43.753	SimB1	R	2	50	3	349
55081	2	11	74.000	  46.243	  58.000	  59.000	  54.000	  63.370	SimB2	R	5	51	1	247
55081	2	12	47.532	  77.000	  60.000	  61.000	  44.532	  82.187	SimA1	R	3	49	2	959
55081	2	13	75.000	  48.800	  60.000	  61.000	  57.000	  64.211	SimB2	R	6	49	3	4436
55081	2	14	77.000	  46.753	  60.000	  60.000	  82.280	  43.753	SimB1	R	5	51	1	1039
55081	2	15	91.000	  39.549	  90.000	  35.178	  94.000	  33.032	Fill1	R	2	50	3	285
55081	2	16	76.000	  48.961	  61.000	  61.000	  56.000	  66.446	SimB2	R	1	49	1	468
55081	2	17	47.838	  74.000	  60.000	  59.000	  44.838	  78.951	SimA1	R	3	51	3	289
55081	2	18	46.400	  75.000	  60.000	  58.000	  65.660	  53.000	SimA2	R	4	49	3	215
55081	2	19	59.000	  61.000	  58.000	  53.776	  62.000	  50.081	Fill3	R	2	49	1	562
55081	2	20	48.754	  69.000	  46.754	  62.840	  49.754	  57.865	Fill4	R	4	50	1	932
55081	2	21	48.158	  76.000	  61.000	  60.000	  65.357	  56.000	SimA2	R	4	50	1	602
55081	2	22	76.000	  46.579	  59.000	  60.000	  56.000	  63.214	SimB2	R	2	49	1	956
55081	2	23	75.000	  48.800	  60.000	  61.000	  83.562	  43.800	SimB1	R	4	49	3	891
55081	2	24	46.877	  73.000	  59.000	  58.000	  64.566	  53.000	SimA2	R	5	51	1	863
55081	2	25	62.000	  61.000	  60.000	  56.000	  65.000	  51.600	Fill3	R	5	49	2	259
55081	2	26	38.667	  87.000	  36.667	  77.455	  40.667	  69.443	Fill5	R	3	50	1	379
55081	2	27	77.000	  46.753	  60.000	  60.000	  57.000	  63.158	SimB2	R	2	49	1	448
55081	2	28	53.268	  71.000	  52.268	  63.577	  54.268	  60.773	Fill4	R	6	51	1	347
55081	2	29	46.579	  76.000	  59.000	  60.000	  42.579	  83.140	SimA1	R	4	50	1	242
55081	2	30	76.000	  45.026	  59.000	  58.000	  81.425	  42.026	SimB1	R	5	51	1	245
55081	2	31	76.000	  47.355	  59.000	  61.000	  84.972	  42.355	SimB1	R	2	51	2	540
55081	2	32	47.705	  78.000	  61.000	  61.000	  65.281	  57.000	SimA2	R	3	51	3	407
55081	2	33	76.000	  45.789	  60.000	  58.000	  57.000	  61.053	SimB2	R	4	50	1	225
55081	2	34	77.000	  46.753	  60.000	  60.000	  55.000	  65.455	SimB2	R	5	49	2	286
55081	2	35	50.833	  72.000	  48.833	  65.877	  52.833	  60.379	Fill4	R	2	50	3	607
55081	2	36	44.577	  78.000	  57.000	  61.000	  61.000	  57.000	SimA2	R	5	51	1	279
55081	2	37	91.000	  36.967	  89.000	  33.000	  94.000	  30.904	Fill1	R	3	50	1	287
55081	2	38	46.753	  77.000	  60.000	  60.000	  63.158	  57.000	SimA2	R	3	51	3	860
55081	2	39	45.627	  75.000	  58.000	  59.000	  41.627	  82.207	SimA1	R	6	49	3	256
55081	2	40	46.923	  78.000	  60.000	  61.000	  43.923	  83.327	SimA1	R	2	50	3	563
55081	2	41	46.400	  75.000	  60.000	  58.000	  43.400	  80.184	SimA1	R	2	51	2	618
55081	2	42	46.877	  73.000	  59.000	  58.000	  43.877	  77.991	SimA1	R	4	49	3	591
55081	2	43	77.000	  47.532	  61.000	  60.000	  86.052	  42.532	SimB1	R	5	51	1	396
55081	2	44	72.000	  46.722	  70.000	  41.629	  75.000	  39.400	Fill2	R	4	50	1	270
55081	2	45	76.000	  46.579	  59.000	  60.000	  85.139	  41.579	SimB1	R	5	50	3	264
55081	2	46	46.753	  77.000	  60.000	  60.000	  65.455	  55.000	SimA2	R	2	49	1	190
55081	2	47	77.000	  45.974	  60.000	  59.000	  57.000	  62.105	SimB2	R	6	51	1	178
55081	2	48	44.577	  78.000	  57.000	  61.000	  41.577	  83.628	SimA1	R	4	50	1	200
55081	2	49	74.000	  46.243	  58.000	  59.000	  79.134	  43.243	SimB1	R	5	49	2	229
55081	2	50	76.000	  45.789	  60.000	  58.000	  81.328	  42.789	SimB1	R	3	50	1	246
55081	2	51	93.000	  39.355	  90.000	  35.533	  96.000	  33.750	Fill1	R	3	50	1	558
55081	2	52	46.753	  77.000	  60.000	  60.000	  42.753	  84.204	SimA1	R	4	50	1	736
55081	2	53	41.560	  91.000	  39.560	  81.698	  42.560	  77.067	Fill5	R	3	49	2	674
55081	2	54	48.158	  76.000	  61.000	  60.000	  45.158	  81.049	SimA1	R	5	51	1	702
55081	2	55	76.000	  48.158	  74.000	  43.716	  78.000	  41.282	Fill2	R	4	50	1	562
55081	2	56	77.000	  47.532	  60.000	  61.000	  86.052	  42.532	SimB1	R	5	50	3	483
55081	2	57	45.627	  75.000	  58.000	  59.000	  61.107	  56.000	SimA2	R	6	49	3	285
55081	2	58	47.987	  75.000	  61.000	  59.000	  44.987	  80.001	SimA1	R	3	51	3	302
55081	2	59	46.141	  78.000	  59.000	  61.000	  64.268	  56.000	SimA2	R	5	51	1	325
55081	2	60	77.000	  49.117	  74.000	  44.689	  78.000	  43.051	Fill2	R	4	51	2	301
55081	2	61	77.000	  47.532	  60.000	  61.000	  56.000	  65.357	SimB2	R	1	51	3	801
55081	2	62	47.532	  77.000	  60.000	  61.000	  63.103	  58.000	SimA2	R	1	51	3	605
55081	2	63	77.000	  47.532	  61.000	  60.000	  57.000	  64.211	SimB2	R	3	49	2	474
55081	2	64	58.000	  58.000	  56.000	  51.339	  59.000	  48.915	Fill3	R	3	50	1	658
55081	2	65	47.838	  74.000	  60.000	  59.000	  64.364	  55.000	SimA2	R	6	51	1	719
55081	2	66	46.579	  76.000	  59.000	  60.000	  64.364	  55.000	SimA2	R	5	50	3	489
55081	2	67	39.989	  90.000	  36.989	  82.998	  40.989	  75.264	Fill5	R	4	50	1	1293
55081	2	68	77.000	  46.753	  60.000	  60.000	  82.280	  43.753	SimB1	R	4	51	2	783
55081	2	69	47.705	  78.000	  61.000	  61.000	  43.705	  85.139	SimA1	R	6	49	3	1491
55081	2	70	77.000	  45.974	  60.000	  59.000	  86.396	  40.974	SimB1	R	3	49	2	1139
55081	2	71	46.753	  77.000	  60.000	  60.000	  42.753	  84.204	SimA1	R	1	51	3	1013
55081	2	72	49.301	  73.000	  46.301	  67.860	  50.301	  62.941	Fill4	R	2	49	1	677
55081	2	73	95.000	  39.811	  93.000	  36.344	  98.000	  33.765	Fill1	R	6	50	2	620
55081	2	74	48.000	  75.000	  60.000	  60.000	  64.286	  56.000	SimA2	R	5	49	2	253
55081	2	75	78.000	  46.141	  61.000	  59.000	  57.000	  63.140	SimB2	R	5	51	1	263
55081	2	76	46.923	  78.000	  60.000	  61.000	  65.357	  56.000	SimA2	R	4	50	1	268
55081	2	77	76.000	  45.026	  59.000	  58.000	  54.000	  63.370	SimB2	R	3	50	1	1046
55081	2	78	75.000	  47.987	  72.000	  43.819	  77.000	  41.545	Fill2	R	2	50	3	597
55081	2	79	47.987	  75.000	  61.000	  59.000	  66.648	  54.000	SimA2	R	5	50	3	478
55081	2	80	73.000	  47.630	  57.000	  61.000	  81.562	  42.630	SimB1	R	3	50	1	427
55081	3	1	75.000	  47.200	  59.000	  60.000	  83.886	  42.200	SimB1	R	1	50	2	1834
55081	3	2	48.487	  78.000	  62.000	  61.000	  44.487	  85.013	SimA1	R	3	51	3	770
55081	3	3	76.000	  48.947	  60.000	  62.000	  57.000	  65.263	SimB2	R	6	49	3	664
55081	3	4	47.532	  77.000	  61.000	  60.000	  64.211	  57.000	SimA2	R	5	49	2	1052
55081	3	5	75.000	  49.600	  60.000	  62.000	  55.000	  67.636	SimB2	R	5	49	2	1208
55081	3	6	48.312	  77.000	  62.000	  60.000	  66.429	  56.000	SimA2	R	2	49	1	600
55081	3	7	75.000	  49.613	  74.000	  43.811	  76.000	  43.382	Fill2	R	1	49	1	589
55081	3	8	48.487	  78.000	  62.000	  61.000	  65.207	  58.000	SimA2	R	5	49	2	735
55081	3	9	48.312	  77.000	  62.000	  60.000	  44.312	  83.951	SimA1	R	1	51	3	555
55081	3	10	47.532	  77.000	  61.000	  60.000	  43.532	  84.075	SimA1	R	2	49	1	998
55081	3	11	93.000	  40.645	  90.000	  36.544	  96.000	  34.938	Fill1	R	5	50	3	343
55081	3	12	72.000	  47.528	  69.000	  43.580	  73.000	  40.315	Fill2	R	2	51	2	340
55081	3	13	51.549	  71.000	  50.549	  62.810	  53.549	  59.795	Fill4	R	4	50	1	320
55081	3	14	46.740	  77.000	  59.000	  61.000	  63.140	  57.000	SimA2	R	4	50	1	403
55081	3	15	75.000	  49.600	  60.000	  62.000	  81.579	  45.600	SimB1	R	4	51	2	754
55081	3	16	76.000	  48.961	  61.000	  61.000	  56.000	  66.446	SimB2	R	3	49	2	707
55081	3	17	92.000	  40.446	  90.000	  36.011	  93.000	  35.634	Fill1	R	3	50	1	748
55081	3	18	45.974	  77.000	  59.000	  60.000	  64.364	  55.000	SimA2	R	1	49	1	802
55081	3	19	78.000	  46.923	  61.000	  60.000	  85.269	  42.923	SimB1	R	3	50	1	416
55081	3	20	48.000	  75.000	  60.000	  60.000	  44.000	  81.818	SimA1	R	4	51	2	414
55081	3	21	41.344	  90.000	  38.344	  83.976	  42.344	  74.909	Fill5	R	5	49	2	312
55081	3	22	48.886	  70.000	  47.886	  61.918	  50.886	  58.012	Fill4	R	2	50	3	328
55081	3	23	77.000	  47.532	  61.000	  60.000	  57.000	  64.211	SimB2	R	2	51	2	936
55081	3	24	76.000	  46.579	  60.000	  59.000	  83.140	  42.579	SimB1	R	1	50	2	774
55081	3	25	46.740	  77.000	  59.000	  61.000	  42.740	  84.206	SimA1	R	4	50	1	677
55081	3	26	48.961	  76.000	  61.000	  61.000	  44.961	  82.761	SimA1	R	2	51	2	910
55081	3	27	77.000	  49.922	  62.000	  62.000	  83.707	  45.922	SimB1	R	4	51	2	789
55081	3	28	76.000	  48.961	  61.000	  61.000	  58.000	  64.155	SimB2	R	3	50	1	780
55081	3	29	47.532	  77.000	  61.000	  60.000	  66.545	  55.000	SimA2	R	5	50	3	696
55081	3	30	76.000	  48.961	  61.000	  61.000	  84.644	  43.961	SimB1	R	6	50	2	3851
55081	3	31	78.000	  46.923	  61.000	  60.000	  57.000	  64.211	SimB2	R	1	51	3	1713
55081	3	32	77.000	  49.922	  62.000	  62.000	  57.000	  67.439	SimB2	R	3	49	2	976
55081	3	33	51.081	  74.000	  48.081	  68.925	  52.081	  63.862	Fill4	R	5	51	1	731
55081	3	34	74.000	  51.081	  73.000	  46.137	  76.000	  44.289	Fill2	R	1	49	1	796
55081	3	35	48.961	  76.000	  61.000	  61.000	  45.961	  80.961	SimA1	R	4	50	1	1235
55081	3	36	76.000	  46.579	  60.000	  59.000	  55.000	  64.364	SimB2	R	5	50	3	1391
55081	3	37	51.681	  72.000	  50.681	  64.502	  52.681	  61.788	Fill4	R	2	49	1	813
55081	3	38	46.579	  76.000	  60.000	  59.000	  63.214	  56.000	SimA2	R	1	49	1	511
55081	3	39	74.000	  48.635	  59.000	  61.000	  82.479	  43.635	SimB1	R	3	50	1	502
55081	3	40	58.000	  59.000	  57.000	  52.614	  61.000	  48.180	Fill3	R	4	50	1	739
55081	3	41	61.000	  61.000	  58.000	  57.086	  64.000	  50.797	Fill3	R	2	49	1	4022
55081	3	42	92.000	  39.783	  89.000	  36.494	  93.000	  34.914	Fill1	R	4	51	2	831
55081	3	43	47.173	  75.000	  61.000	  58.000	  66.755	  53.000	SimA2	R	6	49	3	1380
55081	3	44	48.961	  76.000	  61.000	  61.000	  64.155	  58.000	SimA2	R	2	49	1	609
55081	3	45	76.000	  48.961	  61.000	  61.000	  57.000	  65.281	SimB2	R	2	51	2	821
55081	3	46	49.282	  78.000	  62.000	  62.000	  45.282	  84.890	SimA1	R	4	49	3	621
55081	3	47	47.692	  78.000	  60.000	  62.000	  43.692	  85.141	SimA1	R	4	51	2	1192
55081	3	48	75.000	  47.200	  59.000	  60.000	  56.000	  63.214	SimB2	R	1	51	3	731
55081	3	49	48.312	  77.000	  60.000	  62.000	  65.263	  57.000	SimA2	R	6	51	1	836
55081	3	50	76.000	  48.961	  61.000	  61.000	  80.961	  45.961	SimB1	R	5	50	3	367
55081	3	51	89.000	  38.449	  86.000	  34.907	  92.000	  31.848	Fill1	R	3	50	1	583
55081	3	52	48.312	  77.000	  60.000	  62.000	  43.312	  85.889	SimA1	R	4	49	3	861
55081	3	53	77.000	  45.948	  61.000	  58.000	  86.402	  40.948	SimB1	R	6	50	2	6906
55081	3	54	77.000	  46.753	  60.000	  60.000	  56.000	  64.286	SimB2	R	1	50	2	547
55081	3	55	46.579	  76.000	  60.000	  59.000	  42.579	  83.140	SimA1	R	5	49	2	692
55081	3	56	77.000	  47.532	  61.000	  60.000	  82.187	  44.532	SimB1	R	2	50	3	1290
55081	3	57	76.000	  48.961	  61.000	  61.000	  82.761	  44.961	SimB1	R	5	50	3	556
55081	3	58	60.000	  63.000	  57.000	  59.175	  63.000	  52.492	Fill3	R	5	51	1	740
55081	3	59	40.213	  94.000	  39.213	  83.621	  41.213	  78.398	Fill5	R	2	49	1	719
55081	3	60	48.961	  76.000	  61.000	  61.000	  65.281	  57.000	SimA2	R	3	50	1	653
55081	3	61	77.000	  46.753	  60.000	  60.000	  82.280	  43.753	SimB1	R	1	50	2	873
55081	3	62	74.000	  48.635	  59.000	  61.000	  55.000	  65.436	SimB2	R	3	50	1	502
55081	3	63	76.000	  48.947	  60.000	  62.000	  80.962	  45.947	SimB1	R	5	49	2	718
55081	3	64	48.961	  76.000	  61.000	  61.000	  44.961	  82.761	SimA1	R	1	51	3	533
55081	3	65	77.000	  48.312	  62.000	  60.000	  59.000	  63.051	SimB2	R	2	50	3	600
55081	3	66	48.000	  75.000	  60.000	  60.000	  63.158	  57.000	SimA2	R	5	51	1	1455
55081	3	67	45.974	  77.000	  59.000	  60.000	  42.974	  82.375	SimA1	R	3	49	2	556
55081	3	68	77.000	  45.948	  61.000	  58.000	  57.000	  62.070	SimB2	R	5	51	1	270
55081	3	69	77.000	  49.117	  62.000	  61.000	  82.009	  46.117	SimB1	R	5	50	3	260
55081	3	70	77.000	  49.117	  62.000	  61.000	  57.000	  66.351	SimB2	R	2	51	2	262
55081	3	71	47.532	  77.000	  61.000	  60.000	  44.532	  82.187	SimA1	R	2	49	1	289
55081	3	72	49.282	  78.000	  62.000	  62.000	  67.439	  57.000	SimA2	R	2	50	3	234
55081	3	73	41.124	  89.000	  40.124	  78.707	  43.124	  72.489	Fill5	R	4	51	2	572
55081	3	74	77.000	  48.312	  62.000	  60.000	  85.889	  43.312	SimB1	R	3	50	1	255
55081	3	75	48.961	  76.000	  61.000	  61.000	  65.281	  57.000	SimA2	R	3	50	1	237
55081	3	76	47.173	  75.000	  61.000	  58.000	  44.173	  80.094	SimA1	R	5	50	3	405
55081	3	77	61.000	  60.000	  59.000	  55.220	  64.000	  50.891	Fill3	R	1	51	3	1469
55081	3	78	47.692	  78.000	  60.000	  62.000	  65.263	  57.000	SimA2	R	4	51	2	993
55081	3	79	77.000	  47.532	  75.000	  42.800	  80.000	  40.025	Fill2	R	3	50	1	819
55081	3	80	38.449	  89.000	  36.449	  79.562	  40.449	  71.892	Fill5	R	4	49	3	542
55081	4	1	46.579	  76.000	  59.000	  60.000	  64.364	  55.000	SimA2	R	6	51	1	3627
55081	4	2	90.000	  37.367	  87.000	  33.598	  91.000	  32.033	Fill1	R	4	49	3	1157
55081	4	3	76.000	  48.132	  59.000	  62.000	  82.888	  44.132	SimB1	R	4	51	2	779
55081	4	4	48.739	  69.000	  46.739	  62.753	  50.739	  57.352	Fill4	R	3	51	3	926
55081	4	5	40.220	  91.000	  38.220	  82.078	  41.220	  75.546	Fill5	R	3	50	1	380
55081	4	6	76.000	  47.355	  59.000	  61.000	  84.972	  42.355	SimB1	R	3	49	2	777
55081	4	7	77.000	  47.532	  74.000	  43.541	  79.000	  40.051	Fill2	R	5	51	1	718
55081	4	8	61.000	  60.000	  60.000	  53.433	  62.000	  52.468	Fill3	R	5	51	1	619
55081	4	9	61.000	  60.000	  58.000	  55.638	  63.000	  51.000	Fill3	R	1	49	1	676
55081	4	10	45.789	  76.000	  58.000	  60.000	  40.789	  85.316	SimA1	R	2	49	1	1296
55081	4	11	47.506	  77.000	  59.000	  62.000	  64.175	  57.000	SimA2	R	3	51	3	1567
55081	4	12	48.000	  75.000	  60.000	  60.000	  43.000	  83.721	SimA1	R	3	50	1	522
55081	4	13	75.000	  48.000	  60.000	  60.000	  81.818	  44.000	SimB1	R	3	49	2	919
55081	4	14	78.000	  48.487	  61.000	  62.000	  85.013	  44.487	SimB1	R	4	51	2	602
55081	4	15	47.368	  76.000	  60.000	  60.000	  44.368	  81.139	SimA1	R	3	51	3	607
55081	4	16	74.000	  48.635	  59.000	  61.000	  78.865	  45.635	SimB1	R	3	49	2	608
55081	4	17	76.000	  47.368	  60.000	  60.000	  83.010	  43.368	SimB1	R	6	50	2	810
55081	4	18	75.000	  48.000	  60.000	  60.000	  57.000	  63.158	SimB2	R	1	51	3	658
55081	4	19	74.000	  48.635	  59.000	  61.000	  54.000	  66.648	SimB2	R	5	50	3	650
55081	4	20	46.579	  76.000	  60.000	  59.000	  64.364	  55.000	SimA2	R	6	51	1	622
55081	4	21	76.000	  47.355	  59.000	  61.000	  54.000	  66.648	SimB2	R	4	51	2	622
55081	4	22	94.000	  38.936	  92.000	  34.967	  97.000	  32.990	Fill1	R	2	49	1	639
55081	4	23	77.000	  45.974	  60.000	  59.000	  55.000	  64.364	SimB2	R	2	51	2	707
55081	4	24	78.000	  48.487	  61.000	  62.000	  57.000	  66.351	SimB2	R	5	51	1	601
55081	4	25	76.000	  46.579	  59.000	  60.000	  54.000	  65.556	SimB2	R	2	49	1	661
55081	4	26	48.635	  74.000	  61.000	  59.000	  44.635	  80.632	SimA1	R	3	51	3	606
55081	4	27	73.000	  47.671	  58.000	  60.000	  77.902	  44.671	SimB1	R	3	49	2	685
55081	4	28	46.877	  73.000	  59.000	  58.000	  42.877	  79.810	SimA1	R	5	50	3	937
55081	4	29	73.000	  47.671	  58.000	  60.000	  54.000	  64.444	SimB2	R	2	50	3	624
55081	4	30	45.789	  76.000	  58.000	  60.000	  61.053	  57.000	SimA2	R	6	51	1	677
55081	4	31	77.000	  48.325	  61.000	  61.000	  56.000	  66.446	SimB2	R	5	49	2	1068
55081	4	32	41.124	  89.000	  40.124	  78.732	  42.124	  74.471	Fill5	R	2	49	1	788
55081	4	33	46.141	  78.000	  59.000	  61.000	  43.141	  83.424	SimA1	R	5	51	1	1021
55081	4	34	77.000	  48.325	  61.000	  61.000	  85.886	  43.325	SimB1	R	2	50	3	313
55081	4	35	48.487	  78.000	  61.000	  62.000	  44.487	  85.013	SimA1	R	2	51	2	264
55081	4	36	76.000	  46.579	  60.000	  59.000	  55.000	  64.364	SimB2	R	5	51	1	243
55081	4	37	76.000	  47.368	  60.000	  60.000	  56.000	  64.286	SimB2	R	5	49	2	369
55081	4	38	77.000	  46.753	  60.000	  60.000	  82.280	  43.753	SimB1	R	4	51	2	535
55081	4	39	46.579	  76.000	  60.000	  59.000	  43.579	  81.232	SimA1	R	1	51	3	327
55081	4	40	76.000	  46.579	  60.000	  59.000	  81.232	  43.579	SimB1	R	3	49	2	319
55081	4	41	48.000	  75.000	  60.000	  60.000	  64.286	  56.000	SimA2	R	4	51	2	248
55081	4	42	75.000	  48.000	  60.000	  60.000	  80.000	  45.000	SimB1	R	4	50	1	198
55081	4	43	75.000	  48.000	  60.000	  60.000	  57.000	  63.158	SimB2	R	4	51	2	265
55081	4	44	77.000	  46.753	  60.000	  60.000	  57.000	  63.158	SimB2	R	6	51	1	272
55081	4	45	46.141	  78.000	  59.000	  61.000	  63.140	  57.000	SimA2	R	3	49	2	224
55081	4	46	91.000	  40.220	  89.000	  35.809	  93.000	  34.215	Fill1	R	4	49	3	248
55081	4	47	46.141	  78.000	  59.000	  61.000	  62.052	  58.000	SimA2	R	5	50	3	242
55081	4	48	46.753	  77.000	  60.000	  60.000	  43.753	  82.280	SimA1	R	2	51	2	434
55081	4	49	50.833	  72.000	  49.833	  64.977	  52.833	  60.681	Fill4	R	4	51	2	285
55081	4	50	76.000	  48.132	  59.000	  62.000	  55.000	  66.509	SimB2	R	4	51	2	461
55081	4	51	37.787	  89.000	  35.787	  79.387	  38.787	  72.886	Fill5	R	4	50	1	332
55081	4	52	60.000	  61.000	  57.000	  56.772	  63.000	  50.381	Fill3	R	4	49	3	384
55081	4	53	76.000	  47.355	  61.000	  59.000	  83.012	  43.355	SimB1	R	5	49	2	581
55081	4	54	52.286	  70.000	  51.286	  62.669	  54.286	  58.358	Fill4	R	5	51	1	682
55081	4	55	94.000	  38.936	  92.000	  35.283	  96.000	  33.698	Fill1	R	1	49	1	786
55081	4	56	72.000	  46.708	  70.000	  41.314	  75.000	  38.493	Fill2	R	3	50	1	494
55081	4	57	46.877	  73.000	  59.000	  58.000	  62.218	  55.000	SimA2	R	2	50	3	679
55081	4	58	48.635	  74.000	  61.000	  59.000	  66.648	  54.000	SimA2	R	4	51	2	321
55081	4	59	47.705	  78.000	  61.000	  61.000	  44.705	  83.234	SimA1	R	6	49	3	176
55081	4	60	47.705	  78.000	  61.000	  61.000	  64.155	  58.000	SimA2	R	2	51	2	395
55081	4	61	46.579	  76.000	  59.000	  60.000	  41.579	  85.139	SimA1	R	3	51	3	339
55081	4	62	76.000	  46.579	  59.000	  60.000	  85.139	  41.579	SimB1	R	3	51	3	331
55081	4	63	46.141	  78.000	  59.000	  61.000	  43.141	  83.424	SimA1	R	5	50	3	258
55081	4	64	52.286	  70.000	  50.286	  62.901	  54.286	  58.487	Fill4	R	1	49	1	243
55081	4	65	75.000	  48.800	  74.000	  44.000	  77.000	  42.221	Fill2	R	3	50	1	317
55081	4	66	46.753	  77.000	  60.000	  60.000	  65.455	  55.000	SimA2	R	2	49	1	254
55081	4	67	74.000	  46.243	  59.000	  58.000	  79.134	  43.243	SimB1	R	4	50	1	244
55081	4	68	47.200	  75.000	  60.000	  59.000	  43.200	  81.944	SimA1	R	4	51	2	154
55081	4	69	76.000	  47.355	  61.000	  59.000	  56.000	  64.268	SimB2	R	6	49	3	352
55081	4	70	46.753	  77.000	  60.000	  60.000	  64.286	  56.000	SimA2	R	5	49	2	284
55081	4	71	74.000	  46.243	  59.000	  58.000	  55.000	  62.218	SimB2	R	1	50	2	216
55081	4	72	47.200	  75.000	  60.000	  59.000	  63.214	  56.000	SimA2	R	2	51	2	293
55081	4	73	76.000	  48.158	  75.000	  43.240	  77.000	  42.078	Fill2	R	2	50	3	136
55081	4	74	48.487	  78.000	  61.000	  62.000	  66.351	  57.000	SimA2	R	3	50	1	361
55081	4	75	47.506	  77.000	  59.000	  62.000	  42.506	  86.057	SimA1	R	3	50	1	275
55081	4	76	46.753	  77.000	  60.000	  60.000	  41.753	  86.221	SimA1	R	2	49	1	252
55081	4	77	77.000	  45.974	  60.000	  59.000	  86.396	  40.974	SimB1	R	3	51	3	253
55081	4	78	40.667	  90.000	  37.667	  82.726	  42.667	  73.523	Fill5	R	2	50	3	198
55081	4	79	47.368	  76.000	  60.000	  60.000	  64.286	  56.000	SimA2	R	4	49	3	241
55081	4	80	57.000	  59.000	  55.000	  52.109	  58.000	  49.414	Fill3	R	3	49	2	280
55081	5	1	47.838	  74.000	  60.000	  59.000	  44.838	  78.951	SimA1	R	6	51	1	2060
55081	5	2	77.000	  47.532	  60.000	  61.000	  86.052	  42.532	SimB1	R	1	17	0	392
55081	5	3	76.000	  46.579	  59.000	  60.000	  56.000	  63.214	SimB2	R	4	49	3	4006
55081	5	4	45.627	  75.000	  58.000	  59.000	  61.107	  56.000	SimA2	R	6	51	1	515
55081	5	5	77.000	  46.753	  60.000	  60.000	  82.280	  43.753	SimB1	R	4	51	2	690
55081	5	6	76.000	  47.355	  59.000	  61.000	  55.000	  65.436	SimB2	R	5	50	3	739
55081	5	7	48.000	  75.000	  60.000	  60.000	  43.000	  83.721	SimA1	R	5	50	3	742
55081	5	8	59.000	  61.000	  58.000	  53.776	  62.000	  50.081	Fill3	R	5	51	1	274
55081	5	9	76.000	  45.789	  60.000	  58.000	  57.000	  61.053	SimB2	R	5	49	2	256
55081	5	10	47.705	  78.000	  61.000	  61.000	  65.281	  57.000	SimA2	R	5	50	3	199
55081	5	11	76.000	  48.961	  61.000	  61.000	  56.000	  66.446	SimB2	R	3	51	3	208
55081	5	12	50.833	  72.000	  48.833	  65.877	  52.833	  60.379	Fill4	R	1	50	2	224
55081	5	13	75.000	  48.800	  60.000	  61.000	  83.562	  43.800	SimB1	R	6	49	3	120
55081	5	14	77.000	  46.753	  60.000	  60.000	  82.280	  43.753	SimB1	R	3	51	3	159
55081	5	15	77.000	  47.532	  60.000	  61.000	  56.000	  65.357	SimB2	R	4	51	2	301
55081	5	16	46.141	  78.000	  59.000	  61.000	  64.268	  56.000	SimA2	R	2	50	3	200
55081	5	17	77.000	  46.753	  60.000	  60.000	  57.000	  63.158	SimB2	R	4	51	2	269
55081	5	18	41.560	  91.000	  39.560	  81.698	  42.560	  77.067	Fill5	R	3	50	1	262
55081	5	19	77.000	  46.753	  60.000	  60.000	  55.000	  65.455	SimB2	R	5	51	1	594
55081	5	20	77.000	  49.117	  74.000	  44.689	  78.000	  43.051	Fill2	R	4	50	1	664
55081	5	21	39.989	  90.000	  36.989	  82.998	  40.989	  75.264	Fill5	R	3	49	2	956
55081	5	22	77.000	  45.974	  60.000	  59.000	  86.396	  40.974	SimB1	R	6	50	2	1918
55081	5	23	60.000	  61.000	  59.000	  53.898	  63.000	  50.444	Fill3	R	4	50	1	495
55081	5	24	76.000	  45.026	  59.000	  58.000	  81.425	  42.026	SimB1	R	2	51	2	535
55081	5	25	47.532	  77.000	  60.000	  61.000	  44.532	  82.187	SimA1	R	4	49	3	606
55081	5	26	46.753	  77.000	  60.000	  60.000	  42.753	  84.204	SimA1	R	1	51	3	556
55081	5	27	77.000	  47.532	  61.000	  60.000	  57.000	  64.211	SimB2	R	5	50	3	577
55081	5	28	91.000	  36.967	  89.000	  33.000	  94.000	  30.904	Fill1	R	5	51	1	237
55081	5	29	77.000	  46.753	  60.000	  60.000	  55.000	  65.455	SimB2	R	4	49	3	992
55081	5	30	74.000	  46.243	  58.000	  59.000	  54.000	  63.370	SimB2	R	3	49	2	526
55081	5	31	76.000	  46.579	  59.000	  60.000	  85.139	  41.579	SimB1	R	6	49	3	451
55081	5	32	46.753	  77.000	  60.000	  60.000	  63.158	  57.000	SimA2	R	3	50	1	331
55081	5	33	48.000	  75.000	  60.000	  60.000	  64.286	  56.000	SimA2	R	3	51	3	992
55081	5	34	62.000	  61.000	  60.000	  56.000	  65.000	  51.600	Fill3	R	3	50	1	810
55081	5	35	46.400	  75.000	  60.000	  58.000	  65.660	  53.000	SimA2	R	4	49	3	379
55081	5	36	93.000	  39.355	  90.000	  35.533	  96.000	  33.750	Fill1	R	3	50	1	260
55081	5	37	53.268	  71.000	  52.268	  63.577	  54.268	  60.773	Fill4	R	2	51	2	99
55081	5	38	39.783	  92.000	  37.783	  83.133	  41.783	  74.481	Fill5	R	1	51	3	674
55081	5	39	47.838	  74.000	  60.000	  59.000	  64.364	  55.000	SimA2	R	5	51	1	288
55081	5	40	78.000	  46.141	  61.000	  59.000	  57.000	  63.140	SimB2	R	5	49	2	359
55081	5	41	76.000	  47.355	  59.000	  61.000	  84.972	  42.355	SimB1	R	2	50	3	263
55081	5	42	77.000	  47.532	  61.000	  60.000	  86.052	  42.532	SimB1	R	6	51	1	274
55081	5	43	95.000	  39.811	  93.000	  36.344	  98.000	  33.765	Fill1	R	3	49	2	232
55081	5	44	76.000	  45.026	  59.000	  58.000	  54.000	  63.370	SimB2	R	6	50	2	171
55081	5	45	78.000	  46.141	  61.000	  59.000	  85.404	  42.141	SimB1	R	4	51	2	125
55081	5	46	91.000	  39.549	  90.000	  35.178	  94.000	  33.032	Fill1	R	4	50	1	219
55081	5	47	49.301	  73.000	  46.301	  67.860	  50.301	  62.941	Fill4	R	3	50	1	256
55081	5	48	73.000	  47.630	  57.000	  61.000	  81.562	  42.630	SimB1	R	2	51	2	326
55081	5	49	46.753	  77.000	  60.000	  60.000	  65.455	  55.000	SimA2	R	4	49	3	269
55081	5	50	46.400	  75.000	  60.000	  58.000	  43.400	  80.184	SimA1	R	3	50	1	216
55081	5	51	75.000	  48.800	  60.000	  61.000	  57.000	  64.211	SimB2	R	1	51	3	170
55081	5	52	73.000	  47.630	  57.000	  61.000	  52.000	  66.865	SimB2	R	5	49	2	221
55081	5	53	47.987	  75.000	  61.000	  59.000	  44.987	  80.001	SimA1	R	6	49	3	230
55081	5	54	46.579	  76.000	  59.000	  60.000	  64.364	  55.000	SimA2	R	6	49	3	318
55081	5	55	45.627	  75.000	  58.000	  59.000	  41.627	  82.207	SimA1	R	4	51	2	66615
55081	5	56	46.923	  78.000	  60.000	  61.000	  65.357	  56.000	SimA2	R	3	49	2	679
55081	5	57	47.987	  75.000	  61.000	  59.000	  66.648	  54.000	SimA2	R	4	50	1	372
55081	5	58	46.877	  73.000	  59.000	  58.000	  64.566	  53.000	SimA2	R	2	50	3	351
55081	5	59	48.754	  69.000	  46.754	  62.840	  49.754	  57.865	Fill4	R	2	49	1	373
55081	5	60	46.753	  77.000	  60.000	  60.000	  42.753	  84.204	SimA1	R	3	51	3	312
55081	5	61	46.923	  78.000	  60.000	  61.000	  43.923	  83.327	SimA1	R	1	50	2	277
55081	5	62	48.158	  76.000	  61.000	  60.000	  65.357	  56.000	SimA2	R	3	51	3	268
55081	5	63	76.000	  45.789	  60.000	  58.000	  81.328	  42.789	SimB1	R	3	49	2	1885
55081	5	64	77.000	  45.974	  60.000	  59.000	  57.000	  62.105	SimB2	R	5	51	1	922
55081	5	65	44.577	  78.000	  57.000	  61.000	  61.000	  57.000	SimA2	R	2	50	3	532
55081	5	66	46.579	  76.000	  59.000	  60.000	  42.579	  83.140	SimA1	R	2	51	2	537
55081	5	67	75.000	  47.987	  72.000	  43.819	  77.000	  41.545	Fill2	R	1	49	1	741
55081	5	68	38.667	  87.000	  36.667	  77.455	  40.667	  69.443	Fill5	R	1	50	2	1418
55081	5	69	47.532	  77.000	  60.000	  61.000	  63.103	  58.000	SimA2	R	5	51	1	977
55081	5	70	58.000	  58.000	  56.000	  51.339	  59.000	  48.915	Fill3	R	5	50	3	1139
55081	5	71	72.000	  46.722	  70.000	  41.629	  75.000	  39.400	Fill2	R	5	49	2	529
55081	5	72	76.000	  48.961	  61.000	  61.000	  82.761	  44.961	SimB1	R	5	51	1	817
55081	5	73	74.000	  46.243	  58.000	  59.000	  79.134	  43.243	SimB1	R	3	51	3	825
55081	5	74	46.877	  73.000	  59.000	  58.000	  43.877	  77.991	SimA1	R	1	49	1	299
55081	5	75	77.000	  46.753	  60.000	  60.000	  82.280	  43.753	SimB1	R	3	51	3	430
55081	5	76	76.000	  48.158	  74.000	  43.716	  78.000	  41.282	Fill2	R	3	50	1	784
55081	5	77	47.705	  78.000	  61.000	  61.000	  43.705	  85.139	SimA1	R	5	49	2	1654
55081	5	78	44.577	  78.000	  57.000	  61.000	  41.577	  83.628	SimA1	R	3	51	3	5136
55081	5	79	46.141	  78.000	  59.000	  61.000	  42.141	  85.404	SimA1	R	5	50	3	450
55081	5	80	48.158	  76.000	  61.000	  60.000	  45.158	  81.049	SimA1	R	3	50	1	237
55081	6	1	60.000	  63.000	  57.000	  59.175	  63.000	  52.492	Fill3	R	4	50	1	1339
55081	6	2	78.000	  46.923	  61.000	  60.000	  57.000	  64.211	SimB2	R	4	49	3	706
55081	6	3	77.000	  46.753	  60.000	  60.000	  82.280	  43.753	SimB1	R	6	49	3	374
55081	6	4	77.000	  47.532	  61.000	  60.000	  57.000	  64.211	SimB2	R	6	50	2	286
55081	6	5	76.000	  48.961	  61.000	  61.000	  56.000	  66.446	SimB2	R	2	51	2	545
55081	6	6	48.000	  75.000	  60.000	  60.000	  44.000	  81.818	SimA1	R	4	49	3	817
55081	6	7	74.000	  48.635	  59.000	  61.000	  55.000	  65.436	SimB2	R	4	51	2	1984
55081	6	8	77.000	  47.532	  75.000	  42.800	  80.000	  40.025	Fill2	R	4	50	1	245
55081	6	9	74.000	  51.081	  73.000	  46.137	  76.000	  44.289	Fill2	R	2	49	1	959
55081	6	10	89.000	  38.449	  86.000	  34.907	  92.000	  31.848	Fill1	R	3	51	3	765
55081	6	11	46.740	  77.000	  59.000	  61.000	  42.740	  84.206	SimA1	R	5	50	3	259
55081	6	12	58.000	  59.000	  57.000	  52.614	  61.000	  48.180	Fill3	R	1	49	1	418
55081	6	13	77.000	  49.922	  62.000	  62.000	  83.707	  45.922	SimB1	R	3	51	3	265
55081	6	14	46.579	  76.000	  60.000	  59.000	  42.579	  83.140	SimA1	R	3	50	1	433
55081	6	15	77.000	  45.948	  61.000	  58.000	  57.000	  62.070	SimB2	R	2	50	3	316
55081	6	16	78.000	  46.923	  61.000	  60.000	  85.269	  42.923	SimB1	R	2	51	2	302
55081	6	17	61.000	  61.000	  58.000	  57.086	  64.000	  50.797	Fill3	R	5	49	2	371
55081	6	18	48.961	  76.000	  61.000	  61.000	  44.961	  82.761	SimA1	R	2	50	3	710
55081	6	19	48.961	  76.000	  61.000	  61.000	  65.281	  57.000	SimA2	R	3	51	3	279
55081	6	20	38.449	  89.000	  36.449	  79.562	  40.449	  71.892	Fill5	R	4	50	1	1327
55081	6	21	77.000	  48.312	  62.000	  60.000	  85.889	  43.312	SimB1	R	6	51	1	1599
55081	6	22	75.000	  49.600	  60.000	  62.000	  81.579	  45.600	SimB1	R	1	50	2	1665
55081	6	23	48.886	  70.000	  47.886	  61.918	  50.886	  58.012	Fill4	R	3	50	1	1130
55081	6	24	51.081	  74.000	  48.081	  68.925	  52.081	  63.862	Fill4	R	2	49	1	623
55081	6	25	47.173	  75.000	  61.000	  58.000	  66.755	  53.000	SimA2	R	6	51	1	617
55081	6	26	48.312	  77.000	  62.000	  60.000	  44.312	  83.951	SimA1	R	2	50	3	695
55081	6	27	92.000	  40.446	  90.000	  36.011	  93.000	  35.634	Fill1	R	5	51	1	2808
55081	6	28	76.000	  48.961	  61.000	  61.000	  58.000	  64.155	SimB2	R	3	50	1	290
55081	6	29	48.961	  76.000	  61.000	  61.000	  64.155	  58.000	SimA2	R	2	49	1	234
55081	6	30	47.692	  78.000	  60.000	  62.000	  43.692	  85.141	SimA1	R	5	51	1	443
55081	6	31	76.000	  46.579	  60.000	  59.000	  55.000	  64.364	SimB2	R	2	50	3	477
55081	6	32	45.974	  77.000	  59.000	  60.000	  42.974	  82.375	SimA1	R	6	49	3	440
55081	6	33	76.000	  48.961	  61.000	  61.000	  80.961	  45.961	SimB1	R	4	50	1	452
55081	6	34	49.282	  78.000	  62.000	  62.000	  67.439	  57.000	SimA2	R	5	51	1	401
55081	6	35	74.000	  48.635	  59.000	  61.000	  82.479	  43.635	SimB1	R	4	50	1	427
55081	6	36	47.532	  77.000	  61.000	  60.000	  43.532	  84.075	SimA1	R	2	49	1	466
55081	6	37	48.000	  75.000	  60.000	  60.000	  63.158	  57.000	SimA2	R	6	50	2	548
55081	6	38	77.000	  46.753	  60.000	  60.000	  56.000	  64.286	SimB2	R	5	51	1	517
55081	6	39	47.532	  77.000	  61.000	  60.000	  66.545	  55.000	SimA2	R	3	51	3	501
55081	6	40	77.000	  49.117	  62.000	  61.000	  57.000	  66.351	SimB2	R	5	49	2	547
55081	6	41	47.173	  75.000	  61.000	  58.000	  44.173	  80.094	SimA1	R	3	50	1	881
55081	6	42	41.124	  89.000	  40.124	  78.707	  43.124	  72.489	Fill5	R	4	51	2	1198
55081	6	43	51.549	  71.000	  50.549	  62.810	  53.549	  59.795	Fill4	R	1	49	1	542
55081	6	44	75.000	  47.200	  59.000	  60.000	  83.886	  42.200	SimB1	R	5	50	3	490
55081	6	45	49.282	  78.000	  62.000	  62.000	  45.282	  84.890	SimA1	R	1	51	3	482
55081	6	46	47.532	  77.000	  61.000	  60.000	  64.211	  57.000	SimA2	R	5	50	3	357
55081	6	47	48.312	  77.000	  62.000	  60.000	  66.429	  56.000	SimA2	R	1	49	1	625
55081	6	48	40.213	  94.000	  39.213	  83.621	  41.213	  78.398	Fill5	R	3	50	1	1066
55081	6	49	75.000	  49.613	  74.000	  43.811	  76.000	  43.382	Fill2	R	3	50	1	1420
55081	6	50	72.000	  47.528	  69.000	  43.580	  73.000	  40.315	Fill2	R	3	51	3	1606
55081	6	51	48.312	  77.000	  60.000	  62.000	  65.263	  57.000	SimA2	R	3	49	2	700
55081	6	52	76.000	  48.961	  61.000	  61.000	  84.644	  43.961	SimB1	R	3	50	1	517
55081	6	53	48.961	  76.000	  61.000	  61.000	  44.961	  82.761	SimA1	R	3	51	3	267
55081	6	54	76.000	  48.947	  60.000	  62.000	  57.000	  65.263	SimB2	R	2	49	1	394
55081	6	55	77.000	  45.948	  61.000	  58.000	  86.402	  40.948	SimB1	R	6	50	2	361
55081	6	56	76.000	  46.579	  60.000	  59.000	  83.140	  42.579	SimB1	R	5	51	1	487
55081	6	57	48.487	  78.000	  62.000	  61.000	  65.207	  58.000	SimA2	R	3	50	1	425
55081	6	58	76.000	  48.961	  61.000	  61.000	  57.000	  65.281	SimB2	R	2	51	2	490
55081	6	59	46.740	  77.000	  59.000	  61.000	  63.140	  57.000	SimA2	R	3	51	3	1090
55081	6	60	61.000	  60.000	  59.000	  55.220	  64.000	  50.891	Fill3	R	4	49	3	1256
55081	6	61	48.487	  78.000	  62.000	  61.000	  44.487	  85.013	SimA1	R	6	50	2	933
55081	6	62	77.000	  48.312	  62.000	  60.000	  59.000	  63.051	SimB2	R	4	51	2	220
55081	6	63	46.579	  76.000	  60.000	  59.000	  63.214	  56.000	SimA2	R	2	49	1	688
55081	6	64	48.961	  76.000	  61.000	  61.000	  45.961	  80.961	SimA1	R	1	51	3	511
55081	6	65	51.681	  72.000	  50.681	  64.502	  52.681	  61.788	Fill4	R	6	50	2	180
55081	6	66	77.000	  47.532	  61.000	  60.000	  82.187	  44.532	SimB1	R	3	49	2	84
55081	6	67	92.000	  39.783	  89.000	  36.494	  93.000	  34.914	Fill1	R	5	51	1	136
55081	6	68	47.532	  77.000	  61.000	  60.000	  44.532	  82.187	SimA1	R	1	50	2	236
55081	6	69	47.692	  78.000	  60.000	  62.000	  65.263	  57.000	SimA2	R	3	49	2	200
55081	6	70	76.000	  48.947	  60.000	  62.000	  80.962	  45.947	SimB1	R	3	51	3	173
55081	6	71	41.344	  90.000	  38.344	  83.976	  42.344	  74.909	Fill5	R	5	50	3	219
55081	6	72	48.961	  76.000	  61.000	  61.000	  65.281	  57.000	SimA2	R	2	49	1	249
55081	6	73	48.312	  77.000	  60.000	  62.000	  43.312	  85.889	SimA1	R	1	51	3	333
55081	6	74	75.000	  47.200	  59.000	  60.000	  56.000	  63.214	SimB2	R	6	51	1	646
55081	6	75	77.000	  49.117	  62.000	  61.000	  82.009	  46.117	SimB1	R	6	50	2	357
55081	6	76	45.974	  77.000	  59.000	  60.000	  64.364	  55.000	SimA2	R	4	51	2	368
55081	6	77	75.000	  49.600	  60.000	  62.000	  55.000	  67.636	SimB2	R	4	50	1	455
55081	6	78	77.000	  49.922	  62.000	  62.000	  57.000	  67.439	SimB2	R	2	49	1	655
55081	6	79	93.000	  40.645	  90.000	  36.544	  96.000	  34.938	Fill1	R	4	49	3	228
55081	6	80	76.000	  48.961	  61.000	  61.000	  82.761	  44.961	SimB1	R	4	51	2	181
55081	7	1	46.579	  76.000	  59.000	  60.000	  41.579	  85.139	SimA1	R	4	51	2	1485
55081	7	2	47.506	  77.000	  59.000	  62.000	  42.506	  86.057	SimA1	R	4	49	3	543
55081	7	3	75.000	  48.000	  60.000	  60.000	  81.818	  44.000	SimB1	R	5	50	3	218
55081	7	4	47.705	  78.000	  61.000	  61.000	  64.155	  58.000	SimA2	R	2	50	3	246
55081	7	5	46.753	  77.000	  60.000	  60.000	  41.753	  86.221	SimA1	R	4	49	3	49
55081	7	6	94.000	  38.936	  92.000	  35.283	  96.000	  33.698	Fill1	R	1	51	3	108
55081	7	7	37.787	  89.000	  35.787	  79.387	  38.787	  72.886	Fill5	R	6	49	3	566
55081	7	8	73.000	  47.671	  58.000	  60.000	  77.902	  44.671	SimB1	R	1	50	2	257
55081	7	9	72.000	  46.708	  70.000	  41.314	  75.000	  38.493	Fill2	R	4	51	2	504
55081	7	10	40.667	  90.000	  37.667	  82.726	  42.667	  73.523	Fill5	R	5	50	3	263
55081	7	11	61.000	  60.000	  60.000	  53.433	  62.000	  52.468	Fill3	R	3	50	1	309
55081	7	12	77.000	  48.325	  61.000	  61.000	  56.000	  66.446	SimB2	R	2	49	1	427
55081	7	13	76.000	  48.132	  59.000	  62.000	  82.888	  44.132	SimB1	R	4	51	2	271
55081	7	14	76.000	  47.355	  59.000	  61.000	  84.972	  42.355	SimB1	R	5	51	1	255
55081	7	15	50.833	  72.000	  49.833	  64.977	  52.833	  60.681	Fill4	R	2	50	3	70
55081	7	16	74.000	  46.243	  59.000	  58.000	  79.134	  43.243	SimB1	R	1	49	1	501
55081	7	17	46.141	  78.000	  59.000	  61.000	  43.141	  83.424	SimA1	R	2	50	3	286
55081	7	18	91.000	  40.220	  89.000	  35.809	  93.000	  34.215	Fill1	R	3	51	3	286
55081	7	19	46.579	  76.000	  60.000	  59.000	  64.364	  55.000	SimA2	R	5	50	3	708
55081	7	20	47.200	  75.000	  60.000	  59.000	  63.214	  56.000	SimA2	R	1	50	2	554
55081	7	21	45.789	  76.000	  58.000	  60.000	  40.789	  85.316	SimA1	R	4	49	3	431
55081	7	22	76.000	  47.368	  60.000	  60.000	  83.010	  43.368	SimB1	R	3	51	3	130
55081	7	23	76.000	  46.579	  59.000	  60.000	  54.000	  65.556	SimB2	R	4	50	1	168
55081	7	24	57.000	  59.000	  55.000	  52.109	  58.000	  49.414	Fill3	R	2	50	3	145
55081	7	25	77.000	  45.974	  60.000	  59.000	  55.000	  64.364	SimB2	R	5	49	2	268
55081	7	26	74.000	  48.635	  59.000	  61.000	  54.000	  66.648	SimB2	R	2	51	2	282
55081	7	27	46.877	  73.000	  59.000	  58.000	  42.877	  79.810	SimA1	R	2	51	2	419
55081	7	28	90.000	  37.367	  87.000	  33.598	  91.000	  32.033	Fill1	R	2	49	1	470
55081	7	29	41.124	  89.000	  40.124	  78.732	  42.124	  74.471	Fill5	R	1	50	2	194
55081	7	30	76.000	  47.368	  60.000	  60.000	  56.000	  64.286	SimB2	R	4	50	1	359
55081	7	31	47.705	  78.000	  61.000	  61.000	  44.705	  83.234	SimA1	R	3	51	3	389
55081	7	32	46.141	  78.000	  59.000	  61.000	  62.052	  58.000	SimA2	R	5	51	1	495
55081	7	33	52.286	  70.000	  50.286	  62.901	  54.286	  58.487	Fill4	R	2	50	3	511
55081	7	34	74.000	  48.635	  59.000	  61.000	  78.865	  45.635	SimB1	R	2	49	1	429
55081	7	35	77.000	  46.753	  60.000	  60.000	  57.000	  63.158	SimB2	R	5	50	3	550
55081	7	36	60.000	  61.000	  57.000	  56.772	  63.000	  50.381	Fill3	R	5	50	3	582
55081	7	37	46.141	  78.000	  59.000	  61.000	  63.140	  57.000	SimA2	R	4	51	2	95
55081	7	38	46.753	  77.000	  60.000	  60.000	  64.286	  56.000	SimA2	R	5	51	1	350
55081	7	39	47.368	  76.000	  60.000	  60.000	  64.286	  56.000	SimA2	R	3	51	3	32
55081	7	40	78.000	  48.487	  61.000	  62.000	  85.013	  44.487	SimB1	R	5	50	3	64
55081	7	41	48.739	  69.000	  46.739	  62.753	  50.739	  57.352	Fill4	R	5	49	2	167
55081	7	42	76.000	  46.579	  60.000	  59.000	  81.232	  43.579	SimB1	R	3	50	1	120
55081	7	43	76.000	  47.355	  61.000	  59.000	  56.000	  64.268	SimB2	R	2	51	2	86
55081	7	44	48.000	  75.000	  60.000	  60.000	  43.000	  83.721	SimA1	R	4	51	2	160
55081	7	45	75.000	  48.000	  60.000	  60.000	  57.000	  63.158	SimB2	R	4	49	3	291
55081	7	46	76.000	  46.579	  60.000	  59.000	  55.000	  64.364	SimB2	R	6	51	1	114
55081	7	47	75.000	  48.000	  60.000	  60.000	  80.000	  45.000	SimB1	R	4	49	3	457
55081	7	48	48.487	  78.000	  61.000	  62.000	  66.351	  57.000	SimA2	R	2	51	2	256
55081	7	49	46.579	  76.000	  60.000	  59.000	  43.579	  81.232	SimA1	R	4	49	3	234
55081	7	50	77.000	  45.974	  60.000	  59.000	  86.396	  40.974	SimB1	R	3	50	1	122
55081	7	51	77.000	  47.532	  74.000	  43.541	  79.000	  40.051	Fill2	R	2	51	2	278
55081	7	52	45.789	  76.000	  58.000	  60.000	  61.053	  57.000	SimA2	R	2	49	1	254
55081	7	53	52.286	  70.000	  51.286	  62.669	  54.286	  58.358	Fill4	R	4	50	1	167
55081	7	54	48.635	  74.000	  61.000	  59.000	  44.635	  80.632	SimA1	R	3	51	3	241
55081	7	55	46.877	  73.000	  59.000	  58.000	  62.218	  55.000	SimA2	R	1	49	1	106
55081	7	56	40.220	  91.000	  38.220	  82.078	  41.220	  75.546	Fill5	R	3	50	1	174
55081	7	57	46.141	  78.000	  59.000	  61.000	  43.141	  83.424	SimA1	R	4	50	1	458
55081	7	58	61.000	  60.000	  58.000	  55.638	  63.000	  51.000	Fill3	R	5	49	2	158
55081	7	59	76.000	  47.355	  59.000	  61.000	  54.000	  66.648	SimB2	R	5	51	1	225
55081	7	60	76.000	  48.158	  75.000	  43.240	  77.000	  42.078	Fill2	R	3	50	1	214
55081	7	61	47.200	  75.000	  60.000	  59.000	  43.200	  81.944	SimA1	R	6	51	1	169
55081	7	62	48.000	  75.000	  60.000	  60.000	  64.286	  56.000	SimA2	R	2	49	1	132
55081	7	63	76.000	  47.355	  61.000	  59.000	  83.012	  43.355	SimB1	R	1	50	2	253
55081	7	64	48.487	  78.000	  61.000	  62.000	  44.487	  85.013	SimA1	R	2	51	2	141
55081	7	65	47.368	  76.000	  60.000	  60.000	  44.368	  81.139	SimA1	R	5	49	2	226
55081	7	66	94.000	  38.936	  92.000	  34.967	  97.000	  32.990	Fill1	R	2	50	3	212
55081	7	67	77.000	  48.325	  61.000	  61.000	  85.886	  43.325	SimB1	R	1	49	1	213
55081	7	68	75.000	  48.000	  60.000	  60.000	  57.000	  63.158	SimB2	R	6	51	1	228
55081	7	69	78.000	  48.487	  61.000	  62.000	  57.000	  66.351	SimB2	R	2	50	3	208
55081	7	70	47.506	  77.000	  59.000	  62.000	  64.175	  57.000	SimA2	R	2	49	1	173
55081	7	71	46.579	  76.000	  59.000	  60.000	  64.364	  55.000	SimA2	R	6	50	2	90
55081	7	72	75.000	  48.800	  74.000	  44.000	  77.000	  42.221	Fill2	R	3	51	3	91
55081	7	73	77.000	  46.753	  60.000	  60.000	  82.280	  43.753	SimB1	R	3	50	1	119
55081	7	74	76.000	  48.132	  59.000	  62.000	  55.000	  66.509	SimB2	R	2	50	3	286
55081	7	75	73.000	  47.671	  58.000	  60.000	  54.000	  64.444	SimB2	R	3	49	2	220
55081	7	76	74.000	  46.243	  59.000	  58.000	  55.000	  62.218	SimB2	R	3	50	1	358
55081	7	77	48.635	  74.000	  61.000	  59.000	  66.648	  54.000	SimA2	R	4	49	3	1379
55081	7	78	46.753	  77.000	  60.000	  60.000	  43.753	  82.280	SimA1	R	5	51	1	669
55081	7	79	46.753	  77.000	  60.000	  60.000	  65.455	  55.000	SimA2	R	6	51	1	521
55081	7	80	76.000	  46.579	  59.000	  60.000	  85.139	  41.579	SimB1	R	3	49	2	647
55081	8	1	74.000	  46.243	  58.000	  59.000	  79.134	  43.243	SimB1	R	6	49	3	987
55081	8	2	76.000	  46.579	  59.000	  60.000	  56.000	  63.214	SimB2	R	2	50	3	199
55081	8	3	46.141	  78.000	  59.000	  61.000	  64.268	  56.000	SimA2	R	4	50	1	126
55081	8	4	47.987	  75.000	  61.000	  59.000	  44.987	  80.001	SimA1	R	2	49	1	628
55081	8	5	46.579	  76.000	  59.000	  60.000	  64.364	  55.000	SimA2	R	2	50	3	213
55081	8	6	75.000	  48.800	  60.000	  61.000	  57.000	  64.211	SimB2	R	5	51	1	234
55081	8	7	73.000	  47.630	  57.000	  61.000	  81.562	  42.630	SimB1	R	5	50	3	218
55081	8	8	93.000	  39.355	  90.000	  35.533	  96.000	  33.750	Fill1	R	5	49	2	246
55081	8	9	77.000	  46.753	  60.000	  60.000	  82.280	  43.753	SimB1	R	4	51	2	117
55081	8	10	75.000	  47.987	  72.000	  43.819	  77.000	  41.545	Fill2	R	3	50	1	154
55081	8	11	46.753	  77.000	  60.000	  60.000	  42.753	  84.204	SimA1	R	1	50	2	181
55081	8	12	76.000	  48.158	  74.000	  43.716	  78.000	  41.282	Fill2	R	6	50	2	115
55081	8	13	58.000	  58.000	  56.000	  51.339	  59.000	  48.915	Fill3	R	3	51	3	160
55081	8	14	47.532	  77.000	  60.000	  61.000	  44.532	  82.187	SimA1	R	5	49	2	240
55081	8	15	77.000	  47.532	  60.000	  61.000	  86.052	  42.532	SimB1	R	4	51	2	249
55081	8	16	48.158	  76.000	  61.000	  60.000	  45.158	  81.049	SimA1	R	2	51	2	424
55081	8	17	39.783	  92.000	  37.783	  83.133	  41.783	  74.481	Fill5	R	4	50	1	340
55081	8	18	46.923	  78.000	  60.000	  61.000	  65.357	  56.000	SimA2	R	2	51	2	275
55081	8	19	74.000	  46.243	  58.000	  59.000	  54.000	  63.370	SimB2	R	4	49	3	251
55081	8	20	76.000	  48.961	  61.000	  61.000	  56.000	  66.446	SimB2	R	3	50	1	264
55081	8	21	77.000	  47.532	  61.000	  60.000	  57.000	  64.211	SimB2	R	4	51	2	230
55081	8	22	76.000	  45.026	  59.000	  58.000	  54.000	  63.370	SimB2	R	5	49	2	274
55081	8	23	77.000	  47.532	  61.000	  60.000	  86.052	  42.532	SimB1	R	6	50	2	257
55081	8	24	44.577	  78.000	  57.000	  61.000	  41.577	  83.628	SimA1	R	6	49	3	270
55081	8	25	48.754	  69.000	  46.754	  62.840	  49.754	  57.865	Fill4	R	5	50	3	212
55081	8	26	77.000	  46.753	  60.000	  60.000	  82.280	  43.753	SimB1	R	5	51	1	152
55081	8	27	48.000	  75.000	  60.000	  60.000	  43.000	  83.721	SimA1	R	5	50	3	168
55081	8	28	76.000	  48.961	  61.000	  61.000	  82.761	  44.961	SimB1	R	2	49	1	241
55081	8	29	39.989	  90.000	  36.989	  82.998	  40.989	  75.264	Fill5	R	2	50	3	235
55081	8	30	48.000	  75.000	  60.000	  60.000	  64.286	  56.000	SimA2	R	2	50	3	747
55081	8	31	72.000	  46.722	  70.000	  41.629	  75.000	  39.400	Fill2	R	3	49	2	314
55081	8	32	78.000	  46.141	  61.000	  59.000	  57.000	  63.140	SimB2	R	1	51	3	1332
55081	8	33	95.000	  39.811	  93.000	  36.344	  98.000	  33.765	Fill1	R	1	49	1	1397
55081	8	34	45.627	  75.000	  58.000	  59.000	  41.627	  82.207	SimA1	R	6	49	3	989
55081	8	35	73.000	  47.630	  57.000	  61.000	  52.000	  66.865	SimB2	R	5	50	3	1309
55081	8	36	46.141	  78.000	  59.000	  61.000	  42.141	  85.404	SimA1	R	5	49	2	1110
55081	8	37	59.000	  61.000	  58.000	  53.776	  62.000	  50.081	Fill3	R	4	50	1	1856
55081	8	38	75.000	  48.800	  60.000	  61.000	  83.562	  43.800	SimB1	R	2	49	1	1323
55081	8	39	77.000	  49.117	  74.000	  44.689	  78.000	  43.051	Fill2	R	2	49	1	582
55081	8	40	44.577	  78.000	  57.000	  61.000	  61.000	  57.000	SimA2	R	2	51	2	660
55081	8	41	78.000	  46.141	  61.000	  59.000	  85.404	  42.141	SimB1	R	2	49	1	708
55081	8	42	77.000	  45.974	  60.000	  59.000	  86.396	  40.974	SimB1	R	4	49	3	21348
55081	8	43	47.838	  74.000	  60.000	  59.000	  64.364	  55.000	SimA2	R	5	49	2	1293
55081	8	44	47.705	  78.000	  61.000	  61.000	  65.281	  57.000	SimA2	R	3	49	2	734
55081	8	45	77.000	  47.532	  60.000	  61.000	  56.000	  65.357	SimB2	R	2	51	2	1518
55081	8	46	77.000	  46.753	  60.000	  60.000	  55.000	  65.455	SimB2	R	2	51	2	2469
55081	8	47	46.400	  75.000	  60.000	  58.000	  65.660	  53.000	SimA2	R	3	50	1	1190
55081	8	48	46.753	  77.000	  60.000	  60.000	  42.753	  84.204	SimA1	R	6	49	3	1174
55081	8	49	91.000	  36.967	  89.000	  33.000	  94.000	  30.904	Fill1	R	2	49	1	3918
55081	8	50	48.158	  76.000	  61.000	  60.000	  65.357	  56.000	SimA2	R	4	51	2	605
55081	8	51	46.877	  73.000	  59.000	  58.000	  64.566	  53.000	SimA2	R	5	49	2	2903
55081	8	52	46.753	  77.000	  60.000	  60.000	  63.158	  57.000	SimA2	R	5	51	1	4529
55081	8	53	60.000	  61.000	  59.000	  53.898	  63.000	  50.444	Fill3	R	4	50	1	1178
55081	8	54	50.833	  72.000	  48.833	  65.877	  52.833	  60.379	Fill4	R	3	50	1	1845
55081	8	55	45.627	  75.000	  58.000	  59.000	  61.107	  56.000	SimA2	R	5	49	2	1270
55081	8	56	77.000	  45.974	  60.000	  59.000	  57.000	  62.105	SimB2	R	4	51	2	943
55081	8	57	77.000	  46.753	  60.000	  60.000	  57.000	  63.158	SimB2	R	4	51	2	675
55081	8	58	76.000	  45.789	  60.000	  58.000	  57.000	  61.053	SimB2	R	2	49	1	1427
55081	8	59	47.705	  78.000	  61.000	  61.000	  43.705	  85.139	SimA1	R	4	50	1	685
55081	8	60	76.000	  47.355	  59.000	  61.000	  84.972	  42.355	SimB1	R	5	49	2	263
55081	8	61	53.268	  71.000	  52.268	  63.577	  54.268	  60.773	Fill4	R	1	51	3	200
55081	8	62	76.000	  45.789	  60.000	  58.000	  81.328	  42.789	SimB1	R	3	50	1	299
55081	8	63	47.987	  75.000	  61.000	  59.000	  66.648	  54.000	SimA2	R	2	50	3	135
55081	8	64	38.667	  87.000	  36.667	  77.455	  40.667	  69.443	Fill5	R	3	49	2	728
55081	8	65	76.000	  45.026	  59.000	  58.000	  81.425	  42.026	SimB1	R	3	51	3	298
55081	8	66	76.000	  47.355	  59.000	  61.000	  55.000	  65.436	SimB2	R	3	50	1	1041
55081	8	67	76.000	  46.579	  59.000	  60.000	  85.139	  41.579	SimB1	R	3	49	2	360
55081	8	68	77.000	  46.753	  60.000	  60.000	  55.000	  65.455	SimB2	R	3	51	3	563
55081	8	69	47.532	  77.000	  60.000	  61.000	  63.103	  58.000	SimA2	R	6	50	2	1335
55081	8	70	77.000	  46.753	  60.000	  60.000	  82.280	  43.753	SimB1	R	5	49	2	681
55081	8	71	41.560	  91.000	  39.560	  81.698	  42.560	  77.067	Fill5	R	3	50	1	461
55081	8	72	46.923	  78.000	  60.000	  61.000	  43.923	  83.327	SimA1	R	5	50	3	395
55081	8	73	49.301	  73.000	  46.301	  67.860	  50.301	  62.941	Fill4	R	2	51	2	445
55081	8	74	46.877	  73.000	  59.000	  58.000	  43.877	  77.991	SimA1	R	6	49	3	592
55081	8	75	62.000	  61.000	  60.000	  56.000	  65.000	  51.600	Fill3	R	4	50	1	496
55081	8	76	91.000	  39.549	  90.000	  35.178	  94.000	  33.032	Fill1	R	3	51	3	451
55081	8	77	46.400	  75.000	  60.000	  58.000	  43.400	  80.184	SimA1	R	4	50	1	692
55081	8	78	46.753	  77.000	  60.000	  60.000	  65.455	  55.000	SimA2	R	5	49	2	2410
55081	8	79	46.579	  76.000	  59.000	  60.000	  42.579	  83.140	SimA1	R	5	49	2	1111
55081	8	80	47.838	  74.000	  60.000	  59.000	  44.838	  78.951	SimA1	R	6	51	1	1496
55081	9	1	75.000	  47.200	  59.000	  60.000	  83.886	  42.200	SimB1	R	3	49	2	863
55081	9	2	51.549	  71.000	  50.549	  62.810	  53.549	  59.795	Fill4	R	5	51	1	588
55081	9	3	61.000	  60.000	  59.000	  55.220	  64.000	  50.891	Fill3	R	2	49	1	589
55081	9	4	76.000	  48.961	  61.000	  61.000	  56.000	  66.446	SimB2	R	6	49	3	676
55081	9	5	77.000	  46.753	  60.000	  60.000	  56.000	  64.286	SimB2	R	1	51	3	744
55081	9	6	77.000	  49.922	  62.000	  62.000	  57.000	  67.439	SimB2	R	1	51	3	704
55081	9	7	48.886	  70.000	  47.886	  61.918	  50.886	  58.012	Fill4	R	5	51	1	880
55081	9	8	58.000	  59.000	  57.000	  52.614	  61.000	  48.180	Fill3	R	5	51	1	970
55081	9	9	48.312	  77.000	  60.000	  62.000	  43.312	  85.889	SimA1	R	5	49	2	615
55081	9	10	48.312	  77.000	  62.000	  60.000	  66.429	  56.000	SimA2	R	5	51	1	1626
55081	9	11	48.961	  76.000	  61.000	  61.000	  65.281	  57.000	SimA2	R	3	49	2	1047
55081	9	12	48.961	  76.000	  61.000	  61.000	  65.281	  57.000	SimA2	R	5	49	2	889
55081	9	13	72.000	  47.528	  69.000	  43.580	  73.000	  40.315	Fill2	R	3	50	1	615
55081	9	14	48.312	  77.000	  62.000	  60.000	  44.312	  83.951	SimA1	R	2	49	1	839
55081	9	15	76.000	  48.961	  61.000	  61.000	  84.644	  43.961	SimB1	R	1	50	2	742
55081	9	16	45.974	  77.000	  59.000	  60.000	  42.974	  82.375	SimA1	R	2	49	1	921
55081	9	17	77.000	  45.948	  61.000	  58.000	  57.000	  62.070	SimB2	R	3	51	3	1251
55081	9	18	75.000	  47.200	  59.000	  60.000	  56.000	  63.214	SimB2	R	4	49	3	887
55081	9	19	48.487	  78.000	  62.000	  61.000	  65.207	  58.000	SimA2	R	3	50	1	358
55081	9	20	48.961	  76.000	  61.000	  61.000	  44.961	  82.761	SimA1	R	4	49	3	5387
55081	9	21	41.124	  89.000	  40.124	  78.707	  43.124	  72.489	Fill5	R	4	51	2	650
55081	9	22	77.000	  47.532	  75.000	  42.800	  80.000	  40.025	Fill2	R	2	49	1	675
55081	9	23	49.282	  78.000	  62.000	  62.000	  67.439	  57.000	SimA2	R	1	50	2	641
55081	9	24	38.449	  89.000	  36.449	  79.562	  40.449	  71.892	Fill5	R	4	49	3	283
55081	9	25	77.000	  47.532	  61.000	  60.000	  57.000	  64.211	SimB2	R	6	51	1	221
55081	9	26	46.579	  76.000	  60.000	  59.000	  42.579	  83.140	SimA1	R	3	50	1	209
55081	9	27	76.000	  48.961	  61.000	  61.000	  82.761	  44.961	SimB1	R	6	49	3	78
55081	9	28	48.312	  77.000	  60.000	  62.000	  65.263	  57.000	SimA2	R	1	50	2	252
55081	9	29	49.282	  78.000	  62.000	  62.000	  45.282	  84.890	SimA1	R	6	50	2	252
55081	9	30	77.000	  49.117	  62.000	  61.000	  82.009	  46.117	SimB1	R	3	49	2	135
55081	9	31	47.173	  75.000	  61.000	  58.000	  44.173	  80.094	SimA1	R	3	51	3	242
55081	9	32	76.000	  48.961	  61.000	  61.000	  58.000	  64.155	SimB2	R	3	50	1	199
55081	9	33	93.000	  40.645	  90.000	  36.544	  96.000	  34.938	Fill1	R	5	51	1	268
55081	9	34	76.000	  48.947	  60.000	  62.000	  80.962	  45.947	SimB1	R	6	51	1	446
55081	9	35	77.000	  49.117	  62.000	  61.000	  57.000	  66.351	SimB2	R	4	51	2	431
55081	9	36	48.000	  75.000	  60.000	  60.000	  44.000	  81.818	SimA1	R	5	50	3	944
55081	9	37	48.961	  76.000	  61.000	  61.000	  45.961	  80.961	SimA1	R	3	49	2	522
55081	9	38	76.000	  48.961	  61.000	  61.000	  80.961	  45.961	SimB1	R	4	50	1	276
55081	9	39	75.000	  49.600	  60.000	  62.000	  81.579	  45.600	SimB1	R	2	51	2	259
55081	9	40	47.532	  77.000	  61.000	  60.000	  66.545	  55.000	SimA2	R	5	49	2	978
55081	9	41	89.000	  38.449	  86.000	  34.907	  92.000	  31.848	Fill1	R	1	49	1	816
55081	9	42	78.000	  46.923	  61.000	  60.000	  57.000	  64.211	SimB2	R	2	50	3	1029
55081	9	43	77.000	  45.948	  61.000	  58.000	  86.402	  40.948	SimB1	R	2	51	2	665
55081	9	44	76.000	  46.579	  60.000	  59.000	  83.140	  42.579	SimB1	R	5	49	2	841
55081	9	45	61.000	  61.000	  58.000	  57.086	  64.000	  50.797	Fill3	R	2	49	1	671
55081	9	46	46.740	  77.000	  59.000	  61.000	  42.740	  84.206	SimA1	R	4	51	2	1077
55081	9	47	74.000	  48.635	  59.000	  61.000	  55.000	  65.436	SimB2	R	1	50	2	939
55081	9	48	76.000	  48.961	  61.000	  61.000	  57.000	  65.281	SimB2	R	4	51	2	976
55081	9	49	51.681	  72.000	  50.681	  64.502	  52.681	  61.788	Fill4	R	1	49	1	851
55081	9	50	48.487	  78.000	  62.000	  61.000	  44.487	  85.013	SimA1	R	3	51	3	937
55081	9	51	48.961	  76.000	  61.000	  61.000	  64.155	  58.000	SimA2	R	2	49	1	605
55081	9	52	41.344	  90.000	  38.344	  83.976	  42.344	  74.909	Fill5	R	4	50	1	718
55081	9	53	76.000	  46.579	  60.000	  59.000	  55.000	  64.364	SimB2	R	3	51	3	1413
55081	9	54	76.000	  48.947	  60.000	  62.000	  57.000	  65.263	SimB2	R	2	50	3	788
55081	9	55	77.000	  47.532	  61.000	  60.000	  82.187	  44.532	SimB1	R	3	49	2	634
55081	9	56	46.579	  76.000	  60.000	  59.000	  63.214	  56.000	SimA2	R	4	50	1	1088
55081	9	57	92.000	  39.783	  89.000	  36.494	  93.000	  34.914	Fill1	R	3	51	3	330
55081	9	58	77.000	  48.312	  62.000	  60.000	  59.000	  63.051	SimB2	R	2	51	2	846
55081	9	59	48.961	  76.000	  61.000	  61.000	  44.961	  82.761	SimA1	R	2	51	2	1232
55081	9	60	47.532	  77.000	  61.000	  60.000	  64.211	  57.000	SimA2	R	2	49	1	552
55081	9	61	77.000	  48.312	  62.000	  60.000	  85.889	  43.312	SimB1	R	4	50	1	501
55081	9	62	47.532	  77.000	  61.000	  60.000	  43.532	  84.075	SimA1	R	2	49	1	724
55081	9	63	92.000	  40.446	  90.000	  36.011	  93.000	  35.634	Fill1	R	4	50	1	587
55081	9	64	60.000	  63.000	  57.000	  59.175	  63.000	  52.492	Fill3	R	4	50	1	530
55081	9	65	77.000	  46.753	  60.000	  60.000	  82.280	  43.753	SimB1	R	1	50	2	432
55081	9	66	40.213	  94.000	  39.213	  83.621	  41.213	  78.398	Fill5	R	1	49	1	608
55081	9	67	47.692	  78.000	  60.000	  62.000	  65.263	  57.000	SimA2	R	3	49	2	596
55081	9	68	48.000	  75.000	  60.000	  60.000	  63.158	  57.000	SimA2	R	5	51	1	734
55081	9	69	51.081	  74.000	  48.081	  68.925	  52.081	  63.862	Fill4	R	4	50	1	898
55081	9	70	77.000	  49.922	  62.000	  62.000	  83.707	  45.922	SimB1	R	2	51	2	554
55081	9	71	47.173	  75.000	  61.000	  58.000	  66.755	  53.000	SimA2	R	1	49	1	558
55081	9	72	74.000	  48.635	  59.000	  61.000	  82.479	  43.635	SimB1	R	5	50	3	584
55081	9	73	47.692	  78.000	  60.000	  62.000	  43.692	  85.141	SimA1	R	5	51	1	775
55081	9	74	74.000	  51.081	  73.000	  46.137	  76.000	  44.289	Fill2	R	6	51	1	645
55081	9	75	75.000	  49.600	  60.000	  62.000	  55.000	  67.636	SimB2	R	3	51	3	592
55081	9	76	78.000	  46.923	  61.000	  60.000	  85.269	  42.923	SimB1	R	1	49	1	290
55081	9	77	45.974	  77.000	  59.000	  60.000	  64.364	  55.000	SimA2	R	3	50	1	216
55081	9	78	75.000	  49.613	  74.000	  43.811	  76.000	  43.382	Fill2	R	3	49	2	236
55081	9	79	46.740	  77.000	  59.000	  61.000	  63.140	  57.000	SimA2	R	3	51	3	139
55081	9	80	47.532	  77.000	  61.000	  60.000	  44.532	  82.187	SimA1	R	2	50	3	255
