Participant: 56
MachineID: BL-POLS-IELbC20
Start Time: Thu, Mar 22, 2012 13:55:01
Seed: 45208
Sub	TrType	Trial	A1	A2	B1	B2	Decoy1	Decoy2	resp	choice	RT
56	Com2	1	54	58	45	67	33	79	1	3	22102
56	Fill1	2	74	35	73	33	66	36	3	1	23140
56	Com2	3	53	58	42	69	33	78	2	3	37203
56	Com2	4	52	56	41	67	33	75	2	3	15716
56	Com2	5	52	58	41	69	31	79	2	2	14369
56	Fill1	6	75	32	73	29	76	17	3	1	7794
56	Com2	7	53	56	44	65	33	76	2	2	23139
56	Com1	8	71	39	52	58	41	69	2	1	8225
56	Com2	9	53	56	44	65	32	77	1	2	22035
56	Fill5	10	33	74	30	73	35	59	3	1	7216
56	Fill4	11	47	65	44	65	49	50	1	1	9908
56	Fill5	12	34	77	31	76	37	59	1	1	9058
56	Fill3	13	54	57	52	54	55	44	3	1	9252
56	Com1	14	74	37	54	57	44	67	3	1	36066
56	Fill2	15	62	45	61	42	65	27	1	1	10355
56	Fill5	16	37	75	34	75	40	57	3	1	9044
56	Fill2	17	66	43	65	41	56	46	1	1	8595
56	Fill1	18	71	36	68	36	73	21	3	1	7569
56	Com1	19	72	39	53	58	44	67	3	3	8162
56	Com1	20	73	36	53	56	44	65	3	3	29188
56	Fill2	21	63	44	61	41	65	29	3	1	6449
56	Fill1	22	78	34	77	30	68	37	2	1	5219
56	Com2	23	53	58	44	67	32	79	2	2	6660
56	Fill5	24	36	73	34	71	25	76	3	1	14915
56	Fill5	25	37	74	36	71	26	77	1	1	6062
56	Com1	26	74	36	54	56	44	66	1	1	9729
56	Com1	27	74	35	53	56	43	66	2	1	17248
56	Com1	28	73	35	52	56	43	65	1	1	14750
56	Fill2	29	65	46	62	45	56	48	1	1	10784
56	Fill4	30	45	64	43	61	37	66	2	1	12640
56	Fill3	31	58	54	55	54	48	57	3	1	24367
56	Com1	32	74	37	53	58	43	68	2	1	6798
56	Fill2	33	63	48	60	46	66	31	3	1	7008
56	Fill2	34	69	43	67	40	59	46	1	1	5565
56	Com2	35	54	56	44	66	35	75	3	3	32561
56	Com2	36	54	58	43	69	35	77	1	2	15759
56	Com2	37	52	57	41	68	32	77	2	2	20049
56	Com2	38	53	57	42	68	33	77	1	2	8766
56	Com1	39	74	36	53	57	44	66	1	3	18719
56	Fill5	40	33	74	30	72	35	60	1	1	10223
56	Fill4	41	46	65	44	63	38	66	1	1	14046
56	Com1	42	74	36	53	57	43	67	2	3	8881
56	Com2	43	52	56	43	65	31	77	2	1	22607
56	Fill4	44	44	63	41	63	46	46	3	1	4672
56	Fill5	45	34	77	32	75	25	78	1	1	7744
56	Fill3	46	55	56	53	53	45	59	1	1	15486
56	Fill3	47	52	55	49	53	54	40	2	1	8512
56	Fill2	48	66	45	63	43	57	46	1	1	5534
56	Com1	49	73	37	53	57	42	68	2	3	6273
56	Com2	50	53	56	43	66	33	76	1	3	17569
56	Fill2	51	67	45	64	45	70	27	2	1	7440
56	Fill3	52	57	54	55	52	50	55	1	1	6926
56	Fill4	53	42	65	41	62	44	51	2	1	10817
56	Com1	54	73	36	52	57	41	68	2	2	22560
56	Fill1	55	74	37	73	33	65	38	3	1	10736
56	Fill1	56	73	38	70	36	76	23	2	1	9762
56	Com2	57	54	57	44	67	35	76	2	3	6270
56	Com1	58	73	36	53	56	42	67	1	3	10704
56	Com1	59	74	37	53	58	42	69	1	3	9469
56	Com1	60	73	35	52	56	41	67	2	3	8944
56	Fill1	61	78	33	76	31	67	36	3	1	7630
56	Com1	62	74	35	53	56	44	65	2	2	13712
56	Com1	63	73	38	53	58	43	68	3	3	4337
56	Com2	64	53	56	42	67	34	75	3	2	14224
56	Fill5	65	37	75	36	72	28	77	3	1	7024
56	Com1	66	74	38	54	58	43	69	2	1	18241
56	Fill3	67	55	54	54	52	47	55	1	1	15999
56	Com2	68	53	57	43	67	33	77	3	2	25601
56	Com1	69	73	39	54	58	45	67	2	1	13855
56	Fill3	70	56	56	54	55	59	39	3	1	13698
56	Com1	71	74	36	54	56	45	65	2	2	8702
56	Com2	72	53	58	43	68	34	77	3	2	5744
56	Com2	73	54	56	45	65	34	76	3	1	11551
56	Fill4	74	45	66	44	64	48	49	3	1	10800
56	Com2	75	53	57	44	66	34	76	3	1	10943
56	Fill4	76	46	65	45	61	36	67	3	1	9952
56	Com2	77	53	58	43	68	32	79	1	3	8816
56	Fill1	78	75	37	74	35	78	20	1	1	19134
56	Fill3	79	54	53	52	50	56	37	3	1	5457
56	Fill4	80	48	64	45	62	40	66	2	1	12959
56	Fill2	1	67	45	64	43	59	46	1	1	12599
56	AttR1	2	26	44	47	23	20	44	1	1	24654
56	AttR2	3	26	46	48	24	48	18	2	2	15586
56	Fill4	4	46	64	43	62	37	66	1	1	11516
56	AttR2	5	19	49	48	20	48	14	3	2	10911
56	AttR1	6	26	45	46	25	19	45	2	2	9791
56	AttR2	7	25	45	44	26	44	20	2	1	21201
56	AttR2	8	22	48	45	25	45	19	3	2	11742
56	Fill5	9	34	74	33	70	36	58	3	1	4418
56	AttR1	10	22	48	45	25	15	48	2	2	11137
56	Fill3	11	55	56	52	56	56	43	3	1	6752
56	Fill2	12	63	45	61	42	52	48	1	1	17069
56	AttR1	13	24	44	47	21	17	44	1	1	13377
56	Fill4	14	45	66	43	64	48	49	2	1	9858
56	AttR1	15	26	46	48	24	19	46	1	2	11090
56	AttR1	16	23	48	45	26	16	48	3	2	18257
56	Fill1	17	74	37	71	36	76	21	2	1	5183
56	Fill5	18	37	75	34	73	29	76	3	1	10721
56	Fill3	19	56	54	54	52	46	56	2	1	9135
56	AttR2	20	25	45	46	24	46	18	1	1	9824
56	Fill3	21	55	53	52	52	47	54	2	1	11425
56	AttR2	22	26	45	46	25	46	19	3	1	17026
56	Fill5	23	35	76	33	74	38	58	1	1	10510
56	Fill3	24	54	54	51	53	43	57	2	1	14270
56	AttR1	25	25	46	44	27	19	46	1	1	15008
56	Fill2	26	66	42	65	38	55	45	1	1	7538
56	Fill1	27	76	36	73	35	66	39	3	1	6656
56	AttR2	28	25	46	44	27	44	21	2	1	10625
56	Fill1	29	75	33	73	31	77	16	1	1	5070
56	AttR1	30	25	45	47	23	18	45	1	3	6638
56	AttR2	31	24	47	46	25	46	17	1	2	7824
56	Fill4	32	46	62	43	61	35	65	1	1	8640
56	AttR1	33	24	47	46	25	16	47	2	2	7008
56	AttR2	34	23	46	45	24	45	17	1	2	11167
56	Fill5	35	38	74	37	72	40	59	2	1	3859
56	Fill1	36	78	34	76	33	80	19	3	1	7375
56	AttR2	37	23	46	44	25	44	18	3	1	8833
56	Fill4	38	47	65	45	62	48	49	2	1	8193
56	Fill4	39	47	65	46	62	48	50	3	1	4417
56	Fill1	40	76	32	75	28	66	34	1	1	3713
56	AttR2	41	22	48	45	25	45	19	1	1	7150
56	Fill2	42	66	46	65	44	68	29	2	1	4432
56	Fill5	43	34	74	33	70	24	77	2	1	16433
56	Fill5	44	37	73	36	70	28	76	3	1	4512
56	AttR1	45	25	45	48	22	19	45	1	2	6846
56	AttR1	46	20	46	43	23	14	46	2	1	7439
56	AttR1	47	26	46	48	24	19	46	1	2	5742
56	Fill2	48	65	46	62	45	68	29	1	3	6847
56	AttR1	49	23	46	44	25	15	46	3	2	6912
56	AttR1	50	22	46	44	24	14	46	3	1	5055
56	AttR1	51	19	49	48	20	12	49	1	2	10882
56	Fill5	52	36	76	33	76	37	63	3	1	5968
56	Fill4	53	46	66	43	65	36	69	2	1	12815
56	AttR2	54	20	46	43	23	43	16	1	2	12850
56	AttR1	55	25	44	45	24	18	44	1	2	6014
56	Fill2	56	67	43	66	41	58	44	1	1	6625
56	Fill1	57	75	33	74	30	67	34	3	1	3089
56	AttR1	58	23	46	45	24	17	46	3	2	7325
56	AttR2	59	26	44	47	23	47	17	3	2	7954
56	Fill4	60	45	63	43	60	35	65	3	1	7023
56	Fill1	61	76	36	74	34	79	19	2	1	3489
56	Fill3	62	57	55	54	55	58	41	3	1	5650
56	Fill3	63	55	53	52	53	56	38	2	1	6000
56	AttR1	64	25	45	44	26	18	45	2	2	7085
56	AttR2	65	26	46	48	24	48	17	1	1	5695
56	Fill2	66	68	44	65	44	69	30	1	1	6416
56	AttR2	67	25	45	48	22	48	14	2	2	16878
56	AttR2	68	24	44	47	21	47	13	2	2	5441
56	Fill5	69	36	72	35	69	29	73	2	1	8078
56	Fill3	70	57	55	55	54	50	56	3	1	8305
56	Fill1	71	76	34	74	31	65	37	2	1	7586
56	AttR2	72	25	45	47	23	47	16	1	1	6909
56	AttR2	73	22	46	44	24	44	16	3	1	6495
56	Fill3	74	57	55	55	53	59	39	1	1	8398
56	AttR1	75	25	45	46	24	19	45	1	2	4912
56	Fill2	76	66	42	63	41	69	27	1	1	7165
56	AttR1	77	22	48	45	25	16	48	2	2	7200
56	AttR2	78	25	44	45	24	45	16	2	2	5375
56	Fill4	79	46	62	43	62	48	45	3	1	8062
56	AttR2	80	23	48	45	26	45	19	1	1	6899
56	Fill3	1	55	55	54	52	56	39	3	1	8840
56	Fill5	2	35	74	34	71	36	61	2	1	6653
56	SimA1	3	27	45	36	36	26	46	3	1	17457
56	SimB2	4	45	25	35	35	34	36	3	3	7840
56	Fill2	5	64	45	62	44	65	31	1	1	7155
56	Fill5	6	37	74	35	71	38	59	3	1	5614
56	Fill1	7	76	35	74	34	79	19	3	1	6560
56	Fill2	8	64	46	63	42	65	33	3	1	5038
56	Fill1	9	76	35	75	32	78	18	3	1	4194
56	Fill2	10	68	43	67	39	69	30	1	1	5887
56	Fill1	11	74	35	72	33	66	36	1	1	5790
56	Fill1	12	75	35	73	34	68	36	3	1	6990
56	Fill3	13	57	54	54	52	58	39	3	1	3346
56	SimB1	14	44	26	35	35	45	25	2	2	6687
56	Fill3	15	53	55	50	53	45	56	1	1	5181
56	Fill2	16	64	47	63	43	67	32	3	1	6225
56	SimB2	17	43	27	34	36	32	38	1	3	6206
56	Fill2	18	65	48	63	45	55	50	1	1	7501
56	SimA1	19	24	46	35	35	22	48	1	2	6734
56	SimA2	20	27	44	36	35	38	33	3	2	21391
56	SimA2	21	26	44	35	35	37	33	1	3	6079
56	Fill4	22	43	66	40	66	45	50	3	1	8307
56	SimA1	23	24	47	35	36	22	49	3	3	11105
56	SimB2	24	45	25	35	35	33	37	2	3	3970
56	SimA1	25	27	45	36	36	25	47	2	2	2638
56	Fill3	26	53	56	52	54	44	58	1	1	3471
56	Fill3	27	55	58	54	56	46	59	1	1	4753
56	SimB1	28	45	25	35	35	47	23	2	1	7487
56	SimA1	29	25	45	35	35	24	46	2	2	5486
56	Fill4	30	45	68	44	65	36	70	3	1	6143
56	Fill5	31	34	76	33	73	37	61	3	1	5201
56	SimA2	32	27	45	36	36	38	34	2	2	6000
56	Fill5	33	34	75	33	73	27	76	1	1	5728
56	SimB2	34	44	26	35	35	34	36	1	3	7761
56	SimA2	35	27	45	36	36	38	34	3	3	4337
56	SimB2	36	45	26	36	35	35	36	2	2	8190
56	Fill4	37	46	65	45	63	47	50	3	1	4640
56	SimA2	38	24	46	34	36	36	34	1	2	5309
56	Fill5	39	36	77	35	73	29	78	1	1	5201
56	Fill3	40	55	56	53	54	58	39	3	1	7776
56	Fill1	41	76	37	73	35	68	39	1	1	10273
56	Fill5	42	33	75	30	75	23	78	1	1	3730
56	SimB1	43	45	26	36	35	46	25	3	2	5391
56	Fill2	44	62	47	59	45	55	48	2	1	5216
56	SimA1	45	26	44	35	35	25	45	3	2	6782
56	SimB2	46	46	27	36	37	35	38	1	2	3743
56	SimA2	47	25	43	34	34	36	32	3	3	4225
56	Fill4	48	46	64	45	62	48	50	2	1	4095
56	SimA2	49	25	45	35	35	36	34	3	3	3904
56	SimB2	50	46	26	36	36	35	37	2	3	6429
56	SimB2	51	44	27	35	36	34	37	2	2	5070
56	SimB1	52	46	26	36	36	48	24	1	2	7059
56	Fill4	53	46	64	45	60	37	67	2	1	6636
56	Fill4	54	42	67	41	64	34	68	1	1	4862
56	Fill4	55	44	67	41	67	46	51	1	1	4864
56	SimA2	56	24	46	35	35	37	33	2	3	4367
56	SimB1	57	45	25	35	35	46	24	3	2	3344
56	SimA1	58	26	47	36	37	25	48	3	2	3552
56	SimB1	59	46	26	36	36	48	24	3	3	5152
56	Fill2	60	66	44	64	43	56	46	1	1	4348
56	SimB2	61	46	26	36	36	35	37	2	3	3505
56	SimB1	62	43	27	34	36	44	26	2	2	3810
56	Fill1	63	72	36	71	34	63	39	2	1	3838
56	Fill1	64	76	34	75	32	78	20	1	1	4256
56	SimB1	65	46	27	36	37	47	26	3	2	3359
56	SimA1	66	25	43	34	34	24	44	3	2	4177
56	SimB1	67	43	25	34	34	44	24	2	2	3378
56	SimA2	68	24	47	35	36	37	34	3	3	3839
56	Fill3	69	54	55	51	55	56	39	1	1	4350
56	Fill5	70	35	75	33	72	28	76	2	1	6127
56	Fill3	71	55	55	52	53	46	57	2	1	5153
56	SimA1	72	27	44	36	35	25	46	1	2	2560
56	Fill5	73	36	75	34	72	39	58	2	1	3456
56	SimA2	74	26	47	36	37	38	35	3	3	2612
56	SimA1	75	24	46	34	36	22	48	3	2	3596
56	SimB1	76	44	27	35	36	45	26	1	2	1969
56	Fill2	77	64	44	63	41	57	45	1	1	4830
56	SimB2	78	43	25	34	34	33	35	2	3	3806
56	Fill1	79	74	35	71	33	75	22	1	1	3424
56	Fill4	80	44	64	41	63	37	65	2	1	8367
Motivation:	4
Strategy:	3
End Time: Thu, Mar 22, 2012 14:37:07
