Participant: 41
MachineID: BL-POLS-IELbC11
Start Time: Thu, Mar 08, 2012 13:04:04
Seed: 17096
Sub	TrType	Trial	A1	A2	B1	B2	Decoy1	Decoy2	resp	choice	RT
41	Fill3	1	55	55	54	52	56	39	2	1	34663
41	Fill3	2	57	54	54	52	58	39	3	1	11027
41	SimB1	3	43	25	34	34	44	24	2	3	16371
41	Fill1	4	74	35	71	33	75	22	1	1	7684
41	SimA1	5	27	45	36	36	25	47	2	2	17042
41	Fill1	6	75	35	73	34	68	36	2	1	7012
41	Fill5	7	34	76	33	73	37	61	2	1	4482
41	SimA2	8	27	44	36	35	38	33	2	2	7331
41	SimB2	9	46	26	36	36	35	37	2	1	2003
41	Fill2	10	64	47	63	43	67	32	2	1	2771
41	SimB1	11	45	25	35	35	46	24	2	2	6368
41	SimA2	12	27	45	36	36	38	34	1	1	5477
41	SimB2	13	44	26	35	35	34	36	2	1	2832
41	SimA2	14	27	45	36	36	38	34	1	1	5874
41	SimB1	15	44	26	35	35	45	25	1	2	2261
41	Fill2	16	64	46	63	42	65	33	3	1	3714
41	SimA1	17	26	47	36	37	25	48	3	2	2467
41	SimB1	18	46	27	36	37	47	26	3	2	2834
41	SimB1	19	46	26	36	36	48	24	3	2	9779
41	SimA1	20	27	44	36	35	25	46	3	2	1651
41	Fill3	21	53	56	52	54	44	58	3	3	2034
41	Fill2	22	64	45	62	44	65	31	3	1	3331
41	SimA2	23	25	43	34	34	36	32	2	1	3781
41	Fill5	24	36	77	35	73	29	78	2	3	3636
41	SimA2	25	25	45	35	35	36	34	2	1	4400
41	Fill4	26	46	64	45	62	48	50	2	3	2765
41	SimA1	27	25	43	34	34	24	44	2	2	3618
41	Fill4	28	43	66	40	66	45	50	2	2	4848
41	Fill3	29	55	55	52	53	46	57	1	1	4096
41	Fill1	30	76	37	73	35	68	39	3	1	4031
41	Fill1	31	72	36	71	34	63	39	3	1	4687
41	SimB1	32	43	27	34	36	44	26	3	2	4463
41	Fill4	33	44	67	41	67	46	51	3	1	7569
41	SimA1	34	26	44	35	35	25	45	1	2	2435
41	SimA1	35	24	46	34	36	22	48	2	2	6064
41	SimB2	36	43	27	34	36	32	38	1	1	4606
41	SimB1	37	45	25	35	35	47	23	3	2	7006
41	Fill1	38	74	35	72	33	66	36	3	3	4096
41	SimB2	39	45	25	35	35	34	36	3	1	4465
41	Fill5	40	34	75	33	73	27	76	3	3	4368
41	SimA2	41	24	47	35	36	37	34	1	3	5150
41	Fill1	42	76	35	75	32	78	18	1	1	4110
41	Fill1	43	76	35	74	34	79	19	3	1	5055
41	SimB2	44	46	27	36	37	35	38	2	2	4750
41	SimA2	45	24	46	34	36	36	34	3	1	5618
41	SimB2	46	45	26	36	35	35	36	3	1	2608
41	Fill1	47	76	34	75	32	78	20	3	3	2847
41	SimA1	48	25	45	35	35	24	46	3	2	3965
41	SimB2	49	44	27	35	36	34	37	3	1	2019
41	SimB2	50	43	25	34	34	33	35	2	1	3886
41	SimA1	51	27	45	36	36	26	46	1	2	4175
41	Fill4	52	45	68	44	65	36	70	1	3	5681
41	Fill2	53	62	47	59	45	55	48	2	1	5135
41	Fill3	54	55	58	54	56	46	59	2	3	7295
41	Fill4	55	46	64	45	60	37	67	3	3	3823
41	SimA1	56	24	47	35	36	22	49	1	2	1458
41	Fill2	57	65	48	63	45	55	50	1	3	6807
41	Fill5	58	36	75	34	72	39	58	3	3	8193
41	SimB1	59	46	26	36	36	48	24	2	2	5486
41	Fill2	60	68	43	67	39	69	30	2	1	5213
41	Fill5	61	35	75	33	72	28	76	2	3	5650
41	Fill2	62	66	44	64	43	56	46	2	3	9454
41	SimB1	63	44	27	35	36	45	26	1	2	7843
41	Fill4	64	42	67	41	64	34	68	1	3	4591
41	SimB2	65	45	25	35	35	33	37	1	1	4464
41	SimA2	66	26	47	36	37	38	35	3	1	4338
41	SimA2	67	24	46	35	35	37	33	3	1	4879
41	Fill5	68	37	74	35	71	38	59	3	1	4704
41	Fill5	69	33	75	30	75	23	78	2	3	5075
41	Fill3	70	55	56	53	54	58	39	2	1	5280
41	Fill4	71	44	64	41	63	37	65	2	3	3903
41	Fill2	72	64	44	63	41	57	45	1	3	6545
41	Fill5	73	35	74	34	71	36	61	3	1	4272
41	SimB2	74	46	26	36	36	35	37	1	1	3731
41	Fill3	75	54	55	51	55	56	39	2	3	5407
41	Fill3	76	53	55	50	53	45	56	2	1	7695
41	SimA2	77	26	44	35	35	37	33	3	3	4223
41	SimA1	78	24	46	35	35	22	48	2	2	2815
41	SimB1	79	45	26	36	35	46	25	2	2	3858
41	Fill4	80	46	65	45	63	47	50	3	1	4352
41	Com1	1	71	39	52	58	41	69	3	1	4551
41	Fill3	2	56	56	54	55	59	39	2	3	4784
41	Fill1	3	71	36	68	36	73	21	1	2	6736
41	Com2	4	52	56	41	67	33	75	2	1	5538
41	Fill1	5	78	34	77	30	68	37	2	1	6047
41	Fill2	6	69	43	67	40	59	46	1	3	8705
41	Com1	7	74	35	53	56	44	65	1	1	3215
41	Com1	8	74	36	54	56	44	66	3	2	5313
41	Com2	9	53	57	44	66	34	76	2	1	4829
41	Fill4	10	45	66	44	64	48	49	2	3	4866
41	Com2	11	53	57	43	67	33	77	2	1	6223
41	Com1	12	72	39	53	58	44	67	1	1	5903
41	Com1	13	73	38	53	58	43	68	2	2	4993
41	Fill1	14	74	37	73	33	65	38	2	3	5167
41	Com2	15	54	56	45	65	34	76	2	1	5072
41	Fill5	16	33	74	30	73	35	59	1	1	4959
41	Fill2	17	65	46	62	45	56	48	2	1	5234
41	Fill1	18	75	32	73	29	76	17	1	1	4592
41	Com1	19	74	37	53	58	42	69	2	2	6145
41	Fill2	20	63	44	61	41	65	29	2	1	6446
41	Fill5	21	33	74	30	72	35	60	3	1	4658
41	Fill3	22	55	54	54	52	47	55	1	1	5072
41	Fill5	23	37	75	34	75	40	57	3	1	6830
41	Com1	24	74	38	54	58	43	69	3	2	6286
41	Com2	25	52	58	41	69	31	79	1	1	8848
41	Fill2	26	66	43	65	41	56	46	3	3	6062
41	Com2	27	54	58	45	67	33	79	3	2	7393
41	Fill4	28	46	65	44	63	38	66	2	1	7982
41	Com2	29	52	56	43	65	31	77	1	1	4224
41	Fill5	30	37	74	36	71	26	77	1	1	7886
41	Com2	31	53	58	42	69	33	78	3	1	5360
41	Com2	32	53	58	43	68	32	79	2	1	5792
41	Fill1	33	73	38	70	36	76	23	1	1	7198
41	Com2	34	54	57	44	67	35	76	2	1	5890
41	Fill4	35	46	65	45	61	36	67	2	1	4095
41	Fill3	36	54	57	52	54	55	44	2	1	4782
41	Com1	37	74	37	54	57	44	67	3	2	7088
41	Com1	38	74	37	53	58	43	68	1	2	4015
41	Fill5	39	34	77	31	76	37	59	3	1	4321
41	Com2	40	53	57	42	68	33	77	2	1	4784
41	Com1	41	74	35	53	56	43	66	2	2	6014
41	Com2	42	54	58	43	69	35	77	2	1	4097
41	Com1	43	73	35	52	56	43	65	1	2	3422
41	Com2	44	53	56	42	67	34	75	3	1	5281
41	Fill3	45	58	54	55	54	48	57	1	1	7392
41	Com2	46	53	58	44	67	32	79	3	1	3824
41	Fill3	47	57	54	55	52	50	55	3	1	4447
41	Fill5	48	37	75	36	72	28	77	3	1	4126
41	Com1	49	73	36	52	57	41	68	1	2	4912
41	Com1	50	73	39	54	58	45	67	2	2	5076
41	Com1	51	73	36	53	56	44	65	1	2	5437
41	Com1	52	74	36	53	57	43	67	2	2	2271
41	Fill2	53	63	48	60	46	66	31	2	1	3021
41	Fill4	54	47	65	44	65	49	50	2	3	3407
41	Fill5	55	34	77	32	75	25	78	2	1	2752
41	Com2	56	52	57	41	68	32	77	1	1	2800
41	Fill2	57	62	45	61	42	65	27	2	1	4606
41	Com2	58	53	56	44	65	32	77	1	1	3774
41	Com2	59	54	56	44	66	35	75	2	1	3473
41	Com2	60	53	56	43	66	33	76	1	1	3232
41	Fill3	61	54	53	52	50	56	37	3	1	3359
41	Fill2	62	67	45	64	45	70	27	3	1	3631
41	Fill5	63	36	73	34	71	25	76	2	1	3968
41	Com2	64	53	56	44	65	33	76	2	1	3454
41	Fill2	65	66	45	63	43	57	46	3	3	5455
41	Fill4	66	42	65	41	62	44	51	2	1	5039
41	Fill3	67	52	55	49	53	54	40	3	1	4497
41	Fill4	68	48	64	45	62	40	66	1	1	5201
41	Com1	69	74	36	53	57	44	66	3	2	4622
41	Com2	70	53	58	43	68	34	77	1	1	3858
41	Fill1	71	78	33	76	31	67	36	3	1	4352
41	Fill1	72	75	37	74	35	78	20	2	1	4351
41	Fill1	73	74	35	73	33	66	36	1	3	3056
41	Com1	74	74	36	54	56	45	65	3	2	5873
41	Com1	75	73	35	52	56	41	67	2	2	4702
41	Com1	76	73	37	53	57	42	68	2	2	5200
41	Fill3	77	55	56	53	53	45	59	1	1	6049
41	Com1	78	73	36	53	56	42	67	1	2	3297
41	Fill4	79	45	64	43	61	37	66	3	1	4719
41	Fill4	80	44	63	41	63	46	46	1	1	17310
41	Fill2	1	67	45	64	43	59	46	2	1	3495
41	Fill1	2	76	36	74	34	79	19	3	1	3121
41	Fill4	3	46	64	43	62	37	66	3	1	4015
41	Fill5	4	36	76	33	76	37	63	3	1	7922
41	AttR1	5	25	45	47	23	18	45	2	1	6911
41	Fill2	6	65	46	62	45	68	29	1	1	5441
41	AttR2	7	23	46	45	24	45	17	1	2	8830
41	Fill4	8	45	66	43	64	48	49	1	1	5422
41	AttR1	9	26	45	46	25	19	45	1	3	7121
41	Fill1	10	75	33	73	31	77	16	2	3	3631
41	Fill5	11	37	73	36	70	28	76	2	3	5617
41	AttR1	12	23	48	45	26	16	48	2	2	5966
41	AttR1	13	26	44	47	23	20	44	2	2	2993
41	Fill2	14	68	44	65	44	69	30	2	1	7823
41	AttR2	15	22	46	44	24	44	16	3	1	5711
41	Fill1	16	76	36	73	35	66	39	2	1	9311
41	Fill3	17	57	55	55	53	59	39	1	1	5616
41	AttR1	18	22	48	45	25	15	48	1	2	3887
41	Fill3	19	57	55	55	54	50	56	2	1	4304
41	AttR2	20	19	49	48	20	48	14	3	1	5215
41	Fill1	21	74	37	71	36	76	21	3	3	3393
41	AttR2	22	22	48	45	25	45	19	2	2	7315
41	AttR1	23	23	46	45	24	17	46	3	2	8719
41	Fill2	24	66	42	63	41	69	27	3	1	6110
41	Fill4	25	45	63	43	60	35	65	3	1	6559
41	AttR1	26	26	46	48	24	19	46	3	2	6912
41	AttR2	27	26	45	46	25	46	19	3	1	4480
41	AttR2	28	24	47	46	25	46	17	3	2	5232
41	Fill2	29	66	46	65	44	68	29	1	1	7280
41	AttR1	30	25	45	44	26	18	45	1	3	13486
41	AttR1	31	25	45	48	22	19	45	3	2	7823
41	AttR1	32	20	46	43	23	14	46	3	2	10368
41	AttR1	33	19	49	48	20	12	49	3	1	6847
41	Fill4	34	47	65	45	62	48	49	2	3	5072
41	Fill4	35	47	65	46	62	48	50	1	3	4547
41	AttR2	36	20	46	43	23	43	16	2	3	7773
41	AttR2	37	26	46	48	24	48	18	2	1	8704
41	AttR2	38	25	45	46	24	46	18	2	1	3984
41	AttR2	39	23	46	44	25	44	18	3	1	5183
41	AttR2	40	25	46	44	27	44	21	1	1	4174
41	AttR2	41	25	44	45	24	45	16	3	1	7807
41	AttR1	42	26	46	48	24	19	46	2	1	10304
41	Fill1	43	78	34	76	33	80	19	2	1	4830
41	AttR2	44	25	45	48	22	48	14	3	1	7247
41	Fill3	45	57	55	54	55	58	41	3	2	4082
41	Fill4	46	46	62	43	61	35	65	3	1	6830
41	Fill2	47	63	45	61	42	52	48	2	1	8030
41	AttR1	48	24	44	47	21	17	44	2	2	4161
41	Fill3	49	55	53	52	53	56	38	3	2	6029
41	Fill5	50	35	76	33	74	38	58	2	1	4144
41	AttR1	51	25	46	44	27	19	46	1	2	5135
41	Fill3	52	54	54	51	53	43	57	2	1	6625
41	Fill1	53	76	32	75	28	66	34	3	1	6719
41	AttR1	54	22	48	45	25	16	48	1	2	5391
41	AttR1	55	25	44	45	24	18	44	1	2	3406
41	Fill2	56	66	42	65	38	55	45	2	1	7073
41	AttR2	57	26	44	47	23	47	17	2	1	5487
41	Fill5	58	37	75	34	73	29	76	2	1	5728
41	Fill1	59	75	33	74	30	67	34	3	1	3713
41	AttR1	60	22	46	44	24	14	46	3	1	10576
41	Fill3	61	56	54	54	52	46	56	2	1	3825
41	AttR2	62	26	46	48	24	48	17	3	1	12304
41	Fill1	63	76	34	74	31	65	37	3	1	3780
41	Fill5	64	34	74	33	70	24	77	1	1	4207
41	AttR2	65	25	45	47	23	47	16	1	1	5374
41	AttR2	66	22	48	45	25	45	19	3	1	3746
41	Fill5	67	34	74	33	70	36	58	2	1	3551
41	AttR2	68	25	45	44	26	44	20	2	2	4560
41	AttR2	69	24	44	47	21	47	13	3	2	6911
41	Fill5	70	36	72	35	69	29	73	2	1	11250
41	Fill3	71	55	56	52	56	56	43	1	1	6813
41	Fill4	72	46	66	43	65	36	69	1	1	6562
41	AttR1	73	25	45	46	24	19	45	3	1	4896
41	AttR2	74	23	48	45	26	45	19	2	2	3120
41	AttR1	75	24	47	46	25	16	47	1	2	3697
41	Fill4	76	46	62	43	62	48	45	2	1	5423
41	Fill3	77	55	53	52	52	47	54	2	1	6206
41	Fill5	78	38	74	37	72	40	59	2	1	3665
41	AttR1	79	23	46	44	25	15	46	2	2	4670
41	Fill2	80	67	43	66	41	58	44	1	1	3983
Motivation:	4
Strategy:	3
End Time: Thu, Mar 08, 2012 13:31:23
