username: 2098, Experiment time (minutes): 48
Operating system: Windows 7
Manufacturer: Adobe Windows
Player type: PlugIn
Version: WIN 10,3,183,10

username	blkNum	trlNum	Rect1Height	Rect1Width	Rect2Height	Rect2Width	Rect3Height	Rect3Width	Effect	StimType	StimPosition	rawResp	response	RT
2098	0	1	73.000	  50.110	  59.000	  62.000	  50.110	  73.000	Com2	R	1	51	3	3587
2098	0	2	59.000	  59.000	  58.000	  52.224	  60.000	  49.917	Fill3	R	1	49	1	2966
2098	0	3	92.000	  41.109	  76.000	  49.763	  61.000	  62.000	Com1	R	6	49	3	3002
2098	1	1	80.000	  44.987	  61.000	  59.000	  40.898	  88.000	Com2	R	2	51	2	6631
2098	1	2	96.000	  36.219	  80.000	  43.462	  61.000	  57.000	Com1	R	3	51	3	2377
2098	1	3	54.000	  70.000	  53.000	  62.075	  55.000	  60.891	Fill4	R	5	51	1	2037
2098	1	4	63.000	  59.000	  62.000	  51.984	  64.000	  51.750	Fill3	R	1	49	1	1325
2098	1	5	81.000	  44.395	  62.000	  58.000	  41.333	  87.000	Com2	R	2	51	2	3186
2098	1	6	60.000	  61.000	  59.000	  55.153	  61.000	  52.475	Fill3	R	4	50	1	2188
2098	1	7	80.000	  44.175	  62.000	  57.000	  40.621	  87.000	Com2	R	5	49	2	1582
2098	1	8	40.667	  90.000	  39.667	  78.908	  42.667	  73.453	Fill5	R	5	51	1	4201
2098	1	9	77.000	  45.974	  60.000	  59.000	  40.227	  88.000	Com2	R	3	49	2	4812
2098	1	10	96.000	  39.375	  95.000	  35.400	  97.000	  33.938	Fill1	R	6	51	1	2485
2098	1	11	80.000	  46.500	  62.000	  60.000	  40.879	  91.000	Com2	R	5	49	2	6638
2098	1	12	78.000	  46.141	  61.000	  59.000	  39.989	  90.000	Com2	R	2	51	2	8990
2098	1	13	97.000	  37.072	  80.000	  44.950	  62.000	  58.000	Com1	R	4	49	3	3280
2098	1	14	79.000	  44.785	  61.000	  58.000	  39.753	  89.000	Com2	R	2	51	2	5032
2098	1	15	91.000	  38.242	  90.000	  33.956	  94.000	  31.851	Fill1	R	5	51	1	1593
2098	1	16	82.000	  45.329	  63.000	  59.000	  41.300	  90.000	Com2	R	3	51	3	2660
2098	1	17	95.000	  37.200	  81.000	  43.630	  62.000	  57.000	Com1	R	5	50	3	2516
2098	1	18	49.986	  72.000	  47.986	  66.144	  50.986	  61.370	Fill4	R	5	51	1	1224
2098	1	19	96.000	  37.490	  80.000	  44.987	  61.000	  59.000	Com1	R	4	49	3	1187
2098	1	20	60.000	  58.000	  59.000	  52.017	  63.000	  48.873	Fill3	R	1	49	1	1341
2098	1	21	96.000	  38.063	  82.000	  44.561	  63.000	  58.000	Com1	R	5	50	3	1107
2098	1	22	72.000	  45.889	  69.000	  40.928	  74.000	  39.068	Fill2	R	6	51	1	1680
2098	1	23	59.000	  61.000	  58.000	  54.052	  61.000	  50.967	Fill3	R	5	51	1	2536
2098	1	24	39.101	  89.000	  37.101	  79.566	  41.101	  72.188	Fill5	R	4	50	1	6589
2098	1	25	79.000	  43.241	  61.000	  56.000	  39.264	  87.000	Com2	R	5	49	2	2960
2098	1	26	59.000	  61.000	  57.000	  55.491	  62.000	  51.194	Fill3	R	5	51	1	1733
2098	1	27	56.000	  59.000	  55.000	  52.073	  58.000	  49.069	Fill3	R	5	51	1	2235
2098	1	28	94.000	  37.638	  79.000	  44.785	  61.000	  58.000	Com1	R	5	49	2	1467
2098	1	29	97.000	  36.433	  80.000	  44.175	  62.000	  57.000	Com1	R	3	51	3	2892
2098	1	30	96.000	  37.458	  81.000	  44.395	  62.000	  58.000	Com1	R	5	49	2	10514
2098	1	31	95.000	  39.126	  94.000	  34.543	  96.000	  34.000	Fill1	R	5	51	1	1272
2098	1	32	75.000	  48.800	  74.000	  42.757	  78.000	  41.474	Fill2	R	3	50	1	3040
2098	1	33	39.989	  90.000	  37.989	  80.445	  40.989	  75.142	Fill5	R	5	51	1	3135
2098	1	34	37.124	  89.000	  36.124	  77.595	  38.124	  72.501	Fill5	R	2	49	1	1068
2098	1	35	42.239	  88.000	  41.239	  77.937	  43.239	  73.476	Fill5	R	6	51	1	1308
2098	1	36	63.000	  57.000	  61.000	  51.656	  66.000	  47.879	Fill3	R	4	50	1	978
2098	1	37	80.000	  45.675	  63.000	  58.000	  42.000	  87.000	Com2	R	4	49	3	1380
2098	1	38	47.884	  69.000	  44.884	  63.541	  49.884	  57.233	Fill4	R	4	50	1	2567
2098	1	39	49.986	  72.000	  46.986	  66.786	  50.986	  61.056	Fill4	R	3	50	1	7130
2098	1	40	52.352	  71.000	  51.352	  63.425	  54.352	  59.556	Fill4	R	4	50	1	3303
2098	1	41	82.000	  45.329	  63.000	  59.000	  42.239	  88.000	Com2	R	5	49	2	2140
2098	1	42	63.000	  60.000	  61.000	  54.754	  64.000	  52.578	Fill3	R	4	50	1	2306
2098	1	43	80.000	  44.950	  62.000	  58.000	  41.333	  87.000	Com2	R	5	51	1	1695
2098	1	44	76.000	  45.789	  74.000	  40.743	  78.000	  39.077	Fill2	R	3	50	1	839
2098	1	45	95.000	  39.158	  80.000	  46.500	  62.000	  60.000	Com1	R	2	51	2	5391
2098	1	46	79.000	  44.785	  61.000	  58.000	  40.205	  88.000	Com2	R	5	49	2	1521
2098	1	47	96.000	  35.583	  79.000	  43.241	  61.000	  56.000	Com1	R	3	51	3	2942
2098	1	48	41.276	  87.000	  40.276	  76.398	  42.276	  73.115	Fill5	R	6	49	3	2579
2098	1	49	82.000	  44.561	  63.000	  58.000	  41.056	  89.000	Com2	R	1	51	3	14599
2098	1	50	96.000	  38.719	  82.000	  45.329	  63.000	  59.000	Com1	R	4	51	2	2777
2098	1	51	41.538	  91.000	  38.538	  84.928	  42.538	  77.013	Fill5	R	2	49	1	5315
2098	1	52	79.000	  47.051	  76.000	  43.197	  81.000	  40.654	Fill2	R	4	50	1	1064
2098	1	53	39.989	  90.000	  38.989	  78.535	  40.989	  74.581	Fill5	R	5	51	1	1481
2098	1	54	88.000	  37.545	  87.000	  32.379	  89.000	  31.607	Fill1	R	1	49	1	1897
2098	1	55	80.000	  43.462	  61.000	  57.000	  40.430	  86.000	Com2	R	1	50	2	5065
2098	1	56	81.000	  43.630	  62.000	  57.000	  40.159	  88.000	Com2	R	2	50	3	1833
2098	1	57	97.000	  38.320	  82.000	  45.329	  63.000	  59.000	Com1	R	5	50	3	1386
2098	1	58	53.597	  67.000	  52.597	  59.908	  54.597	  57.897	Fill4	R	3	50	1	4493
2098	1	59	90.000	  39.989	  87.000	  35.897	  93.000	  34.172	Fill1	R	2	50	3	4965
2098	1	60	49.714	  70.000	  47.714	  64.299	  50.714	  59.431	Fill4	R	5	51	1	1768
2098	1	61	95.000	  37.263	  77.000	  45.974	  60.000	  59.000	Com1	R	4	49	3	2411
2098	1	62	97.000	  37.021	  81.000	  44.333	  63.000	  57.000	Com1	R	4	51	2	3701
2098	1	63	79.000	  47.848	  77.000	  42.935	  82.000	  40.756	Fill2	R	3	50	1	5114
2098	1	64	81.000	  44.395	  62.000	  58.000	  40.404	  89.000	Com2	R	5	49	2	7289
2098	1	65	96.000	  36.854	  79.000	  44.785	  61.000	  58.000	Com1	R	4	49	3	7599
2098	1	66	93.000	  39.355	  91.000	  35.022	  94.000	  33.681	Fill1	R	4	50	1	5178
2098	1	67	80.000	  44.888	  63.000	  57.000	  41.276	  87.000	Com2	R	3	51	3	3526
2098	1	68	98.000	  37.286	  80.000	  45.675	  63.000	  58.000	Com1	R	5	50	3	2017
2098	1	69	75.000	  47.987	  74.000	  42.122	  78.000	  40.859	Fill2	R	4	50	1	2236
2098	1	70	95.000	  37.853	  81.000	  44.395	  62.000	  58.000	Com1	R	4	49	3	1484
2098	1	71	90.000	  39.989	  88.000	  35.773	  92.000	  33.967	Fill1	R	5	51	1	1212
2098	1	72	81.000	  44.333	  63.000	  57.000	  41.276	  87.000	Com2	R	4	51	2	2279
2098	1	73	50.833	  72.000	  48.833	  65.119	  52.833	  60.473	Fill4	R	5	51	1	2391
2098	1	74	78.000	  46.038	  77.000	  40.169	  79.000	  40.253	Fill2	R	4	50	1	1058
2098	1	75	80.000	  44.175	  62.000	  57.000	  40.159	  88.000	Com2	R	4	50	1	1634
2098	1	76	94.000	  38.287	  78.000	  46.141	  61.000	  59.000	Com1	R	4	50	1	10457
2098	1	77	97.000	  36.433	  80.000	  44.175	  62.000	  57.000	Com1	R	5	51	1	1534
2098	1	78	74.000	  48.635	  72.000	  43.250	  76.000	  40.895	Fill2	R	4	50	1	1199
2098	1	79	96.000	  37.406	  80.000	  44.888	  63.000	  57.000	Com1	R	4	49	3	2505
2098	1	80	96.000	  37.406	  95.000	  33.063	  99.000	  31.576	Fill1	R	3	50	1	8766
2098	2	1	88.000	  38.818	  87.000	  33.644	  89.000	  33.393	Fill1	R	5	51	1	4296
2098	2	2	93.000	  38.065	  76.000	  46.579	  59.000	  60.000	Com1	R	2	51	2	2956
2098	2	3	95.000	  37.853	  80.000	  44.950	  62.000	  58.000	Com1	R	4	49	3	1248
2098	2	4	80.000	  44.950	  62.000	  58.000	  40.864	  88.000	Com2	R	5	51	1	2312
2098	2	5	39.545	  88.000	  37.545	  79.104	  40.545	  73.473	Fill5	R	3	50	1	1430
2098	2	6	81.000	  44.395	  62.000	  58.000	  40.864	  88.000	Com2	R	6	51	1	1736
2098	2	7	47.444	  72.000	  46.444	  63.043	  49.444	  59.258	Fill4	R	3	50	1	1598
2098	2	8	74.000	  49.459	  71.000	  44.803	  76.000	  42.526	Fill2	R	4	50	1	1368
2098	2	9	77.000	  49.117	  75.000	  45.013	  80.000	  42.275	Fill2	R	3	50	1	4043
2098	2	10	39.783	  92.000	  37.783	  83.372	  40.783	  76.945	Fill5	R	4	50	1	1922
2098	2	11	75.000	  46.400	  74.000	  41.041	  76.000	  39.539	Fill2	R	5	51	1	1024
2098	2	12	78.000	  44.577	  61.000	  57.000	  39.966	  87.000	Com2	R	2	51	2	3107
2098	2	13	96.000	  37.458	  81.000	  44.395	  62.000	  58.000	Com1	R	4	49	3	1936
2098	2	14	49.714	  70.000	  47.714	  62.937	  50.714	  59.392	Fill4	R	5	51	1	1342
2098	2	15	78.000	  46.141	  61.000	  59.000	  40.438	  89.000	Com2	R	2	51	2	6707
2098	2	16	76.000	  45.789	  74.000	  40.608	  77.000	  39.610	Fill2	R	2	50	3	1103
2098	2	17	79.000	  44.051	  60.000	  58.000	  39.545	  88.000	Com2	R	1	51	3	1677
2098	2	18	60.000	  58.000	  57.000	  52.895	  63.000	  48.762	Fill3	R	1	49	1	1253
2098	2	19	79.000	  46.304	  62.000	  59.000	  41.568	  88.000	Com2	R	4	51	2	4045
2098	2	20	60.000	  58.000	  58.000	  51.828	  63.000	  47.349	Fill3	R	2	49	1	5606
2098	2	21	60.000	  58.000	  57.000	  52.965	  61.000	  50.393	Fill3	R	2	49	1	5903
2098	2	22	49.714	  70.000	  47.714	  63.189	  51.714	  58.630	Fill4	R	5	51	1	2893
2098	2	23	39.989	  90.000	  38.989	  78.946	  40.989	  74.874	Fill5	R	3	50	1	3622
2098	2	24	81.000	  44.395	  62.000	  58.000	  40.864	  88.000	Com2	R	6	50	2	3982
2098	2	25	81.000	  45.111	  63.000	  58.000	  41.056	  89.000	Com2	R	2	51	2	2457
2098	2	26	93.000	  38.699	  92.000	  34.228	  96.000	  33.188	Fill1	R	3	50	1	4338
2098	2	27	78.000	  45.359	  61.000	  58.000	  40.205	  88.000	Com2	R	3	49	2	4528
2098	2	28	80.000	  44.225	  61.000	  58.000	  39.753	  89.000	Com2	R	2	51	2	1748
2098	2	29	76.000	  47.355	  73.000	  43.466	  78.000	  40.949	Fill2	R	5	51	1	6201
2098	2	30	37.956	  90.000	  35.956	  81.017	  38.956	  73.776	Fill5	R	5	51	1	3740
2098	2	31	92.000	  37.826	  90.000	  33.133	  94.000	  31.862	Fill1	R	3	50	1	2577
2098	2	32	91.000	  38.242	  89.000	  34.393	  93.000	  32.828	Fill1	R	6	51	1	1830
2098	2	33	60.000	  61.000	  59.000	  54.542	  62.000	  52.548	Fill3	R	5	51	1	1462
2098	2	34	96.000	  36.854	  80.000	  44.225	  61.000	  58.000	Com1	R	2	50	3	6566
2098	2	35	81.000	  45.889	  63.000	  59.000	  41.300	  90.000	Com2	R	2	51	2	2489
2098	2	36	60.000	  58.000	  58.000	  51.569	  61.000	  49.148	Fill3	R	6	51	1	1953
2098	2	37	76.000	  46.579	  59.000	  60.000	  39.775	  89.000	Com2	R	5	49	2	1295
2098	2	38	95.000	  37.884	  80.000	  44.987	  61.000	  59.000	Com1	R	5	50	3	6741
2098	2	39	80.000	  44.175	  62.000	  57.000	  40.159	  88.000	Com2	R	3	51	3	4580
2098	2	40	79.000	  45.557	  61.000	  59.000	  40.438	  89.000	Com2	R	5	51	1	2262
2098	2	41	82.000	  43.793	  63.000	  57.000	  41.276	  87.000	Com2	R	4	51	2	4006
2098	2	42	96.000	  36.219	  78.000	  44.577	  61.000	  57.000	Com1	R	3	49	2	1568
2098	2	43	94.000	  37.021	  79.000	  44.051	  60.000	  58.000	Com1	R	5	51	1	3387
2098	2	44	51.176	  68.000	  48.176	  62.188	  53.176	  57.826	Fill4	R	4	50	1	2589
2098	2	45	40.000	  87.000	  38.000	  78.237	  41.000	  72.024	Fill5	R	3	50	1	2752
2098	2	46	96.000	  37.490	  79.000	  45.557	  61.000	  59.000	Com1	R	2	50	3	9550
2098	2	47	76.000	  45.789	  73.000	  41.205	  79.000	  37.772	Fill2	R	4	50	1	6491
2098	2	48	95.000	  38.505	  79.000	  46.304	  62.000	  59.000	Com1	R	3	51	3	1299
2098	2	49	96.000	  38.719	  82.000	  45.329	  63.000	  59.000	Com1	R	6	51	1	8971
2098	2	50	41.560	  91.000	  38.560	  84.543	  42.560	  76.691	Fill5	R	2	49	1	2717
2098	2	51	94.000	  40.234	  91.000	  36.132	  97.000	  34.134	Fill1	R	6	49	3	4907
2098	2	52	80.000	  44.987	  61.000	  59.000	  40.898	  88.000	Com2	R	1	51	3	4335
2098	2	53	51.549	  71.000	  50.549	  63.819	  52.549	  61.713	Fill4	R	6	51	1	7004
2098	2	54	96.000	  37.458	  81.000	  44.395	  62.000	  58.000	Com1	R	5	50	3	4303
2098	2	55	91.000	  38.242	  89.000	  34.213	  94.000	  32.138	Fill1	R	3	50	1	2540
2098	2	56	95.000	  37.242	  78.000	  45.359	  61.000	  58.000	Com1	R	4	49	3	2402
2098	2	57	97.000	  38.320	  81.000	  45.889	  63.000	  59.000	Com1	R	4	49	3	1372
2098	2	58	96.000	  38.063	  81.000	  45.111	  63.000	  58.000	Com1	R	4	49	3	2383
2098	2	59	39.101	  89.000	  36.101	  82.103	  41.101	  71.774	Fill5	R	5	51	1	7883
2098	2	60	82.000	  45.329	  63.000	  59.000	  42.239	  88.000	Com2	R	3	51	3	1881
2098	2	61	97.000	  36.433	  81.000	  43.630	  62.000	  57.000	Com1	R	4	49	3	1161
2098	2	62	50.690	  71.000	  49.690	  62.809	  51.690	  61.346	Fill4	R	3	50	1	2470
2098	2	63	93.000	  39.355	  91.000	  34.769	  95.000	  33.642	Fill1	R	6	51	1	1775
2098	2	64	81.000	  44.395	  62.000	  58.000	  40.404	  89.000	Com2	R	5	49	2	3138
2098	2	65	75.000	  46.400	  72.000	  41.625	  78.000	  38.821	Fill2	R	4	50	1	6495
2098	2	66	94.000	  38.287	  78.000	  46.141	  61.000	  59.000	Com1	R	5	50	3	3974
2098	2	67	95.000	  37.200	  80.000	  44.175	  62.000	  57.000	Com1	R	1	50	2	2657
2098	2	68	61.000	  62.000	  59.000	  56.458	  63.000	  53.333	Fill3	R	3	50	1	1729
2098	2	69	52.528	  72.000	  51.528	  65.518	  53.528	  63.070	Fill4	R	2	49	1	1142
2098	2	70	81.000	  43.630	  62.000	  57.000	  41.093	  86.000	Com2	R	1	50	2	6900
2098	2	71	80.000	  44.950	  62.000	  58.000	  40.404	  89.000	Com2	R	6	50	2	1753
2098	2	72	61.000	  59.000	  59.000	  53.000	  63.000	  50.143	Fill3	R	2	49	1	1422
2098	2	73	40.000	  87.000	  37.000	  80.297	  41.000	  71.659	Fill5	R	4	50	1	10145
2098	2	74	97.000	  37.021	  82.000	  43.793	  63.000	  57.000	Com1	R	2	50	3	1573
2098	2	75	72.000	  47.444	  71.000	  41.620	  74.000	  40.581	Fill2	R	1	49	1	1968
2098	2	76	97.000	  37.072	  80.000	  44.950	  62.000	  58.000	Com1	R	4	49	3	2491
2098	2	77	49.714	  70.000	  46.714	  65.890	  51.714	  57.818	Fill4	R	2	49	1	2611
2098	2	78	56.000	  61.000	  53.000	  55.340	  57.000	  51.439	Fill3	R	6	51	1	1814
2098	2	79	97.000	  37.072	  81.000	  44.395	  62.000	  58.000	Com1	R	3	51	3	1578
2098	2	80	93.000	  37.419	  92.000	  33.424	  95.000	  31.737	Fill1	R	1	49	1	1266
2098	3	1	93.000	  38.699	  90.000	  35.456	  95.000	  33.621	Fill1	R	2	49	1	7239
2098	3	2	49.432	  74.000	  46.432	  69.650	  50.432	  64.026	Fill4	R	5	51	1	3973
2098	3	3	58.000	  63.000	  57.000	  56.649	  61.000	  51.852	Fill3	R	5	51	1	2448
2098	3	4	52.500	  72.000	  50.500	  65.069	  53.500	  62.729	Fill4	R	4	50	1	968
2098	3	5	59.000	  62.000	  58.000	  54.741	  62.000	  51.903	Fill3	R	5	51	1	1033
2098	3	6	96.000	  36.854	  79.000	  44.785	  61.000	  58.000	Com1	R	4	51	2	2137
2098	3	7	82.000	  44.561	  63.000	  58.000	  41.523	  88.000	Com2	R	5	49	2	2607
2098	3	8	95.000	  37.242	  78.000	  45.359	  61.000	  58.000	Com1	R	1	51	3	1186
2098	3	9	98.000	  37.286	  80.000	  45.675	  63.000	  58.000	Com1	R	5	50	3	1581
2098	3	10	82.000	  46.049	  64.000	  59.000	  42.909	  88.000	Com2	R	4	51	2	1176
2098	3	11	39.761	  92.000	  38.761	  81.061	  40.761	  76.421	Fill5	R	3	50	1	3698
2098	3	12	96.000	  38.104	  79.000	  46.304	  62.000	  59.000	Com1	R	3	51	3	2393
2098	3	13	78.000	  48.462	  76.000	  43.579	  80.000	  42.163	Fill2	R	3	50	1	1636
2098	3	14	59.000	  62.000	  56.000	  57.821	  62.000	  52.468	Fill3	R	6	51	1	3224
2098	3	15	96.000	  37.458	  81.000	  44.395	  62.000	  58.000	Com1	R	4	49	3	1879
2098	3	16	96.000	  36.854	  78.000	  45.359	  61.000	  58.000	Com1	R	3	51	3	2535
2098	3	17	81.000	  44.395	  62.000	  58.000	  40.404	  89.000	Com2	R	4	51	2	1164
2098	3	18	98.000	  37.286	  81.000	  45.111	  63.000	  58.000	Com1	R	4	49	3	1290
2098	3	19	96.000	  38.063	  82.000	  44.561	  63.000	  58.000	Com1	R	5	50	3	4529
2098	3	20	81.000	  45.111	  63.000	  58.000	  41.056	  89.000	Com2	R	5	49	2	2263
2098	3	21	96.000	  37.458	  79.000	  45.519	  62.000	  58.000	Com1	R	2	50	3	3095
2098	3	22	81.000	  43.630	  62.000	  57.000	  40.621	  87.000	Com2	R	3	49	2	4535
2098	3	23	75.000	  47.987	  72.000	  43.903	  78.000	  40.705	Fill2	R	6	51	1	1341
2098	3	24	78.000	  45.359	  61.000	  58.000	  40.205	  88.000	Com2	R	1	51	3	7088
2098	3	25	58.000	  61.000	  55.000	  56.291	  59.000	  52.542	Fill3	R	1	49	1	1536
2098	3	26	79.000	  45.519	  62.000	  58.000	  40.404	  89.000	Com2	R	3	49	2	2975
2098	3	27	63.000	  60.000	  60.000	  56.267	  66.000	  51.167	Fill3	R	3	50	1	2081
2098	3	28	39.989	  90.000	  38.989	  78.997	  41.989	  72.757	Fill5	R	4	50	1	2569
2098	3	29	74.000	  49.432	  71.000	  45.451	  77.000	  41.636	Fill2	R	2	49	1	2459
2098	3	30	38.872	  94.000	  36.872	  84.643	  40.872	  76.262	Fill5	R	6	51	1	3283
2098	3	31	40.000	  90.000	  38.000	  81.132	  41.000	  74.902	Fill5	R	1	49	1	5867
2098	3	32	49.432	  74.000	  48.432	  65.307	  51.432	  61.576	Fill4	R	4	50	1	2076
2098	3	33	96.000	  36.813	  81.000	  43.630	  62.000	  57.000	Com1	R	6	51	1	4579
2098	3	34	94.000	  37.638	  78.000	  45.359	  61.000	  58.000	Com1	R	1	51	3	2006
2098	3	35	53.239	  71.000	  51.239	  64.130	  54.239	  61.800	Fill4	R	5	51	1	1728
2098	3	36	96.000	  38.719	  82.000	  45.329	  63.000	  59.000	Com1	R	3	49	2	1574
2098	3	37	76.000	  47.368	  75.000	  41.533	  78.000	  40.154	Fill2	R	1	49	1	2640
2098	3	38	60.000	  60.000	  59.000	  52.559	  63.000	  50.397	Fill3	R	1	49	1	2896
2098	3	39	42.000	  90.000	  39.000	  84.077	  43.000	  75.558	Fill5	R	4	50	1	4343
2098	3	40	48.466	  73.000	  46.466	  65.984	  50.466	  62.002	Fill4	R	4	50	1	4933
2098	3	41	50.690	  71.000	  47.690	  66.974	  52.690	  59.537	Fill4	R	5	51	1	10699
2098	3	42	95.000	  39.789	  92.000	  36.685	  97.000	  34.392	Fill1	R	4	50	1	4986
2098	3	43	91.000	  40.154	  90.000	  35.444	  94.000	  34.011	Fill1	R	3	50	1	1981
2098	3	44	98.000	  35.357	  81.000	  42.778	  63.000	  55.000	Com1	R	5	51	1	6263
2098	3	45	79.000	  45.519	  62.000	  58.000	  41.333	  87.000	Com2	R	3	49	2	3479
2098	3	46	78.000	  45.359	  61.000	  58.000	  39.753	  89.000	Com2	R	1	50	2	3815
2098	3	47	78.000	  48.462	  77.000	  43.260	  79.000	  41.646	Fill2	R	2	49	1	2538
2098	3	48	79.000	  44.785	  61.000	  58.000	  39.753	  89.000	Com2	R	2	51	2	5471
2098	3	49	91.000	  40.198	  88.000	  36.534	  92.000	  35.130	Fill1	R	6	51	1	5966
2098	3	50	78.000	  45.359	  61.000	  58.000	  40.205	  88.000	Com2	R	3	51	3	19514
2098	3	51	41.538	  91.000	  39.538	  81.693	  42.538	  76.213	Fill5	R	5	51	1	10214
2098	3	52	78.000	  45.359	  61.000	  58.000	  40.205	  88.000	Com2	R	2	51	2	2441
2098	3	53	51.429	  70.000	  48.429	  64.982	  52.429	  59.624	Fill4	R	2	49	1	1649
2098	3	54	80.000	  45.725	  62.000	  59.000	  41.101	  89.000	Com2	R	5	49	2	3321
2098	3	55	96.000	  38.104	  80.000	  45.725	  62.000	  59.000	Com1	R	5	49	2	7374
2098	3	56	96.000	  38.063	  82.000	  44.561	  63.000	  58.000	Com1	R	3	49	2	4960
2098	3	57	98.000	  38.531	  82.000	  46.049	  64.000	  59.000	Com1	R	3	51	3	7159
2098	3	58	72.000	  49.139	  69.000	  44.899	  75.000	  41.760	Fill2	R	5	51	1	4451
2098	3	59	40.198	  91.000	  38.198	  82.178	  41.198	  76.290	Fill5	R	3	50	1	10203
2098	3	60	80.000	  45.675	  63.000	  58.000	  41.523	  88.000	Com2	R	6	49	3	6605
2098	3	61	79.000	  46.304	  62.000	  59.000	  41.101	  89.000	Com2	R	1	51	3	3520
2098	3	62	96.000	  37.458	  80.000	  44.950	  62.000	  58.000	Com1	R	3	49	2	2541
2098	3	63	81.000	  44.395	  62.000	  58.000	  41.333	  87.000	Com2	R	5	49	2	2115
2098	3	64	82.000	  44.561	  63.000	  58.000	  41.056	  89.000	Com2	R	3	49	2	2265
2098	3	65	38.879	  91.000	  37.879	  80.123	  39.879	  74.926	Fill5	R	3	50	1	1799
2098	3	66	63.000	  60.000	  61.000	  54.967	  65.000	  51.262	Fill3	R	1	49	1	3258
2098	3	67	82.000	  45.329	  63.000	  59.000	  41.300	  90.000	Com2	R	3	49	2	2674
2098	3	68	81.000	  42.778	  63.000	  55.000	  40.765	  85.000	Com2	R	5	49	2	3714
2098	3	69	74.000	  49.378	  72.000	  44.236	  76.000	  42.474	Fill2	R	4	50	1	1880
2098	3	70	91.000	  40.198	  89.000	  36.506	  93.000	  34.839	Fill1	R	4	50	1	3287
2098	3	71	97.000	  37.072	  81.000	  44.395	  62.000	  58.000	Com1	R	2	50	3	2703
2098	3	72	97.000	  37.072	  79.000	  45.519	  62.000	  58.000	Com1	R	5	50	3	1596
2098	3	73	94.000	  40.213	  93.000	  36.290	  96.000	  34.271	Fill1	R	3	50	1	1591
2098	3	74	74.000	  49.432	  73.000	  43.753	  76.000	  42.276	Fill2	R	4	50	1	2962
2098	3	75	61.000	  59.000	  59.000	  53.017	  62.000	  51.194	Fill3	R	4	50	1	3720
2098	3	76	48.720	  75.000	  47.720	  66.241	  50.720	  63.131	Fill4	R	3	50	1	2827
2098	3	77	90.000	  39.311	  87.000	  35.356	  93.000	  33.183	Fill1	R	2	49	1	1319
2098	3	78	93.000	  38.710	  91.000	  34.747	  95.000	  33.432	Fill1	R	4	50	1	6540
2098	3	79	94.000	  37.638	  78.000	  45.359	  61.000	  58.000	Com1	R	5	49	2	8610
2098	3	80	80.000	  44.950	  62.000	  58.000	  41.333	  87.000	Com2	R	4	51	2	7523
2098	4	1	96.000	  36.219	  80.000	  43.462	  61.000	  57.000	Com1	R	4	51	2	6880
2098	4	2	40.667	  90.000	  39.667	  78.908	  42.667	  73.453	Fill5	R	6	51	1	2897
2098	4	3	60.000	  58.000	  59.000	  52.017	  63.000	  48.873	Fill3	R	4	50	1	3289
2098	4	4	80.000	  44.987	  61.000	  59.000	  40.898	  88.000	Com2	R	3	49	2	2880
2098	4	5	82.000	  45.329	  63.000	  59.000	  41.300	  90.000	Com2	R	1	50	2	1641
2098	4	6	49.986	  72.000	  47.986	  66.144	  50.986	  61.370	Fill4	R	6	51	1	1889
2098	4	7	96.000	  37.406	  95.000	  33.063	  99.000	  31.576	Fill1	R	2	49	1	1553
2098	4	8	95.000	  37.853	  81.000	  44.395	  62.000	  58.000	Com1	R	3	51	3	1470
2098	4	9	53.597	  67.000	  52.597	  59.908	  54.597	  57.897	Fill4	R	2	49	1	1630
2098	4	10	97.000	  37.021	  81.000	  44.333	  63.000	  57.000	Com1	R	4	49	3	1609
2098	4	11	97.000	  36.433	  80.000	  44.175	  62.000	  57.000	Com1	R	2	50	3	1764
2098	4	12	80.000	  44.888	  63.000	  57.000	  41.276	  87.000	Com2	R	5	49	2	1336
2098	4	13	78.000	  46.038	  77.000	  40.169	  79.000	  40.253	Fill2	R	4	50	1	1149
2098	4	14	78.000	  46.141	  61.000	  59.000	  39.989	  90.000	Com2	R	2	51	2	2554
2098	4	15	76.000	  45.789	  74.000	  40.743	  78.000	  39.077	Fill2	R	2	49	1	1488
2098	4	16	96.000	  38.719	  82.000	  45.329	  63.000	  59.000	Com1	R	6	49	3	1600
2098	4	17	75.000	  48.800	  74.000	  42.757	  78.000	  41.474	Fill2	R	3	50	1	922
2098	4	18	49.986	  72.000	  46.986	  66.786	  50.986	  61.056	Fill4	R	2	49	1	1809
2098	4	19	96.000	  37.490	  80.000	  44.987	  61.000	  59.000	Com1	R	2	50	3	1507
2098	4	20	54.000	  70.000	  53.000	  62.075	  55.000	  60.891	Fill4	R	4	50	1	1009
2098	4	21	95.000	  39.158	  80.000	  46.500	  62.000	  60.000	Com1	R	1	51	3	1346
2098	4	22	52.352	  71.000	  51.352	  63.425	  54.352	  59.556	Fill4	R	4	50	1	1384
2098	4	23	90.000	  39.989	  88.000	  35.773	  92.000	  33.967	Fill1	R	4	50	1	1578
2098	4	24	95.000	  37.200	  81.000	  43.630	  62.000	  57.000	Com1	R	3	51	3	1189
2098	4	25	63.000	  57.000	  61.000	  51.656	  66.000	  47.879	Fill3	R	4	50	1	2448
2098	4	26	59.000	  61.000	  58.000	  54.052	  61.000	  50.967	Fill3	R	4	50	1	3064
2098	4	27	82.000	  45.329	  63.000	  59.000	  42.239	  88.000	Com2	R	2	51	2	1192
2098	4	28	96.000	  36.854	  79.000	  44.785	  61.000	  58.000	Com1	R	1	51	3	4481
2098	4	29	80.000	  44.950	  62.000	  58.000	  41.333	  87.000	Com2	R	1	50	2	2666
2098	4	30	88.000	  37.545	  87.000	  32.379	  89.000	  31.607	Fill1	R	4	50	1	2346
2098	4	31	80.000	  46.500	  62.000	  60.000	  40.879	  91.000	Com2	R	5	49	2	2872
2098	4	32	93.000	  39.355	  91.000	  35.022	  94.000	  33.681	Fill1	R	3	50	1	4209
2098	4	33	97.000	  38.320	  82.000	  45.329	  63.000	  59.000	Com1	R	5	50	3	4897
2098	4	34	39.989	  90.000	  38.989	  78.535	  40.989	  74.581	Fill5	R	4	50	1	2217
2098	4	35	80.000	  43.462	  61.000	  57.000	  40.430	  86.000	Com2	R	6	50	2	4220
2098	4	36	95.000	  37.263	  77.000	  45.974	  60.000	  59.000	Com1	R	3	51	3	1344
2098	4	37	37.124	  89.000	  36.124	  77.595	  38.124	  72.501	Fill5	R	3	50	1	1958
2098	4	38	94.000	  38.287	  78.000	  46.141	  61.000	  59.000	Com1	R	2	50	3	4097
2098	4	39	80.000	  44.175	  62.000	  57.000	  40.159	  88.000	Com2	R	5	49	2	6361
2098	4	40	97.000	  36.433	  80.000	  44.175	  62.000	  57.000	Com1	R	2	50	3	1847
2098	4	41	79.000	  47.848	  77.000	  42.935	  82.000	  40.756	Fill2	R	5	51	1	1527
2098	4	42	90.000	  39.989	  87.000	  35.897	  93.000	  34.172	Fill1	R	4	50	1	1092
2098	4	43	81.000	  43.630	  62.000	  57.000	  40.159	  88.000	Com2	R	2	51	2	1619
2098	4	44	91.000	  38.242	  90.000	  33.956	  94.000	  31.851	Fill1	R	1	49	1	1151
2098	4	45	60.000	  61.000	  59.000	  55.153	  61.000	  52.475	Fill3	R	6	51	1	1036
2098	4	46	59.000	  61.000	  57.000	  55.491	  62.000	  51.194	Fill3	R	4	50	1	1388
2098	4	47	75.000	  47.987	  74.000	  42.122	  78.000	  40.859	Fill2	R	4	50	1	1151
2098	4	48	63.000	  59.000	  62.000	  51.984	  64.000	  51.750	Fill3	R	6	51	1	812
2098	4	49	39.101	  89.000	  37.101	  79.566	  41.101	  72.188	Fill5	R	3	50	1	1431
2098	4	50	74.000	  48.635	  72.000	  43.250	  76.000	  40.895	Fill2	R	5	51	1	3674
2098	4	51	50.833	  72.000	  48.833	  65.119	  52.833	  60.473	Fill4	R	5	51	1	2480
2098	4	52	63.000	  60.000	  61.000	  54.754	  64.000	  52.578	Fill3	R	5	51	1	1464
2098	4	53	79.000	  47.051	  76.000	  43.197	  81.000	  40.654	Fill2	R	6	51	1	1288
2098	4	54	81.000	  44.333	  63.000	  57.000	  41.276	  87.000	Com2	R	2	51	2	1968
2098	4	55	96.000	  37.406	  80.000	  44.888	  63.000	  57.000	Com1	R	4	49	3	1099
2098	4	56	49.714	  70.000	  47.714	  64.299	  50.714	  59.431	Fill4	R	3	51	3	1944
2098	4	57	81.000	  44.395	  62.000	  58.000	  40.404	  89.000	Com2	R	5	49	2	1111
2098	4	58	96.000	  35.583	  79.000	  43.241	  61.000	  56.000	Com1	R	5	50	3	1060
2098	4	59	56.000	  59.000	  55.000	  52.073	  58.000	  49.069	Fill3	R	5	51	1	1892
2098	4	60	80.000	  44.175	  62.000	  57.000	  40.621	  87.000	Com2	R	6	49	3	1651
2098	4	61	97.000	  37.072	  80.000	  44.950	  62.000	  58.000	Com1	R	4	49	3	1755
2098	4	62	81.000	  44.395	  62.000	  58.000	  41.333	  87.000	Com2	R	6	50	2	1424
2098	4	63	41.538	  91.000	  38.538	  84.928	  42.538	  77.013	Fill5	R	3	49	2	5011
2098	4	64	41.276	  87.000	  40.276	  76.398	  42.276	  73.115	Fill5	R	4	50	1	2102
2098	4	65	94.000	  37.638	  79.000	  44.785	  61.000	  58.000	Com1	R	3	49	2	12475
2098	4	66	42.239	  88.000	  41.239	  77.937	  43.239	  73.476	Fill5	R	4	50	1	1331
2098	4	67	79.000	  44.785	  61.000	  58.000	  39.753	  89.000	Com2	R	5	49	2	1352
2098	4	68	47.884	  69.000	  44.884	  63.541	  49.884	  57.233	Fill4	R	1	51	3	1231
2098	4	69	96.000	  38.063	  82.000	  44.561	  63.000	  58.000	Com1	R	5	50	3	1351
2098	4	70	80.000	  45.675	  63.000	  58.000	  42.000	  87.000	Com2	R	5	49	2	1309
2098	4	71	77.000	  45.974	  60.000	  59.000	  40.227	  88.000	Com2	R	1	50	2	1602
2098	4	72	82.000	  44.561	  63.000	  58.000	  41.056	  89.000	Com2	R	3	49	2	2061
2098	4	73	96.000	  39.375	  95.000	  35.400	  97.000	  33.938	Fill1	R	5	51	1	5221
2098	4	74	98.000	  37.286	  80.000	  45.675	  63.000	  58.000	Com1	R	5	49	2	2000
2098	4	75	79.000	  43.241	  61.000	  56.000	  39.264	  87.000	Com2	R	6	50	2	1964
2098	4	76	39.989	  90.000	  37.989	  80.445	  40.989	  75.142	Fill5	R	5	51	1	3303
2098	4	77	79.000	  44.785	  61.000	  58.000	  40.205	  88.000	Com2	R	6	50	2	2013
2098	4	78	96.000	  37.458	  81.000	  44.395	  62.000	  58.000	Com1	R	4	49	3	1991
2098	4	79	72.000	  45.889	  69.000	  40.928	  74.000	  39.068	Fill2	R	6	51	1	3730
2098	4	80	95.000	  39.126	  94.000	  34.543	  96.000	  34.000	Fill1	R	5	51	1	5015
2098	5	1	96.000	  37.490	  79.000	  45.557	  61.000	  59.000	Com1	R	5	50	3	4536
2098	5	2	97.000	  38.320	  81.000	  45.889	  63.000	  59.000	Com1	R	2	50	3	2030
2098	5	3	75.000	  46.400	  72.000	  41.625	  78.000	  38.821	Fill2	R	1	49	1	999
2098	5	4	60.000	  58.000	  58.000	  51.828	  63.000	  47.349	Fill3	R	6	51	1	841
2098	5	5	72.000	  47.444	  71.000	  41.620	  74.000	  40.581	Fill2	R	1	49	1	769
2098	5	6	60.000	  58.000	  57.000	  52.965	  61.000	  50.393	Fill3	R	1	49	1	1340
2098	5	7	82.000	  45.329	  63.000	  59.000	  42.239	  88.000	Com2	R	4	51	2	1377
2098	5	8	95.000	  37.884	  80.000	  44.987	  61.000	  59.000	Com1	R	2	50	3	1556
2098	5	9	81.000	  45.111	  63.000	  58.000	  41.056	  89.000	Com2	R	4	51	2	913
2098	5	10	49.714	  70.000	  46.714	  65.890	  51.714	  57.818	Fill4	R	2	49	1	1638
2098	5	11	77.000	  49.117	  75.000	  45.013	  80.000	  42.275	Fill2	R	3	50	1	751
2098	5	12	93.000	  38.065	  76.000	  46.579	  59.000	  60.000	Com1	R	6	49	3	845
2098	5	13	96.000	  38.063	  81.000	  45.111	  63.000	  58.000	Com1	R	5	51	1	4741
2098	5	14	74.000	  49.459	  71.000	  44.803	  76.000	  42.526	Fill2	R	2	49	1	1297
2098	5	15	81.000	  44.395	  62.000	  58.000	  40.404	  89.000	Com2	R	5	49	2	1337
2098	5	16	41.560	  91.000	  38.560	  84.543	  42.560	  76.691	Fill5	R	4	49	3	3518
2098	5	17	97.000	  37.072	  80.000	  44.950	  62.000	  58.000	Com1	R	5	50	3	3276
2098	5	18	60.000	  61.000	  59.000	  54.542	  62.000	  52.548	Fill3	R	2	49	1	1269
2098	5	19	81.000	  43.630	  62.000	  57.000	  41.093	  86.000	Com2	R	6	51	1	1404
2098	5	20	80.000	  44.950	  62.000	  58.000	  40.864	  88.000	Com2	R	3	49	2	1261
2098	5	21	91.000	  38.242	  89.000	  34.213	  94.000	  32.138	Fill1	R	6	51	1	966
2098	5	22	61.000	  62.000	  59.000	  56.458	  63.000	  53.333	Fill3	R	2	49	1	1385
2098	5	23	93.000	  38.699	  92.000	  34.228	  96.000	  33.188	Fill1	R	1	49	1	1804
2098	5	24	95.000	  37.200	  80.000	  44.175	  62.000	  57.000	Com1	R	6	51	1	2158
2098	5	25	81.000	  44.395	  62.000	  58.000	  40.864	  88.000	Com2	R	3	49	2	1588
2098	5	26	96.000	  37.458	  81.000	  44.395	  62.000	  58.000	Com1	R	5	50	3	1630
2098	5	27	79.000	  46.304	  62.000	  59.000	  41.568	  88.000	Com2	R	1	50	2	1242
2098	5	28	40.000	  87.000	  37.000	  80.297	  41.000	  71.659	Fill5	R	6	51	1	1197
2098	5	29	39.545	  88.000	  37.545	  79.104	  40.545	  73.473	Fill5	R	5	50	3	5739
2098	5	30	39.989	  90.000	  38.989	  78.946	  40.989	  74.874	Fill5	R	5	51	1	1328
2098	5	31	79.000	  45.557	  61.000	  59.000	  40.438	  89.000	Com2	R	4	51	2	3237
2098	5	32	91.000	  38.242	  89.000	  34.393	  93.000	  32.828	Fill1	R	2	49	1	1166
2098	5	33	97.000	  37.021	  82.000	  43.793	  63.000	  57.000	Com1	R	2	49	1	1706
2098	5	34	78.000	  46.141	  61.000	  59.000	  40.438	  89.000	Com2	R	3	50	1	2381
2098	5	35	93.000	  37.419	  92.000	  33.424	  95.000	  31.737	Fill1	R	3	50	1	1560
2098	5	36	60.000	  58.000	  58.000	  51.569	  61.000	  49.148	Fill3	R	4	50	1	2533
2098	5	37	80.000	  44.950	  62.000	  58.000	  40.404	  89.000	Com2	R	6	50	2	1771
2098	5	38	56.000	  61.000	  53.000	  55.340	  57.000	  51.439	Fill3	R	4	50	1	829
2098	5	39	40.000	  87.000	  38.000	  78.237	  41.000	  72.024	Fill5	R	3	50	1	952
2098	5	40	88.000	  38.818	  87.000	  33.644	  89.000	  33.393	Fill1	R	3	50	1	1085
2098	5	41	94.000	  38.287	  78.000	  46.141	  61.000	  59.000	Com1	R	5	49	2	3070
2098	5	42	78.000	  44.577	  61.000	  57.000	  39.966	  87.000	Com2	R	1	49	1	2348
2098	5	43	51.176	  68.000	  48.176	  62.188	  53.176	  57.826	Fill4	R	5	51	1	1243
2098	5	44	82.000	  43.793	  63.000	  57.000	  41.276	  87.000	Com2	R	4	51	2	2467
2098	5	45	93.000	  39.355	  91.000	  34.769	  95.000	  33.642	Fill1	R	6	51	1	1995
2098	5	46	94.000	  37.021	  79.000	  44.051	  60.000	  58.000	Com1	R	3	51	3	3045
2098	5	47	76.000	  45.789	  73.000	  41.205	  79.000	  37.772	Fill2	R	2	49	1	1382
2098	5	48	94.000	  40.234	  91.000	  36.132	  97.000	  34.134	Fill1	R	2	49	1	2295
2098	5	49	95.000	  38.505	  79.000	  46.304	  62.000	  59.000	Com1	R	2	51	2	1495
2098	5	50	81.000	  44.395	  62.000	  58.000	  40.864	  88.000	Com2	R	5	49	2	2519
2098	5	51	97.000	  36.433	  81.000	  43.630	  62.000	  57.000	Com1	R	2	50	3	1340
2098	5	52	60.000	  58.000	  57.000	  52.895	  63.000	  48.762	Fill3	R	6	51	1	930
2098	5	53	39.101	  89.000	  36.101	  82.103	  41.101	  71.774	Fill5	R	1	49	1	3703
2098	5	54	96.000	  37.458	  81.000	  44.395	  62.000	  58.000	Com1	R	4	49	3	5565
2098	5	55	39.783	  92.000	  37.783	  83.372	  40.783	  76.945	Fill5	R	3	50	1	4042
2098	5	56	80.000	  44.175	  62.000	  57.000	  40.159	  88.000	Com2	R	2	51	2	1458
2098	5	57	96.000	  36.219	  78.000	  44.577	  61.000	  57.000	Com1	R	5	50	3	1826
2098	5	58	97.000	  37.072	  81.000	  44.395	  62.000	  58.000	Com1	R	2	50	3	1796
2098	5	59	50.690	  71.000	  49.690	  62.809	  51.690	  61.346	Fill4	R	5	51	1	3528
2098	5	60	79.000	  44.051	  60.000	  58.000	  39.545	  88.000	Com2	R	5	49	2	2371
2098	5	61	95.000	  37.853	  80.000	  44.950	  62.000	  58.000	Com1	R	1	51	3	1519
2098	5	62	76.000	  47.355	  73.000	  43.466	  78.000	  40.949	Fill2	R	3	50	1	4668
2098	5	63	96.000	  36.854	  80.000	  44.225	  61.000	  58.000	Com1	R	3	51	3	1292
2098	5	64	51.549	  71.000	  50.549	  63.819	  52.549	  61.713	Fill4	R	3	50	1	1972
2098	5	65	49.714	  70.000	  47.714	  62.937	  50.714	  59.392	Fill4	R	2	49	1	1008
2098	5	66	49.714	  70.000	  47.714	  63.189	  51.714	  58.630	Fill4	R	5	51	1	1217
2098	5	67	96.000	  38.719	  82.000	  45.329	  63.000	  59.000	Com1	R	4	49	3	1083
2098	5	68	75.000	  46.400	  74.000	  41.041	  76.000	  39.539	Fill2	R	2	49	1	715
2098	5	69	47.444	  72.000	  46.444	  63.043	  49.444	  59.258	Fill4	R	4	50	1	1145
2098	5	70	76.000	  46.579	  59.000	  60.000	  39.775	  89.000	Com2	R	4	51	2	1750
2098	5	71	80.000	  44.225	  61.000	  58.000	  39.753	  89.000	Com2	R	5	49	2	763
2098	5	72	95.000	  37.242	  78.000	  45.359	  61.000	  58.000	Com1	R	5	49	2	1433
2098	5	73	81.000	  45.889	  63.000	  59.000	  41.300	  90.000	Com2	R	5	49	2	1241
2098	5	74	52.528	  72.000	  51.528	  65.518	  53.528	  63.070	Fill4	R	5	51	1	754
2098	5	75	78.000	  45.359	  61.000	  58.000	  40.205	  88.000	Com2	R	1	50	2	1664
2098	5	76	80.000	  44.987	  61.000	  59.000	  40.898	  88.000	Com2	R	5	49	2	951
2098	5	77	37.956	  90.000	  35.956	  81.017	  38.956	  73.776	Fill5	R	1	49	1	875
2098	5	78	92.000	  37.826	  90.000	  33.133	  94.000	  31.862	Fill1	R	5	51	1	931
2098	5	79	76.000	  45.789	  74.000	  40.608	  77.000	  39.610	Fill2	R	2	49	1	969
2098	5	80	61.000	  59.000	  59.000	  53.000	  63.000	  50.143	Fill3	R	5	51	1	843
2098	6	1	82.000	  46.049	  64.000	  59.000	  42.909	  88.000	Com2	R	2	51	2	3128
2098	6	2	51.429	  70.000	  48.429	  64.982	  52.429	  59.624	Fill4	R	3	50	1	1290
2098	6	3	98.000	  37.286	  80.000	  45.675	  63.000	  58.000	Com1	R	6	49	3	849
2098	6	4	96.000	  37.458	  79.000	  45.519	  62.000	  58.000	Com1	R	3	51	3	1352
2098	6	5	59.000	  62.000	  58.000	  54.741	  62.000	  51.903	Fill3	R	3	50	1	781
2098	6	6	63.000	  60.000	  61.000	  54.967	  65.000	  51.262	Fill3	R	3	50	1	984
2098	6	7	81.000	  42.778	  63.000	  55.000	  40.765	  85.000	Com2	R	4	51	2	939
2098	6	8	72.000	  49.139	  69.000	  44.899	  75.000	  41.760	Fill2	R	1	49	1	705
2098	6	9	94.000	  37.638	  78.000	  45.359	  61.000	  58.000	Com1	R	4	49	3	846
2098	6	10	81.000	  43.630	  62.000	  57.000	  40.621	  87.000	Com2	R	3	49	2	1158
2098	6	11	82.000	  44.561	  63.000	  58.000	  41.056	  89.000	Com2	R	1	50	2	1123
2098	6	12	91.000	  40.198	  88.000	  36.534	  92.000	  35.130	Fill1	R	3	50	1	1313
2098	6	13	80.000	  44.950	  62.000	  58.000	  41.333	  87.000	Com2	R	3	51	3	1735
2098	6	14	75.000	  47.987	  72.000	  43.903	  78.000	  40.705	Fill2	R	3	50	1	1418
2098	6	15	93.000	  38.710	  91.000	  34.747	  95.000	  33.432	Fill1	R	2	49	1	685
2098	6	16	59.000	  62.000	  56.000	  57.821	  62.000	  52.468	Fill3	R	6	51	1	1037
2098	6	17	78.000	  45.359	  61.000	  58.000	  39.753	  89.000	Com2	R	1	50	2	1421
2098	6	18	41.538	  91.000	  39.538	  81.693	  42.538	  76.213	Fill5	R	5	51	1	720
2098	6	19	94.000	  40.213	  93.000	  36.290	  96.000	  34.271	Fill1	R	5	51	1	1085
2098	6	20	58.000	  63.000	  57.000	  56.649	  61.000	  51.852	Fill3	R	2	49	1	845
2098	6	21	96.000	  37.458	  80.000	  44.950	  62.000	  58.000	Com1	R	5	50	3	661
2098	6	22	49.432	  74.000	  46.432	  69.650	  50.432	  64.026	Fill4	R	1	51	3	710
2098	6	23	74.000	  49.432	  71.000	  45.451	  77.000	  41.636	Fill2	R	4	50	1	1042
2098	6	24	58.000	  61.000	  55.000	  56.291	  59.000	  52.542	Fill3	R	6	49	3	947
2098	6	25	96.000	  38.104	  80.000	  45.725	  62.000	  59.000	Com1	R	2	50	3	1002
2098	6	26	96.000	  36.854	  79.000	  44.785	  61.000	  58.000	Com1	R	2	50	3	715
2098	6	27	48.466	  73.000	  46.466	  65.984	  50.466	  62.002	Fill4	R	6	51	1	744
2098	6	28	61.000	  59.000	  59.000	  53.017	  62.000	  51.194	Fill3	R	2	49	1	837
2098	6	29	78.000	  45.359	  61.000	  58.000	  40.205	  88.000	Com2	R	5	49	2	1133
2098	6	30	96.000	  38.063	  82.000	  44.561	  63.000	  58.000	Com1	R	6	49	3	2202
2098	6	31	80.000	  45.675	  63.000	  58.000	  41.523	  88.000	Com2	R	5	49	2	893
2098	6	32	48.720	  75.000	  47.720	  66.241	  50.720	  63.131	Fill4	R	3	50	1	949
2098	6	33	74.000	  49.378	  72.000	  44.236	  76.000	  42.474	Fill2	R	3	49	2	1146
2098	6	34	96.000	  38.104	  79.000	  46.304	  62.000	  59.000	Com1	R	3	51	3	1272
2098	6	35	79.000	  45.519	  62.000	  58.000	  40.404	  89.000	Com2	R	4	51	2	1040
2098	6	36	79.000	  44.785	  61.000	  58.000	  39.753	  89.000	Com2	R	3	49	2	1040
2098	6	37	79.000	  46.304	  62.000	  59.000	  41.101	  89.000	Com2	R	3	49	2	1040
2098	6	38	91.000	  40.154	  90.000	  35.444	  94.000	  34.011	Fill1	R	3	50	1	831
2098	6	39	40.000	  90.000	  38.000	  81.132	  41.000	  74.902	Fill5	R	1	49	1	1049
2098	6	40	97.000	  37.072	  79.000	  45.519	  62.000	  58.000	Com1	R	3	51	3	986
2098	6	41	97.000	  37.072	  81.000	  44.395	  62.000	  58.000	Com1	R	2	50	3	1069
2098	6	42	76.000	  47.368	  75.000	  41.533	  78.000	  40.154	Fill2	R	6	51	1	1293
2098	6	43	93.000	  38.699	  90.000	  35.456	  95.000	  33.621	Fill1	R	5	51	1	677
2098	6	44	96.000	  36.854	  78.000	  45.359	  61.000	  58.000	Com1	R	4	49	3	837
2098	6	45	82.000	  45.329	  63.000	  59.000	  41.300	  90.000	Com2	R	3	49	2	861
2098	6	46	52.500	  72.000	  50.500	  65.069	  53.500	  62.729	Fill4	R	3	50	1	1029
2098	6	47	78.000	  45.359	  61.000	  58.000	  40.205	  88.000	Com2	R	1	50	2	1449
2098	6	48	96.000	  37.458	  81.000	  44.395	  62.000	  58.000	Com1	R	2	50	3	664
2098	6	49	53.239	  71.000	  51.239	  64.130	  54.239	  61.800	Fill4	R	5	51	1	807
2098	6	50	38.872	  94.000	  36.872	  84.643	  40.872	  76.262	Fill5	R	4	50	1	1297
2098	6	51	39.989	  90.000	  38.989	  78.997	  41.989	  72.757	Fill5	R	6	51	1	1417
2098	6	52	78.000	  48.462	  76.000	  43.579	  80.000	  42.163	Fill2	R	4	50	1	668
2098	6	53	63.000	  60.000	  60.000	  56.267	  66.000	  51.167	Fill3	R	4	50	1	588
2098	6	54	98.000	  37.286	  81.000	  45.111	  63.000	  58.000	Com1	R	3	49	2	623
2098	6	55	91.000	  40.198	  89.000	  36.506	  93.000	  34.839	Fill1	R	1	49	1	817
2098	6	56	60.000	  60.000	  59.000	  52.559	  63.000	  50.397	Fill3	R	1	49	1	1068
2098	6	57	90.000	  39.311	  87.000	  35.356	  93.000	  33.183	Fill1	R	6	51	1	828
2098	6	58	98.000	  35.357	  81.000	  42.778	  63.000	  55.000	Com1	R	3	51	3	1202
2098	6	59	50.690	  71.000	  47.690	  66.974	  52.690	  59.537	Fill4	R	5	49	2	1682
2098	6	60	96.000	  36.813	  81.000	  43.630	  62.000	  57.000	Com1	R	5	50	3	585
2098	6	61	81.000	  45.111	  63.000	  58.000	  41.056	  89.000	Com2	R	2	51	2	1468
2098	6	62	79.000	  45.519	  62.000	  58.000	  41.333	  87.000	Com2	R	4	51	2	1324
2098	6	63	39.761	  92.000	  38.761	  81.061	  40.761	  76.421	Fill5	R	5	51	1	1521
2098	6	64	38.879	  91.000	  37.879	  80.123	  39.879	  74.926	Fill5	R	5	51	1	959
2098	6	65	98.000	  38.531	  82.000	  46.049	  64.000	  59.000	Com1	R	2	50	3	1108
2098	6	66	49.432	  74.000	  48.432	  65.307	  51.432	  61.576	Fill4	R	4	50	1	865
2098	6	67	82.000	  44.561	  63.000	  58.000	  41.523	  88.000	Com2	R	3	51	3	1497
2098	6	68	95.000	  37.242	  78.000	  45.359	  61.000	  58.000	Com1	R	3	51	3	1113
2098	6	69	94.000	  37.638	  78.000	  45.359	  61.000	  58.000	Com1	R	4	49	3	1208
2098	6	70	42.000	  90.000	  39.000	  84.077	  43.000	  75.558	Fill5	R	2	49	1	1264
2098	6	71	96.000	  38.063	  82.000	  44.561	  63.000	  58.000	Com1	R	1	51	3	1336
2098	6	72	74.000	  49.432	  73.000	  43.753	  76.000	  42.276	Fill2	R	6	51	1	1758
2098	6	73	81.000	  44.395	  62.000	  58.000	  41.333	  87.000	Com2	R	3	49	2	1235
2098	6	74	81.000	  44.395	  62.000	  58.000	  40.404	  89.000	Com2	R	2	51	2	1196
2098	6	75	80.000	  45.725	  62.000	  59.000	  41.101	  89.000	Com2	R	4	51	2	1351
2098	6	76	78.000	  45.359	  61.000	  58.000	  40.205	  88.000	Com2	R	3	51	3	828
2098	6	77	96.000	  38.719	  82.000	  45.329	  63.000	  59.000	Com1	R	4	49	3	903
2098	6	78	40.198	  91.000	  38.198	  82.178	  41.198	  76.290	Fill5	R	4	51	2	924
2098	6	79	95.000	  39.789	  92.000	  36.685	  97.000	  34.392	Fill1	R	5	51	1	1234
2098	6	80	78.000	  48.462	  77.000	  43.260	  79.000	  41.646	Fill2	R	1	49	1	969
2098	7	1	50.833	  72.000	  48.833	  65.119	  52.833	  60.473	Fill4	R	5	51	1	4760
2098	7	2	80.000	  44.175	  62.000	  57.000	  40.159	  88.000	Com2	R	3	49	2	2275
2098	7	3	97.000	  36.433	  80.000	  44.175	  62.000	  57.000	Com1	R	3	51	3	1283
2098	7	4	42.239	  88.000	  41.239	  77.937	  43.239	  73.476	Fill5	R	3	50	1	3803
2098	7	5	96.000	  36.219	  80.000	  43.462	  61.000	  57.000	Com1	R	6	49	3	750
2098	7	6	60.000	  58.000	  59.000	  52.017	  63.000	  48.873	Fill3	R	3	49	2	715
2098	7	7	96.000	  37.406	  80.000	  44.888	  63.000	  57.000	Com1	R	3	49	2	1064
2098	7	8	90.000	  39.989	  88.000	  35.773	  92.000	  33.967	Fill1	R	1	49	1	808
2098	7	9	81.000	  44.395	  62.000	  58.000	  41.333	  87.000	Com2	R	4	51	2	995
2098	7	10	96.000	  37.490	  80.000	  44.987	  61.000	  59.000	Com1	R	5	50	3	662
2098	7	11	96.000	  38.719	  82.000	  45.329	  63.000	  59.000	Com1	R	3	51	3	1174
2098	7	12	39.101	  89.000	  37.101	  79.566	  41.101	  72.188	Fill5	R	4	49	3	1088
2098	7	13	72.000	  45.889	  69.000	  40.928	  74.000	  39.068	Fill2	R	4	50	1	656
2098	7	14	79.000	  43.241	  61.000	  56.000	  39.264	  87.000	Com2	R	3	49	2	1152
2098	7	15	75.000	  48.800	  74.000	  42.757	  78.000	  41.474	Fill2	R	5	51	1	910
2098	7	16	49.714	  70.000	  47.714	  64.299	  50.714	  59.431	Fill4	R	3	50	1	1298
2098	7	17	40.667	  90.000	  39.667	  78.908	  42.667	  73.453	Fill5	R	3	51	3	2618
2098	7	18	80.000	  44.987	  61.000	  59.000	  40.898	  88.000	Com2	R	3	49	2	1821
2098	7	19	81.000	  43.630	  62.000	  57.000	  40.159	  88.000	Com2	R	1	50	2	2096
2098	7	20	56.000	  59.000	  55.000	  52.073	  58.000	  49.069	Fill3	R	1	49	1	760
2098	7	21	97.000	  37.072	  80.000	  44.950	  62.000	  58.000	Com1	R	5	50	3	1478
2098	7	22	49.986	  72.000	  46.986	  66.786	  50.986	  61.056	Fill4	R	3	49	2	1639
2098	7	23	90.000	  39.989	  87.000	  35.897	  93.000	  34.172	Fill1	R	5	51	1	814
2098	7	24	96.000	  35.583	  79.000	  43.241	  61.000	  56.000	Com1	R	2	50	3	2471
2098	7	25	37.124	  89.000	  36.124	  77.595	  38.124	  72.501	Fill5	R	1	51	3	1007
2098	7	26	93.000	  39.355	  91.000	  35.022	  94.000	  33.681	Fill1	R	1	50	2	1330
2098	7	27	78.000	  46.038	  77.000	  40.169	  79.000	  40.253	Fill2	R	1	49	1	695
2098	7	28	97.000	  37.021	  81.000	  44.333	  63.000	  57.000	Com1	R	5	49	2	1127
2098	7	29	95.000	  39.158	  80.000	  46.500	  62.000	  60.000	Com1	R	4	49	3	1237
2098	7	30	81.000	  44.333	  63.000	  57.000	  41.276	  87.000	Com2	R	3	49	2	1485
2098	7	31	88.000	  37.545	  87.000	  32.379	  89.000	  31.607	Fill1	R	3	50	1	893
2098	7	32	80.000	  46.500	  62.000	  60.000	  40.879	  91.000	Com2	R	3	49	2	1494
2098	7	33	39.989	  90.000	  38.989	  78.535	  40.989	  74.581	Fill5	R	2	49	1	886
2098	7	34	96.000	  37.406	  95.000	  33.063	  99.000	  31.576	Fill1	R	4	51	2	1485
2098	7	35	74.000	  48.635	  72.000	  43.250	  76.000	  40.895	Fill2	R	5	51	1	1229
2098	7	36	91.000	  38.242	  90.000	  33.956	  94.000	  31.851	Fill1	R	6	51	1	1031
2098	7	37	53.597	  67.000	  52.597	  59.908	  54.597	  57.897	Fill4	R	5	51	1	1770
2098	7	38	77.000	  45.974	  60.000	  59.000	  40.227	  88.000	Com2	R	4	51	2	2269
2098	7	39	41.276	  87.000	  40.276	  76.398	  42.276	  73.115	Fill5	R	5	49	2	1549
2098	7	40	95.000	  37.853	  81.000	  44.395	  62.000	  58.000	Com1	R	5	50	3	938
2098	7	41	47.884	  69.000	  44.884	  63.541	  49.884	  57.233	Fill4	R	6	51	1	1088
2098	7	42	97.000	  38.320	  82.000	  45.329	  63.000	  59.000	Com1	R	5	50	3	1455
2098	7	43	80.000	  43.462	  61.000	  57.000	  40.430	  86.000	Com2	R	2	51	2	926
2098	7	44	80.000	  44.950	  62.000	  58.000	  41.333	  87.000	Com2	R	5	49	2	1028
2098	7	45	63.000	  57.000	  61.000	  51.656	  66.000	  47.879	Fill3	R	5	51	1	1414
2098	7	46	79.000	  47.848	  77.000	  42.935	  82.000	  40.756	Fill2	R	4	50	1	1817
2098	7	47	80.000	  44.888	  63.000	  57.000	  41.276	  87.000	Com2	R	2	51	2	1101
2098	7	48	82.000	  45.329	  63.000	  59.000	  42.239	  88.000	Com2	R	3	49	2	1210
2098	7	49	80.000	  45.675	  63.000	  58.000	  42.000	  87.000	Com2	R	5	49	2	2453
2098	7	50	82.000	  45.329	  63.000	  59.000	  41.300	  90.000	Com2	R	3	49	2	909
2098	7	51	59.000	  61.000	  58.000	  54.052	  61.000	  50.967	Fill3	R	5	51	1	1730
2098	7	52	82.000	  44.561	  63.000	  58.000	  41.056	  89.000	Com2	R	3	49	2	1126
2098	7	53	96.000	  37.458	  81.000	  44.395	  62.000	  58.000	Com1	R	3	51	3	1444
2098	7	54	79.000	  44.785	  61.000	  58.000	  40.205	  88.000	Com2	R	1	50	2	2548
2098	7	55	79.000	  47.051	  76.000	  43.197	  81.000	  40.654	Fill2	R	5	51	1	1097
2098	7	56	97.000	  36.433	  80.000	  44.175	  62.000	  57.000	Com1	R	5	50	3	969
2098	7	57	96.000	  39.375	  95.000	  35.400	  97.000	  33.938	Fill1	R	2	49	1	892
2098	7	58	81.000	  44.395	  62.000	  58.000	  40.404	  89.000	Com2	R	2	51	2	1204
2098	7	59	96.000	  38.063	  82.000	  44.561	  63.000	  58.000	Com1	R	6	49	3	878
2098	7	60	49.986	  72.000	  47.986	  66.144	  50.986	  61.370	Fill4	R	3	49	2	1512
2098	7	61	80.000	  44.175	  62.000	  57.000	  40.621	  87.000	Com2	R	5	49	2	1476
2098	7	62	39.989	  90.000	  37.989	  80.445	  40.989	  75.142	Fill5	R	5	51	1	1124
2098	7	63	95.000	  37.200	  81.000	  43.630	  62.000	  57.000	Com1	R	5	50	3	1489
2098	7	64	63.000	  59.000	  62.000	  51.984	  64.000	  51.750	Fill3	R	5	51	1	1409
2098	7	65	54.000	  70.000	  53.000	  62.075	  55.000	  60.891	Fill4	R	2	49	1	1124
2098	7	66	41.538	  91.000	  38.538	  84.928	  42.538	  77.013	Fill5	R	4	50	1	1585
2098	7	67	63.000	  60.000	  61.000	  54.754	  64.000	  52.578	Fill3	R	4	50	1	988
2098	7	68	60.000	  61.000	  59.000	  55.153	  61.000	  52.475	Fill3	R	2	49	1	1278
2098	7	69	75.000	  47.987	  74.000	  42.122	  78.000	  40.859	Fill2	R	2	49	1	1255
2098	7	70	94.000	  38.287	  78.000	  46.141	  61.000	  59.000	Com1	R	3	51	3	1614
2098	7	71	78.000	  46.141	  61.000	  59.000	  39.989	  90.000	Com2	R	5	49	2	1560
2098	7	72	95.000	  39.126	  94.000	  34.543	  96.000	  34.000	Fill1	R	2	49	1	1317
2098	7	73	98.000	  37.286	  80.000	  45.675	  63.000	  58.000	Com1	R	5	50	3	811
2098	7	74	59.000	  61.000	  57.000	  55.491	  62.000	  51.194	Fill3	R	2	49	1	741
2098	7	75	94.000	  37.638	  79.000	  44.785	  61.000	  58.000	Com1	R	5	50	3	1028
2098	7	76	95.000	  37.263	  77.000	  45.974	  60.000	  59.000	Com1	R	5	50	3	966
2098	7	77	52.352	  71.000	  51.352	  63.425	  54.352	  59.556	Fill4	R	6	51	1	745
2098	7	78	76.000	  45.789	  74.000	  40.743	  78.000	  39.077	Fill2	R	3	50	1	742
2098	7	79	96.000	  36.854	  79.000	  44.785	  61.000	  58.000	Com1	R	6	49	3	676
2098	7	80	79.000	  44.785	  61.000	  58.000	  39.753	  89.000	Com2	R	2	49	1	1092
2098	8	1	95.000	  37.200	  80.000	  44.175	  62.000	  57.000	Com1	R	3	51	3	4248
2098	8	2	51.176	  68.000	  48.176	  62.188	  53.176	  57.826	Fill4	R	2	49	1	1392
2098	8	3	50.690	  71.000	  49.690	  62.809	  51.690	  61.346	Fill4	R	5	51	1	851
2098	8	4	81.000	  45.111	  63.000	  58.000	  41.056	  89.000	Com2	R	3	49	2	987
2098	8	5	91.000	  38.242	  89.000	  34.393	  93.000	  32.828	Fill1	R	2	49	1	1021
2098	8	6	60.000	  61.000	  59.000	  54.542	  62.000	  52.548	Fill3	R	5	51	1	736
2098	8	7	96.000	  36.854	  80.000	  44.225	  61.000	  58.000	Com1	R	4	49	3	637
2098	8	8	77.000	  49.117	  75.000	  45.013	  80.000	  42.275	Fill2	R	1	49	1	1006
2098	8	9	93.000	  38.065	  76.000	  46.579	  59.000	  60.000	Com1	R	3	51	3	688
2098	8	10	80.000	  44.987	  61.000	  59.000	  40.898	  88.000	Com2	R	3	49	2	719
2098	8	11	51.549	  71.000	  50.549	  63.819	  52.549	  61.713	Fill4	R	3	50	1	684
2098	8	12	96.000	  37.490	  79.000	  45.557	  61.000	  59.000	Com1	R	5	50	3	1692
2098	8	13	97.000	  37.021	  82.000	  43.793	  63.000	  57.000	Com1	R	5	50	3	1316
2098	8	14	72.000	  47.444	  71.000	  41.620	  74.000	  40.581	Fill2	R	4	50	1	746
2098	8	15	95.000	  38.505	  79.000	  46.304	  62.000	  59.000	Com1	R	5	50	3	1271
2098	8	16	61.000	  59.000	  59.000	  53.000	  63.000	  50.143	Fill3	R	4	50	1	1920
2098	8	17	40.000	  87.000	  38.000	  78.237	  41.000	  72.024	Fill5	R	4	49	3	1149
2098	8	18	94.000	  40.234	  91.000	  36.132	  97.000	  34.134	Fill1	R	4	50	1	1083
2098	8	19	37.956	  90.000	  35.956	  81.017	  38.956	  73.776	Fill5	R	4	49	3	923
2098	8	20	96.000	  38.719	  82.000	  45.329	  63.000	  59.000	Com1	R	2	49	1	1471
2098	8	21	80.000	  44.175	  62.000	  57.000	  40.159	  88.000	Com2	R	1	50	2	1279
2098	8	22	81.000	  43.630	  62.000	  57.000	  41.093	  86.000	Com2	R	3	49	2	1079
2098	8	23	40.000	  87.000	  37.000	  80.297	  41.000	  71.659	Fill5	R	4	50	1	1495
2098	8	24	80.000	  44.225	  61.000	  58.000	  39.753	  89.000	Com2	R	3	49	2	1623
2098	8	25	76.000	  46.579	  59.000	  60.000	  39.775	  89.000	Com2	R	4	49	3	2082
2098	8	26	97.000	  37.072	  81.000	  44.395	  62.000	  58.000	Com1	R	2	50	3	650
2098	8	27	60.000	  58.000	  58.000	  51.828	  63.000	  47.349	Fill3	R	5	51	1	1050
2098	8	28	75.000	  46.400	  74.000	  41.041	  76.000	  39.539	Fill2	R	4	50	1	698
2098	8	29	47.444	  72.000	  46.444	  63.043	  49.444	  59.258	Fill4	R	6	51	1	666
2098	8	30	97.000	  38.320	  81.000	  45.889	  63.000	  59.000	Com1	R	3	51	3	1050
2098	8	31	94.000	  38.287	  78.000	  46.141	  61.000	  59.000	Com1	R	5	50	3	922
2098	8	32	97.000	  37.072	  80.000	  44.950	  62.000	  58.000	Com1	R	6	49	3	815
2098	8	33	39.783	  92.000	  37.783	  83.372	  40.783	  76.945	Fill5	R	4	49	3	938
2098	8	34	82.000	  43.793	  63.000	  57.000	  41.276	  87.000	Com2	R	6	50	2	1631
2098	8	35	41.560	  91.000	  38.560	  84.543	  42.560	  76.691	Fill5	R	6	51	1	890
2098	8	36	96.000	  37.458	  81.000	  44.395	  62.000	  58.000	Com1	R	3	49	2	658
2098	8	37	91.000	  38.242	  89.000	  34.213	  94.000	  32.138	Fill1	R	2	49	1	754
2098	8	38	76.000	  47.355	  73.000	  43.466	  78.000	  40.949	Fill2	R	4	50	1	1471
2098	8	39	60.000	  58.000	  58.000	  51.569	  61.000	  49.148	Fill3	R	4	50	1	1087
2098	8	40	74.000	  49.459	  71.000	  44.803	  76.000	  42.526	Fill2	R	3	50	1	1184
2098	8	41	80.000	  44.950	  62.000	  58.000	  40.404	  89.000	Com2	R	2	51	2	1114
2098	8	42	81.000	  45.889	  63.000	  59.000	  41.300	  90.000	Com2	R	4	51	2	1030
2098	8	43	88.000	  38.818	  87.000	  33.644	  89.000	  33.393	Fill1	R	4	50	1	777
2098	8	44	78.000	  45.359	  61.000	  58.000	  40.205	  88.000	Com2	R	2	51	2	1075
2098	8	45	61.000	  62.000	  59.000	  56.458	  63.000	  53.333	Fill3	R	3	50	1	691
2098	8	46	79.000	  45.557	  61.000	  59.000	  40.438	  89.000	Com2	R	2	51	2	707
2098	8	47	96.000	  37.458	  81.000	  44.395	  62.000	  58.000	Com1	R	4	49	3	945
2098	8	48	76.000	  45.789	  73.000	  41.205	  79.000	  37.772	Fill2	R	3	50	1	1031
2098	8	49	39.989	  90.000	  38.989	  78.946	  40.989	  74.874	Fill5	R	4	50	1	1354
2098	8	50	60.000	  58.000	  57.000	  52.895	  63.000	  48.762	Fill3	R	1	49	1	895
2098	8	51	95.000	  37.242	  78.000	  45.359	  61.000	  58.000	Com1	R	3	51	3	935
2098	8	52	82.000	  45.329	  63.000	  59.000	  42.239	  88.000	Com2	R	2	51	2	733
2098	8	53	60.000	  58.000	  57.000	  52.965	  61.000	  50.393	Fill3	R	3	50	1	922
2098	8	54	52.528	  72.000	  51.528	  65.518	  53.528	  63.070	Fill4	R	1	51	3	910
2098	8	55	93.000	  39.355	  91.000	  34.769	  95.000	  33.642	Fill1	R	4	50	1	3187
2098	8	56	78.000	  44.577	  61.000	  57.000	  39.966	  87.000	Com2	R	3	50	1	1390
2098	8	57	92.000	  37.826	  90.000	  33.133	  94.000	  31.862	Fill1	R	3	50	1	1105
2098	8	58	56.000	  61.000	  53.000	  55.340	  57.000	  51.439	Fill3	R	5	51	1	1150
2098	8	59	81.000	  44.395	  62.000	  58.000	  40.864	  88.000	Com2	R	5	49	2	1979
2098	8	60	95.000	  37.884	  80.000	  44.987	  61.000	  59.000	Com1	R	5	50	3	1638
2098	8	61	95.000	  37.853	  80.000	  44.950	  62.000	  58.000	Com1	R	5	49	2	1326
2098	8	62	81.000	  44.395	  62.000	  58.000	  40.404	  89.000	Com2	R	4	51	2	1331
2098	8	63	75.000	  46.400	  72.000	  41.625	  78.000	  38.821	Fill2	R	2	49	1	889
2098	8	64	39.101	  89.000	  36.101	  82.103	  41.101	  71.774	Fill5	R	3	49	2	1185
2098	8	65	49.714	  70.000	  47.714	  63.189	  51.714	  58.630	Fill4	R	4	50	1	1019
2098	8	66	96.000	  36.219	  78.000	  44.577	  61.000	  57.000	Com1	R	3	51	3	1054
2098	8	67	49.714	  70.000	  46.714	  65.890	  51.714	  57.818	Fill4	R	5	51	1	654
2098	8	68	97.000	  36.433	  81.000	  43.630	  62.000	  57.000	Com1	R	5	50	3	750
2098	8	69	81.000	  44.395	  62.000	  58.000	  40.864	  88.000	Com2	R	2	51	2	811
2098	8	70	78.000	  46.141	  61.000	  59.000	  40.438	  89.000	Com2	R	1	49	1	1494
2098	8	71	93.000	  37.419	  92.000	  33.424	  95.000	  31.737	Fill1	R	3	50	1	931
2098	8	72	79.000	  44.051	  60.000	  58.000	  39.545	  88.000	Com2	R	5	49	2	891
2098	8	73	80.000	  44.950	  62.000	  58.000	  40.864	  88.000	Com2	R	4	51	2	1170
2098	8	74	76.000	  45.789	  74.000	  40.608	  77.000	  39.610	Fill2	R	3	50	1	685
2098	8	75	39.545	  88.000	  37.545	  79.104	  40.545	  73.473	Fill5	R	1	49	1	845
2098	8	76	96.000	  38.063	  81.000	  45.111	  63.000	  58.000	Com1	R	3	51	3	1253
2098	8	77	94.000	  37.021	  79.000	  44.051	  60.000	  58.000	Com1	R	3	51	3	893
2098	8	78	49.714	  70.000	  47.714	  62.937	  50.714	  59.392	Fill4	R	2	49	1	1333
2098	8	79	93.000	  38.699	  92.000	  34.228	  96.000	  33.188	Fill1	R	6	51	1	1851
2098	8	80	79.000	  46.304	  62.000	  59.000	  41.568	  88.000	Com2	R	6	49	3	1227
2098	9	1	93.000	  38.710	  91.000	  34.747	  95.000	  33.432	Fill1	R	2	49	1	2328
2098	9	2	94.000	  37.638	  78.000	  45.359	  61.000	  58.000	Com1	R	1	51	3	1746
2098	9	3	96.000	  38.104	  80.000	  45.725	  62.000	  59.000	Com1	R	1	51	3	776
2098	9	4	78.000	  45.359	  61.000	  58.000	  40.205	  88.000	Com2	R	5	49	2	1762
2098	9	5	95.000	  37.242	  78.000	  45.359	  61.000	  58.000	Com1	R	2	50	3	744
2098	9	6	76.000	  47.368	  75.000	  41.533	  78.000	  40.154	Fill2	R	2	49	1	661
2098	9	7	75.000	  47.987	  72.000	  43.903	  78.000	  40.705	Fill2	R	1	49	1	613
2098	9	8	40.198	  91.000	  38.198	  82.178	  41.198	  76.290	Fill5	R	2	49	1	808
2098	9	9	82.000	  44.561	  63.000	  58.000	  41.523	  88.000	Com2	R	2	51	2	723
2098	9	10	58.000	  61.000	  55.000	  56.291	  59.000	  52.542	Fill3	R	5	51	1	911
2098	9	11	59.000	  62.000	  56.000	  57.821	  62.000	  52.468	Fill3	R	4	50	1	693
2098	9	12	96.000	  38.063	  82.000	  44.561	  63.000	  58.000	Com1	R	2	50	3	2133
2098	9	13	79.000	  46.304	  62.000	  59.000	  41.101	  89.000	Com2	R	6	50	2	1482
2098	9	14	98.000	  38.531	  82.000	  46.049	  64.000	  59.000	Com1	R	5	50	3	1098
2098	9	15	94.000	  40.213	  93.000	  36.290	  96.000	  34.271	Fill1	R	5	51	1	794
2098	9	16	96.000	  37.458	  79.000	  45.519	  62.000	  58.000	Com1	R	3	49	2	1397
2098	9	17	93.000	  38.699	  90.000	  35.456	  95.000	  33.621	Fill1	R	4	50	1	664
2098	9	18	58.000	  63.000	  57.000	  56.649	  61.000	  51.852	Fill3	R	3	50	1	1369
2098	9	19	98.000	  37.286	  80.000	  45.675	  63.000	  58.000	Com1	R	3	49	2	1178
2098	9	20	91.000	  40.198	  88.000	  36.534	  92.000	  35.130	Fill1	R	4	50	1	996
2098	9	21	96.000	  38.063	  82.000	  44.561	  63.000	  58.000	Com1	R	3	51	3	1255
2098	9	22	96.000	  36.854	  78.000	  45.359	  61.000	  58.000	Com1	R	2	50	3	655
2098	9	23	78.000	  48.462	  77.000	  43.260	  79.000	  41.646	Fill2	R	1	49	1	1231
2098	9	24	80.000	  45.725	  62.000	  59.000	  41.101	  89.000	Com2	R	2	49	1	761
2098	9	25	96.000	  38.104	  79.000	  46.304	  62.000	  59.000	Com1	R	3	51	3	695
2098	9	26	74.000	  49.432	  73.000	  43.753	  76.000	  42.276	Fill2	R	3	50	1	872
2098	9	27	63.000	  60.000	  61.000	  54.967	  65.000	  51.262	Fill3	R	4	50	1	1136
2098	9	28	39.989	  90.000	  38.989	  78.997	  41.989	  72.757	Fill5	R	5	51	1	829
2098	9	29	74.000	  49.432	  71.000	  45.451	  77.000	  41.636	Fill2	R	1	51	3	1464
2098	9	30	53.239	  71.000	  51.239	  64.130	  54.239	  61.800	Fill4	R	2	49	1	1337
2098	9	31	78.000	  48.462	  76.000	  43.579	  80.000	  42.163	Fill2	R	4	50	1	1052
2098	9	32	96.000	  37.458	  80.000	  44.950	  62.000	  58.000	Com1	R	2	51	2	1196
2098	9	33	80.000	  45.675	  63.000	  58.000	  41.523	  88.000	Com2	R	3	49	2	1127
2098	9	34	96.000	  37.458	  81.000	  44.395	  62.000	  58.000	Com1	R	5	50	3	1300
2098	9	35	90.000	  39.311	  87.000	  35.356	  93.000	  33.183	Fill1	R	2	49	1	921
2098	9	36	98.000	  37.286	  81.000	  45.111	  63.000	  58.000	Com1	R	5	50	3	1199
2098	9	37	81.000	  42.778	  63.000	  55.000	  40.765	  85.000	Com2	R	1	50	2	1289
2098	9	38	78.000	  45.359	  61.000	  58.000	  40.205	  88.000	Com2	R	3	49	2	1457
2098	9	39	95.000	  39.789	  92.000	  36.685	  97.000	  34.392	Fill1	R	2	51	2	2434
2098	9	40	81.000	  44.395	  62.000	  58.000	  41.333	  87.000	Com2	R	4	51	2	1081
2098	9	41	82.000	  44.561	  63.000	  58.000	  41.056	  89.000	Com2	R	4	51	2	1368
2098	9	42	48.720	  75.000	  47.720	  66.241	  50.720	  63.131	Fill4	R	2	49	1	1004
2098	9	43	80.000	  44.950	  62.000	  58.000	  41.333	  87.000	Com2	R	6	50	2	1119
2098	9	44	98.000	  35.357	  81.000	  42.778	  63.000	  55.000	Com1	R	3	51	3	1324
2098	9	45	81.000	  44.395	  62.000	  58.000	  40.404	  89.000	Com2	R	3	49	2	1009
2098	9	46	63.000	  60.000	  60.000	  56.267	  66.000	  51.167	Fill3	R	1	49	1	692
2098	9	47	94.000	  37.638	  78.000	  45.359	  61.000	  58.000	Com1	R	4	49	3	1076
2098	9	48	91.000	  40.154	  90.000	  35.444	  94.000	  34.011	Fill1	R	4	50	1	692
2098	9	49	81.000	  43.630	  62.000	  57.000	  40.621	  87.000	Com2	R	1	49	1	1220
2098	9	50	82.000	  45.329	  63.000	  59.000	  41.300	  90.000	Com2	R	2	51	2	1104
2098	9	51	48.466	  73.000	  46.466	  65.984	  50.466	  62.002	Fill4	R	3	51	3	1995
2098	9	52	96.000	  36.813	  81.000	  43.630	  62.000	  57.000	Com1	R	3	51	3	1510
2098	9	53	59.000	  62.000	  58.000	  54.741	  62.000	  51.903	Fill3	R	5	51	1	899
2098	9	54	78.000	  45.359	  61.000	  58.000	  39.753	  89.000	Com2	R	5	49	2	1320
2098	9	55	74.000	  49.378	  72.000	  44.236	  76.000	  42.474	Fill2	R	6	51	1	942
2098	9	56	60.000	  60.000	  59.000	  52.559	  63.000	  50.397	Fill3	R	5	51	1	867
2098	9	57	52.500	  72.000	  50.500	  65.069	  53.500	  62.729	Fill4	R	2	49	1	908
2098	9	58	82.000	  46.049	  64.000	  59.000	  42.909	  88.000	Com2	R	4	51	2	1393
2098	9	59	79.000	  45.519	  62.000	  58.000	  41.333	  87.000	Com2	R	1	50	2	2053
2098	9	60	39.761	  92.000	  38.761	  81.061	  40.761	  76.421	Fill5	R	5	51	1	764
2098	9	61	42.000	  90.000	  39.000	  84.077	  43.000	  75.558	Fill5	R	5	49	2	904
2098	9	62	78.000	  45.359	  61.000	  58.000	  40.205	  88.000	Com2	R	2	51	2	1134
2098	9	63	38.872	  94.000	  36.872	  84.643	  40.872	  76.262	Fill5	R	6	49	3	859
2098	9	64	40.000	  90.000	  38.000	  81.132	  41.000	  74.902	Fill5	R	5	51	1	611
2098	9	65	51.429	  70.000	  48.429	  64.982	  52.429	  59.624	Fill4	R	3	50	1	582
2098	9	66	81.000	  45.111	  63.000	  58.000	  41.056	  89.000	Com2	R	1	50	2	1000
2098	9	67	79.000	  45.519	  62.000	  58.000	  40.404	  89.000	Com2	R	4	49	3	843
2098	9	68	41.538	  91.000	  39.538	  81.693	  42.538	  76.213	Fill5	R	3	49	2	947
2098	9	69	72.000	  49.139	  69.000	  44.899	  75.000	  41.760	Fill2	R	4	50	1	1176
2098	9	70	38.879	  91.000	  37.879	  80.123	  39.879	  74.926	Fill5	R	6	49	3	1763
2098	9	71	91.000	  40.198	  89.000	  36.506	  93.000	  34.839	Fill1	R	5	51	1	1337
2098	9	72	79.000	  44.785	  61.000	  58.000	  39.753	  89.000	Com2	R	4	51	2	1262
2098	9	73	49.432	  74.000	  46.432	  69.650	  50.432	  64.026	Fill4	R	5	51	1	1862
2098	9	74	96.000	  38.719	  82.000	  45.329	  63.000	  59.000	Com1	R	3	51	3	902
2098	9	75	97.000	  37.072	  81.000	  44.395	  62.000	  58.000	Com1	R	1	51	3	731
2098	9	76	61.000	  59.000	  59.000	  53.017	  62.000	  51.194	Fill3	R	4	50	1	872
2098	9	77	96.000	  36.854	  79.000	  44.785	  61.000	  58.000	Com1	R	6	49	3	1328
2098	9	78	97.000	  37.072	  79.000	  45.519	  62.000	  58.000	Com1	R	3	51	3	3446
2098	9	79	50.690	  71.000	  47.690	  66.974	  52.690	  59.537	Fill4	R	5	51	1	1110
2098	9	80	49.432	  74.000	  48.432	  65.307	  51.432	  61.576	Fill4	R	4	50	1	964
