username: 2940, Experiment time (minutes): 44
Operating system: Windows 7
Manufacturer: Adobe Windows
Player type: PlugIn
Version: WIN 10,3,183,10

username	blkNum	trlNum	Rect1Height	Rect1Width	Rect2Height	Rect2Width	Rect3Height	Rect3Width	Effect	StimType	StimPosition	rawResp	response	RT
2940	0	1	73.000	  50.110	  59.000	  62.000	  50.110	  73.000	Com2	R	4	51	2	11941
2940	0	2	92.000	  41.109	  76.000	  49.763	  61.000	  62.000	Com1	R	6	51	1	7399
2940	0	3	59.000	  59.000	  58.000	  52.224	  60.000	  49.917	Fill3	R	2	49	1	7292
2940	1	1	98.000	  37.286	  80.000	  45.675	  63.000	  58.000	Com1	R	2	49	1	7353
2940	1	2	40.667	  90.000	  39.667	  78.908	  42.667	  73.453	Fill5	R	6	51	1	3552
2940	1	3	47.884	  69.000	  44.884	  63.541	  49.884	  57.233	Fill4	R	1	49	1	1998
2940	1	4	59.000	  61.000	  58.000	  54.052	  61.000	  50.967	Fill3	R	3	50	1	2328
2940	1	5	96.000	  37.406	  80.000	  44.888	  63.000	  57.000	Com1	R	4	50	1	2101
2940	1	6	88.000	  37.545	  87.000	  32.379	  89.000	  31.607	Fill1	R	3	50	1	2602
2940	1	7	81.000	  43.630	  62.000	  57.000	  40.159	  88.000	Com2	R	6	50	2	3182
2940	1	8	80.000	  46.500	  62.000	  60.000	  40.879	  91.000	Com2	R	3	49	2	4231
2940	1	9	63.000	  59.000	  62.000	  51.984	  64.000	  51.750	Fill3	R	5	51	1	3146
2940	1	10	96.000	  38.719	  82.000	  45.329	  63.000	  59.000	Com1	R	4	50	1	5815
2940	1	11	80.000	  44.175	  62.000	  57.000	  40.159	  88.000	Com2	R	2	51	2	3867
2940	1	12	96.000	  37.458	  81.000	  44.395	  62.000	  58.000	Com1	R	2	51	2	3898
2940	1	13	63.000	  57.000	  61.000	  51.656	  66.000	  47.879	Fill3	R	2	49	1	2281
2940	1	14	52.352	  71.000	  51.352	  63.425	  54.352	  59.556	Fill4	R	2	49	1	2889
2940	1	15	75.000	  48.800	  74.000	  42.757	  78.000	  41.474	Fill2	R	4	50	1	1778
2940	1	16	72.000	  45.889	  69.000	  40.928	  74.000	  39.068	Fill2	R	6	51	1	3238
2940	1	17	41.276	  87.000	  40.276	  76.398	  42.276	  73.115	Fill5	R	1	49	1	1293
2940	1	18	80.000	  44.987	  61.000	  59.000	  40.898	  88.000	Com2	R	5	49	2	4341
2940	1	19	97.000	  37.072	  80.000	  44.950	  62.000	  58.000	Com1	R	2	49	1	1457
2940	1	20	37.124	  89.000	  36.124	  77.595	  38.124	  72.501	Fill5	R	3	50	1	4673
2940	1	21	95.000	  37.853	  81.000	  44.395	  62.000	  58.000	Com1	R	3	50	1	2178
2940	1	22	60.000	  58.000	  59.000	  52.017	  63.000	  48.873	Fill3	R	1	49	1	3364
2940	1	23	97.000	  37.021	  81.000	  44.333	  63.000	  57.000	Com1	R	3	51	3	1626
2940	1	24	42.239	  88.000	  41.239	  77.937	  43.239	  73.476	Fill5	R	4	50	1	1780
2940	1	25	90.000	  39.989	  88.000	  35.773	  92.000	  33.967	Fill1	R	5	51	1	2214
2940	1	26	96.000	  38.063	  82.000	  44.561	  63.000	  58.000	Com1	R	2	50	3	2409
2940	1	27	91.000	  38.242	  90.000	  33.956	  94.000	  31.851	Fill1	R	3	50	1	916
2940	1	28	96.000	  39.375	  95.000	  35.400	  97.000	  33.938	Fill1	R	3	50	1	1593
2940	1	29	54.000	  70.000	  53.000	  62.075	  55.000	  60.891	Fill4	R	6	51	1	1716
2940	1	30	94.000	  37.638	  79.000	  44.785	  61.000	  58.000	Com1	R	4	50	1	793
2940	1	31	93.000	  39.355	  91.000	  35.022	  94.000	  33.681	Fill1	R	5	51	1	1284
2940	1	32	49.714	  70.000	  47.714	  64.299	  50.714	  59.431	Fill4	R	5	51	1	1180
2940	1	33	75.000	  47.987	  74.000	  42.122	  78.000	  40.859	Fill2	R	2	49	1	997
2940	1	34	97.000	  36.433	  80.000	  44.175	  62.000	  57.000	Com1	R	2	49	1	1352
2940	1	35	76.000	  45.789	  74.000	  40.743	  78.000	  39.077	Fill2	R	2	49	1	2557
2940	1	36	95.000	  39.158	  80.000	  46.500	  62.000	  60.000	Com1	R	4	50	1	2405
2940	1	37	79.000	  47.848	  77.000	  42.935	  82.000	  40.756	Fill2	R	4	49	3	2014
2940	1	38	80.000	  45.675	  63.000	  58.000	  42.000	  87.000	Com2	R	5	49	2	4665
2940	1	39	41.538	  91.000	  38.538	  84.928	  42.538	  77.013	Fill5	R	1	49	1	1192
2940	1	40	53.597	  67.000	  52.597	  59.908	  54.597	  57.897	Fill4	R	3	50	1	2163
2940	1	41	49.986	  72.000	  47.986	  66.144	  50.986	  61.370	Fill4	R	2	49	1	1752
2940	1	42	39.989	  90.000	  38.989	  78.535	  40.989	  74.581	Fill5	R	4	49	3	1742
2940	1	43	95.000	  39.126	  94.000	  34.543	  96.000	  34.000	Fill1	R	4	50	1	1283
2940	1	44	90.000	  39.989	  87.000	  35.897	  93.000	  34.172	Fill1	R	4	50	1	843
2940	1	45	79.000	  44.785	  61.000	  58.000	  39.753	  89.000	Com2	R	6	50	2	1235
2940	1	46	77.000	  45.974	  60.000	  59.000	  40.227	  88.000	Com2	R	3	49	2	987
2940	1	47	81.000	  44.333	  63.000	  57.000	  41.276	  87.000	Com2	R	4	51	2	5197
2940	1	48	59.000	  61.000	  57.000	  55.491	  62.000	  51.194	Fill3	R	2	49	1	1976
2940	1	49	95.000	  37.200	  81.000	  43.630	  62.000	  57.000	Com1	R	3	51	3	1107
2940	1	50	39.101	  89.000	  37.101	  79.566	  41.101	  72.188	Fill5	R	3	50	1	1745
2940	1	51	96.000	  36.854	  79.000	  44.785	  61.000	  58.000	Com1	R	4	49	3	741
2940	1	52	97.000	  38.320	  82.000	  45.329	  63.000	  59.000	Com1	R	1	51	3	835
2940	1	53	79.000	  43.241	  61.000	  56.000	  39.264	  87.000	Com2	R	2	51	2	683
2940	1	54	94.000	  38.287	  78.000	  46.141	  61.000	  59.000	Com1	R	4	49	3	651
2940	1	55	74.000	  48.635	  72.000	  43.250	  76.000	  40.895	Fill2	R	1	49	1	1387
2940	1	56	79.000	  47.051	  76.000	  43.197	  81.000	  40.654	Fill2	R	3	49	2	1484
2940	1	57	95.000	  37.263	  77.000	  45.974	  60.000	  59.000	Com1	R	1	51	3	828
2940	1	58	63.000	  60.000	  61.000	  54.754	  64.000	  52.578	Fill3	R	2	49	1	935
2940	1	59	79.000	  44.785	  61.000	  58.000	  40.205	  88.000	Com2	R	4	51	2	733
2940	1	60	50.833	  72.000	  48.833	  65.119	  52.833	  60.473	Fill4	R	2	51	2	1227
2940	1	61	78.000	  46.038	  77.000	  40.169	  79.000	  40.253	Fill2	R	3	50	1	1318
2940	1	62	82.000	  45.329	  63.000	  59.000	  42.239	  88.000	Com2	R	3	51	3	1003
2940	1	63	97.000	  36.433	  80.000	  44.175	  62.000	  57.000	Com1	R	1	51	3	829
2940	1	64	78.000	  46.141	  61.000	  59.000	  39.989	  90.000	Com2	R	6	50	2	1928
2940	1	65	49.986	  72.000	  46.986	  66.786	  50.986	  61.056	Fill4	R	4	50	1	821
2940	1	66	96.000	  37.490	  80.000	  44.987	  61.000	  59.000	Com1	R	6	49	3	1904
2940	1	67	81.000	  44.395	  62.000	  58.000	  40.404	  89.000	Com2	R	3	49	2	988
2940	1	68	80.000	  44.950	  62.000	  58.000	  41.333	  87.000	Com2	R	4	49	3	1311
2940	1	69	80.000	  44.175	  62.000	  57.000	  40.621	  87.000	Com2	R	4	51	2	820
2940	1	70	39.989	  90.000	  37.989	  80.445	  40.989	  75.142	Fill5	R	4	50	1	1231
2940	1	71	80.000	  43.462	  61.000	  57.000	  40.430	  86.000	Com2	R	4	51	2	1067
2940	1	72	81.000	  44.395	  62.000	  58.000	  41.333	  87.000	Com2	R	5	49	2	874
2940	1	73	96.000	  35.583	  79.000	  43.241	  61.000	  56.000	Com1	R	5	49	2	866
2940	1	74	80.000	  44.888	  63.000	  57.000	  41.276	  87.000	Com2	R	5	49	2	698
2940	1	75	82.000	  45.329	  63.000	  59.000	  41.300	  90.000	Com2	R	5	49	2	519
2940	1	76	82.000	  44.561	  63.000	  58.000	  41.056	  89.000	Com2	R	2	51	2	781
2940	1	77	60.000	  61.000	  59.000	  55.153	  61.000	  52.475	Fill3	R	3	50	1	1144
2940	1	78	96.000	  36.219	  80.000	  43.462	  61.000	  57.000	Com1	R	4	50	1	1220
2940	1	79	96.000	  37.406	  95.000	  33.063	  99.000	  31.576	Fill1	R	1	49	1	2127
2940	1	80	56.000	  59.000	  55.000	  52.073	  58.000	  49.069	Fill3	R	2	49	1	1908
2940	2	1	56.000	  61.000	  53.000	  55.340	  57.000	  51.439	Fill3	R	1	49	1	6912
2940	2	2	80.000	  44.175	  62.000	  57.000	  40.159	  88.000	Com2	R	2	51	2	1654
2940	2	3	95.000	  38.505	  79.000	  46.304	  62.000	  59.000	Com1	R	2	50	3	2641
2940	2	4	80.000	  44.987	  61.000	  59.000	  40.898	  88.000	Com2	R	3	49	2	1075
2940	2	5	95.000	  37.200	  80.000	  44.175	  62.000	  57.000	Com1	R	2	50	3	738
2940	2	6	75.000	  46.400	  74.000	  41.041	  76.000	  39.539	Fill2	R	2	49	1	767
2940	2	7	93.000	  39.355	  91.000	  34.769	  95.000	  33.642	Fill1	R	4	50	1	2986
2940	2	8	94.000	  40.234	  91.000	  36.132	  97.000	  34.134	Fill1	R	6	51	1	796
2940	2	9	74.000	  49.459	  71.000	  44.803	  76.000	  42.526	Fill2	R	3	50	1	823
2940	2	10	97.000	  36.433	  81.000	  43.630	  62.000	  57.000	Com1	R	3	51	3	1409
2940	2	11	79.000	  44.051	  60.000	  58.000	  39.545	  88.000	Com2	R	5	49	2	883
2940	2	12	91.000	  38.242	  89.000	  34.393	  93.000	  32.828	Fill1	R	1	49	1	971
2940	2	13	97.000	  37.021	  82.000	  43.793	  63.000	  57.000	Com1	R	6	49	3	766
2940	2	14	49.714	  70.000	  46.714	  65.890	  51.714	  57.818	Fill4	R	5	51	1	745
2940	2	15	82.000	  45.329	  63.000	  59.000	  42.239	  88.000	Com2	R	5	49	2	1015
2940	2	16	76.000	  46.579	  59.000	  60.000	  39.775	  89.000	Com2	R	3	51	3	2121
2940	2	17	95.000	  37.884	  80.000	  44.987	  61.000	  59.000	Com1	R	2	50	3	2174
2940	2	18	97.000	  37.072	  80.000	  44.950	  62.000	  58.000	Com1	R	4	49	3	3921
2940	2	19	61.000	  62.000	  59.000	  56.458	  63.000	  53.333	Fill3	R	4	50	1	1150
2940	2	20	39.545	  88.000	  37.545	  79.104	  40.545	  73.473	Fill5	R	3	51	3	859
2940	2	21	39.101	  89.000	  36.101	  82.103	  41.101	  71.774	Fill5	R	2	49	1	643
2940	2	22	76.000	  45.789	  73.000	  41.205	  79.000	  37.772	Fill2	R	2	49	1	739
2940	2	23	40.000	  87.000	  37.000	  80.297	  41.000	  71.659	Fill5	R	2	50	3	1010
2940	2	24	93.000	  37.419	  92.000	  33.424	  95.000	  31.737	Fill1	R	2	49	1	627
2940	2	25	80.000	  44.950	  62.000	  58.000	  40.864	  88.000	Com2	R	4	51	2	886
2940	2	26	72.000	  47.444	  71.000	  41.620	  74.000	  40.581	Fill2	R	2	49	1	734
2940	2	27	60.000	  61.000	  59.000	  54.542	  62.000	  52.548	Fill3	R	5	51	1	2187
2940	2	28	77.000	  49.117	  75.000	  45.013	  80.000	  42.275	Fill2	R	2	49	1	1038
2940	2	29	79.000	  46.304	  62.000	  59.000	  41.568	  88.000	Com2	R	2	51	2	910
2940	2	30	76.000	  45.789	  74.000	  40.608	  77.000	  39.610	Fill2	R	3	50	1	1890
2940	2	31	88.000	  38.818	  87.000	  33.644	  89.000	  33.393	Fill1	R	2	49	1	946
2940	2	32	81.000	  43.630	  62.000	  57.000	  41.093	  86.000	Com2	R	2	51	2	1176
2940	2	33	96.000	  37.458	  81.000	  44.395	  62.000	  58.000	Com1	R	6	49	3	675
2940	2	34	94.000	  37.021	  79.000	  44.051	  60.000	  58.000	Com1	R	4	49	3	756
2940	2	35	80.000	  44.950	  62.000	  58.000	  40.404	  89.000	Com2	R	4	51	2	1217
2940	2	36	79.000	  45.557	  61.000	  59.000	  40.438	  89.000	Com2	R	4	51	2	2187
2940	2	37	49.714	  70.000	  47.714	  63.189	  51.714	  58.630	Fill4	R	2	49	1	5165
2940	2	38	51.549	  71.000	  50.549	  63.819	  52.549	  61.713	Fill4	R	2	49	1	1882
2940	2	39	40.000	  87.000	  38.000	  78.237	  41.000	  72.024	Fill5	R	4	50	1	3066
2940	2	40	61.000	  59.000	  59.000	  53.000	  63.000	  50.143	Fill3	R	4	50	1	2219
2940	2	41	97.000	  37.072	  81.000	  44.395	  62.000	  58.000	Com1	R	2	50	3	3437
2940	2	42	95.000	  37.242	  78.000	  45.359	  61.000	  58.000	Com1	R	3	50	1	2397
2940	2	43	81.000	  44.395	  62.000	  58.000	  40.864	  88.000	Com2	R	4	51	2	984
2940	2	44	51.176	  68.000	  48.176	  62.188	  53.176	  57.826	Fill4	R	3	50	1	1482
2940	2	45	91.000	  38.242	  89.000	  34.213	  94.000	  32.138	Fill1	R	1	49	1	1082
2940	2	46	93.000	  38.065	  76.000	  46.579	  59.000	  60.000	Com1	R	5	49	2	1658
2940	2	47	96.000	  38.719	  82.000	  45.329	  63.000	  59.000	Com1	R	3	51	3	610
2940	2	48	92.000	  37.826	  90.000	  33.133	  94.000	  31.862	Fill1	R	4	50	1	1813
2940	2	49	52.528	  72.000	  51.528	  65.518	  53.528	  63.070	Fill4	R	2	50	3	1080
2940	2	50	78.000	  44.577	  61.000	  57.000	  39.966	  87.000	Com2	R	2	51	2	1032
2940	2	51	75.000	  46.400	  72.000	  41.625	  78.000	  38.821	Fill2	R	2	49	1	986
2940	2	52	76.000	  47.355	  73.000	  43.466	  78.000	  40.949	Fill2	R	1	51	3	973
2940	2	53	47.444	  72.000	  46.444	  63.043	  49.444	  59.258	Fill4	R	3	49	2	1359
2940	2	54	96.000	  37.490	  79.000	  45.557	  61.000	  59.000	Com1	R	5	50	3	1028
2940	2	55	96.000	  37.458	  81.000	  44.395	  62.000	  58.000	Com1	R	6	49	3	679
2940	2	56	80.000	  44.225	  61.000	  58.000	  39.753	  89.000	Com2	R	4	51	2	999
2940	2	57	96.000	  36.854	  80.000	  44.225	  61.000	  58.000	Com1	R	3	51	3	761
2940	2	58	94.000	  38.287	  78.000	  46.141	  61.000	  59.000	Com1	R	4	49	3	744
2940	2	59	78.000	  46.141	  61.000	  59.000	  40.438	  89.000	Com2	R	2	51	2	806
2940	2	60	60.000	  58.000	  57.000	  52.965	  61.000	  50.393	Fill3	R	3	50	1	1008
2940	2	61	39.989	  90.000	  38.989	  78.946	  40.989	  74.874	Fill5	R	3	50	1	786
2940	2	62	81.000	  45.111	  63.000	  58.000	  41.056	  89.000	Com2	R	2	51	2	1373
2940	2	63	60.000	  58.000	  58.000	  51.828	  63.000	  47.349	Fill3	R	4	50	1	1024
2940	2	64	82.000	  43.793	  63.000	  57.000	  41.276	  87.000	Com2	R	6	50	2	882
2940	2	65	81.000	  44.395	  62.000	  58.000	  40.404	  89.000	Com2	R	4	51	2	842
2940	2	66	49.714	  70.000	  47.714	  62.937	  50.714	  59.392	Fill4	R	6	51	1	817
2940	2	67	37.956	  90.000	  35.956	  81.017	  38.956	  73.776	Fill5	R	6	51	1	908
2940	2	68	81.000	  44.395	  62.000	  58.000	  40.864	  88.000	Com2	R	3	49	2	801
2940	2	69	96.000	  36.219	  78.000	  44.577	  61.000	  57.000	Com1	R	3	51	3	876
2940	2	70	60.000	  58.000	  58.000	  51.569	  61.000	  49.148	Fill3	R	2	49	1	884
2940	2	71	96.000	  38.063	  81.000	  45.111	  63.000	  58.000	Com1	R	5	50	3	797
2940	2	72	95.000	  37.853	  80.000	  44.950	  62.000	  58.000	Com1	R	3	51	3	823
2940	2	73	97.000	  38.320	  81.000	  45.889	  63.000	  59.000	Com1	R	5	50	3	801
2940	2	74	39.783	  92.000	  37.783	  83.372	  40.783	  76.945	Fill5	R	1	49	1	748
2940	2	75	41.560	  91.000	  38.560	  84.543	  42.560	  76.691	Fill5	R	6	51	1	857
2940	2	76	78.000	  45.359	  61.000	  58.000	  40.205	  88.000	Com2	R	4	51	2	1122
2940	2	77	81.000	  45.889	  63.000	  59.000	  41.300	  90.000	Com2	R	5	49	2	928
2940	2	78	93.000	  38.699	  92.000	  34.228	  96.000	  33.188	Fill1	R	5	51	1	1204
2940	2	79	60.000	  58.000	  57.000	  52.895	  63.000	  48.762	Fill3	R	5	51	1	1599
2940	2	80	50.690	  71.000	  49.690	  62.809	  51.690	  61.346	Fill4	R	5	51	1	921
2940	3	1	82.000	  44.561	  63.000	  58.000	  41.056	  89.000	Com2	R	4	49	3	7553
2940	3	2	53.239	  71.000	  51.239	  64.130	  54.239	  61.800	Fill4	R	2	50	3	867
2940	3	3	59.000	  62.000	  58.000	  54.741	  62.000	  51.903	Fill3	R	4	50	1	779
2940	3	4	96.000	  38.104	  79.000	  46.304	  62.000	  59.000	Com1	R	3	51	3	886
2940	3	5	72.000	  49.139	  69.000	  44.899	  75.000	  41.760	Fill2	R	3	50	1	766
2940	3	6	98.000	  37.286	  80.000	  45.675	  63.000	  58.000	Com1	R	5	49	2	1033
2940	3	7	39.761	  92.000	  38.761	  81.061	  40.761	  76.421	Fill5	R	2	50	3	1354
2940	3	8	49.432	  74.000	  46.432	  69.650	  50.432	  64.026	Fill4	R	5	51	1	895
2940	3	9	78.000	  48.462	  77.000	  43.260	  79.000	  41.646	Fill2	R	5	51	1	807
2940	3	10	51.429	  70.000	  48.429	  64.982	  52.429	  59.624	Fill4	R	2	49	1	785
2940	3	11	59.000	  62.000	  56.000	  57.821	  62.000	  52.468	Fill3	R	4	50	1	700
2940	3	12	78.000	  45.359	  61.000	  58.000	  40.205	  88.000	Com2	R	3	51	3	1017
2940	3	13	63.000	  60.000	  60.000	  56.267	  66.000	  51.167	Fill3	R	2	49	1	844
2940	3	14	60.000	  60.000	  59.000	  52.559	  63.000	  50.397	Fill3	R	4	50	1	883
2940	3	15	80.000	  44.950	  62.000	  58.000	  41.333	  87.000	Com2	R	4	51	2	827
2940	3	16	95.000	  37.242	  78.000	  45.359	  61.000	  58.000	Com1	R	5	50	3	966
2940	3	17	96.000	  38.719	  82.000	  45.329	  63.000	  59.000	Com1	R	4	49	3	1000
2940	3	18	74.000	  49.378	  72.000	  44.236	  76.000	  42.474	Fill2	R	2	49	1	875
2940	3	19	80.000	  45.675	  63.000	  58.000	  41.523	  88.000	Com2	R	2	51	2	1028
2940	3	20	96.000	  38.063	  82.000	  44.561	  63.000	  58.000	Com1	R	3	51	3	758
2940	3	21	76.000	  47.368	  75.000	  41.533	  78.000	  40.154	Fill2	R	1	49	1	815
2940	3	22	74.000	  49.432	  71.000	  45.451	  77.000	  41.636	Fill2	R	3	49	2	830
2940	3	23	78.000	  45.359	  61.000	  58.000	  39.753	  89.000	Com2	R	2	51	2	1800
2940	3	24	95.000	  39.789	  92.000	  36.685	  97.000	  34.392	Fill1	R	2	49	1	795
2940	3	25	40.000	  90.000	  38.000	  81.132	  41.000	  74.902	Fill5	R	6	51	1	743
2940	3	26	94.000	  37.638	  78.000	  45.359	  61.000	  58.000	Com1	R	4	51	2	1155
2940	3	27	41.538	  91.000	  39.538	  81.693	  42.538	  76.213	Fill5	R	2	50	3	2480
2940	3	28	61.000	  59.000	  59.000	  53.017	  62.000	  51.194	Fill3	R	4	50	1	1032
2940	3	29	96.000	  36.854	  78.000	  45.359	  61.000	  58.000	Com1	R	5	50	3	971
2940	3	30	81.000	  44.395	  62.000	  58.000	  40.404	  89.000	Com2	R	5	50	3	878
2940	3	31	79.000	  45.519	  62.000	  58.000	  40.404	  89.000	Com2	R	2	51	2	886
2940	3	32	91.000	  40.198	  89.000	  36.506	  93.000	  34.839	Fill1	R	4	50	1	894
2940	3	33	38.879	  91.000	  37.879	  80.123	  39.879	  74.926	Fill5	R	4	50	1	918
2940	3	34	78.000	  45.359	  61.000	  58.000	  40.205	  88.000	Com2	R	5	49	2	843
2940	3	35	48.466	  73.000	  46.466	  65.984	  50.466	  62.002	Fill4	R	6	49	3	1043
2940	3	36	39.989	  90.000	  38.989	  78.997	  41.989	  72.757	Fill5	R	4	50	1	835
2940	3	37	49.432	  74.000	  48.432	  65.307	  51.432	  61.576	Fill4	R	4	50	1	890
2940	3	38	75.000	  47.987	  72.000	  43.903	  78.000	  40.705	Fill2	R	4	50	1	770
2940	3	39	98.000	  35.357	  81.000	  42.778	  63.000	  55.000	Com1	R	5	50	3	877
2940	3	40	93.000	  38.699	  90.000	  35.456	  95.000	  33.621	Fill1	R	3	50	1	773
2940	3	41	82.000	  46.049	  64.000	  59.000	  42.909	  88.000	Com2	R	4	51	2	719
2940	3	42	81.000	  43.630	  62.000	  57.000	  40.621	  87.000	Com2	R	3	49	2	894
2940	3	43	63.000	  60.000	  61.000	  54.967	  65.000	  51.262	Fill3	R	4	50	1	822
2940	3	44	93.000	  38.710	  91.000	  34.747	  95.000	  33.432	Fill1	R	4	50	1	848
2940	3	45	98.000	  38.531	  82.000	  46.049	  64.000	  59.000	Com1	R	4	51	2	856
2940	3	46	78.000	  48.462	  76.000	  43.579	  80.000	  42.163	Fill2	R	6	49	3	896
2940	3	47	78.000	  45.359	  61.000	  58.000	  40.205	  88.000	Com2	R	3	49	2	1768
2940	3	48	80.000	  45.725	  62.000	  59.000	  41.101	  89.000	Com2	R	3	49	2	955
2940	3	49	58.000	  61.000	  55.000	  56.291	  59.000	  52.542	Fill3	R	5	50	3	1263
2940	3	50	96.000	  36.854	  79.000	  44.785	  61.000	  58.000	Com1	R	5	50	3	695
2940	3	51	94.000	  37.638	  78.000	  45.359	  61.000	  58.000	Com1	R	4	49	3	887
2940	3	52	50.690	  71.000	  47.690	  66.974	  52.690	  59.537	Fill4	R	4	50	1	735
2940	3	53	81.000	  45.111	  63.000	  58.000	  41.056	  89.000	Com2	R	4	51	2	813
2940	3	54	96.000	  38.104	  80.000	  45.725	  62.000	  59.000	Com1	R	3	51	3	808
2940	3	55	81.000	  42.778	  63.000	  55.000	  40.765	  85.000	Com2	R	3	49	2	674
2940	3	56	82.000	  44.561	  63.000	  58.000	  41.523	  88.000	Com2	R	2	51	2	834
2940	3	57	96.000	  37.458	  81.000	  44.395	  62.000	  58.000	Com1	R	3	51	3	842
2940	3	58	96.000	  36.813	  81.000	  43.630	  62.000	  57.000	Com1	R	3	51	3	722
2940	3	59	94.000	  40.213	  93.000	  36.290	  96.000	  34.271	Fill1	R	3	50	1	767
2940	3	60	82.000	  45.329	  63.000	  59.000	  41.300	  90.000	Com2	R	2	49	1	602
2940	3	61	79.000	  46.304	  62.000	  59.000	  41.101	  89.000	Com2	R	2	50	3	718
2940	3	62	97.000	  37.072	  79.000	  45.519	  62.000	  58.000	Com1	R	2	49	1	1002
2940	3	63	38.872	  94.000	  36.872	  84.643	  40.872	  76.262	Fill5	R	3	50	1	829
2940	3	64	52.500	  72.000	  50.500	  65.069	  53.500	  62.729	Fill4	R	2	49	1	1015
2940	3	65	40.198	  91.000	  38.198	  82.178	  41.198	  76.290	Fill5	R	3	50	1	730
2940	3	66	96.000	  38.063	  82.000	  44.561	  63.000	  58.000	Com1	R	3	51	3	775
2940	3	67	90.000	  39.311	  87.000	  35.356	  93.000	  33.183	Fill1	R	3	50	1	867
2940	3	68	74.000	  49.432	  73.000	  43.753	  76.000	  42.276	Fill2	R	5	51	1	746
2940	3	69	96.000	  37.458	  80.000	  44.950	  62.000	  58.000	Com1	R	4	49	3	759
2940	3	70	81.000	  44.395	  62.000	  58.000	  41.333	  87.000	Com2	R	5	49	2	773
2940	3	71	96.000	  37.458	  79.000	  45.519	  62.000	  58.000	Com1	R	4	51	2	1519
2940	3	72	91.000	  40.154	  90.000	  35.444	  94.000	  34.011	Fill1	R	3	49	2	829
2940	3	73	48.720	  75.000	  47.720	  66.241	  50.720	  63.131	Fill4	R	6	51	1	855
2940	3	74	98.000	  37.286	  81.000	  45.111	  63.000	  58.000	Com1	R	5	50	3	798
2940	3	75	97.000	  37.072	  81.000	  44.395	  62.000	  58.000	Com1	R	4	49	3	665
2940	3	76	79.000	  45.519	  62.000	  58.000	  41.333	  87.000	Com2	R	5	49	2	921
2940	3	77	58.000	  63.000	  57.000	  56.649	  61.000	  51.852	Fill3	R	2	49	1	798
2940	3	78	42.000	  90.000	  39.000	  84.077	  43.000	  75.558	Fill5	R	5	51	1	905
2940	3	79	79.000	  44.785	  61.000	  58.000	  39.753	  89.000	Com2	R	5	49	2	702
2940	3	80	91.000	  40.198	  88.000	  36.534	  92.000	  35.130	Fill1	R	1	49	1	877
2940	4	1	80.000	  44.175	  62.000	  57.000	  40.159	  88.000	Com2	R	5	49	2	5072
2940	4	2	80.000	  45.675	  63.000	  58.000	  42.000	  87.000	Com2	R	2	50	3	902
2940	4	3	59.000	  61.000	  57.000	  55.491	  62.000	  51.194	Fill3	R	3	50	1	764
2940	4	4	96.000	  37.406	  95.000	  33.063	  99.000	  31.576	Fill1	R	1	49	1	761
2940	4	5	39.101	  89.000	  37.101	  79.566	  41.101	  72.188	Fill5	R	5	50	3	934
2940	4	6	96.000	  38.719	  82.000	  45.329	  63.000	  59.000	Com1	R	4	49	3	636
2940	4	7	63.000	  59.000	  62.000	  51.984	  64.000	  51.750	Fill3	R	2	49	1	684
2940	4	8	94.000	  38.287	  78.000	  46.141	  61.000	  59.000	Com1	R	3	51	3	716
2940	4	9	96.000	  37.458	  81.000	  44.395	  62.000	  58.000	Com1	R	6	49	3	745
2940	4	10	63.000	  60.000	  61.000	  54.754	  64.000	  52.578	Fill3	R	1	49	1	646
2940	4	11	82.000	  45.329	  63.000	  59.000	  41.300	  90.000	Com2	R	2	51	2	774
2940	4	12	80.000	  46.500	  62.000	  60.000	  40.879	  91.000	Com2	R	5	49	2	754
2940	4	13	49.986	  72.000	  47.986	  66.144	  50.986	  61.370	Fill4	R	5	49	2	1038
2940	4	14	60.000	  58.000	  59.000	  52.017	  63.000	  48.873	Fill3	R	1	49	1	654
2940	4	15	96.000	  38.063	  82.000	  44.561	  63.000	  58.000	Com1	R	5	50	3	942
2940	4	16	80.000	  44.950	  62.000	  58.000	  41.333	  87.000	Com2	R	3	49	2	916
2940	4	17	52.352	  71.000	  51.352	  63.425	  54.352	  59.556	Fill4	R	3	50	1	745
2940	4	18	95.000	  39.126	  94.000	  34.543	  96.000	  34.000	Fill1	R	6	49	3	1079
2940	4	19	41.538	  91.000	  38.538	  84.928	  42.538	  77.013	Fill5	R	4	50	1	758
2940	4	20	82.000	  45.329	  63.000	  59.000	  42.239	  88.000	Com2	R	2	49	1	676
2940	4	21	54.000	  70.000	  53.000	  62.075	  55.000	  60.891	Fill4	R	2	49	1	788
2940	4	22	95.000	  39.158	  80.000	  46.500	  62.000	  60.000	Com1	R	2	49	1	718
2940	4	23	40.667	  90.000	  39.667	  78.908	  42.667	  73.453	Fill5	R	1	49	1	844
2940	4	24	42.239	  88.000	  41.239	  77.937	  43.239	  73.476	Fill5	R	1	50	2	740
2940	4	25	41.276	  87.000	  40.276	  76.398	  42.276	  73.115	Fill5	R	1	49	1	672
2940	4	26	59.000	  61.000	  58.000	  54.052	  61.000	  50.967	Fill3	R	2	49	1	1392
2940	4	27	81.000	  44.333	  63.000	  57.000	  41.276	  87.000	Com2	R	5	49	2	899
2940	4	28	80.000	  44.175	  62.000	  57.000	  40.621	  87.000	Com2	R	4	49	3	840
2940	4	29	97.000	  37.021	  81.000	  44.333	  63.000	  57.000	Com1	R	1	49	1	736
2940	4	30	56.000	  59.000	  55.000	  52.073	  58.000	  49.069	Fill3	R	5	50	3	797
2940	4	31	90.000	  39.989	  88.000	  35.773	  92.000	  33.967	Fill1	R	2	50	3	1000
2940	4	32	97.000	  36.433	  80.000	  44.175	  62.000	  57.000	Com1	R	5	50	3	812
2940	4	33	81.000	  44.395	  62.000	  58.000	  40.404	  89.000	Com2	R	2	50	3	886
2940	4	34	95.000	  37.263	  77.000	  45.974	  60.000	  59.000	Com1	R	1	49	1	1102
2940	4	35	95.000	  37.853	  81.000	  44.395	  62.000	  58.000	Com1	R	5	49	2	828
2940	4	36	81.000	  43.630	  62.000	  57.000	  40.159	  88.000	Com2	R	5	49	2	1046
2940	4	37	75.000	  48.800	  74.000	  42.757	  78.000	  41.474	Fill2	R	2	49	1	758
2940	4	38	75.000	  47.987	  74.000	  42.122	  78.000	  40.859	Fill2	R	3	50	1	915
2940	4	39	39.989	  90.000	  38.989	  78.535	  40.989	  74.581	Fill5	R	4	50	1	824
2940	4	40	81.000	  44.395	  62.000	  58.000	  41.333	  87.000	Com2	R	4	51	2	995
2940	4	41	79.000	  47.051	  76.000	  43.197	  81.000	  40.654	Fill2	R	4	49	3	677
2940	4	42	77.000	  45.974	  60.000	  59.000	  40.227	  88.000	Com2	R	2	51	2	917
2940	4	43	60.000	  61.000	  59.000	  55.153	  61.000	  52.475	Fill3	R	4	50	1	2236
2940	4	44	63.000	  57.000	  61.000	  51.656	  66.000	  47.879	Fill3	R	3	50	1	955
2940	4	45	80.000	  44.987	  61.000	  59.000	  40.898	  88.000	Com2	R	3	49	2	976
2940	4	46	79.000	  43.241	  61.000	  56.000	  39.264	  87.000	Com2	R	5	49	2	787
2940	4	47	74.000	  48.635	  72.000	  43.250	  76.000	  40.895	Fill2	R	3	49	2	1149
2940	4	48	72.000	  45.889	  69.000	  40.928	  74.000	  39.068	Fill2	R	3	50	1	972
2940	4	49	96.000	  36.219	  80.000	  43.462	  61.000	  57.000	Com1	R	5	49	2	685
2940	4	50	37.124	  89.000	  36.124	  77.595	  38.124	  72.501	Fill5	R	4	50	1	1053
2940	4	51	82.000	  44.561	  63.000	  58.000	  41.056	  89.000	Com2	R	3	49	2	797
2940	4	52	98.000	  37.286	  80.000	  45.675	  63.000	  58.000	Com1	R	1	50	2	744
2940	4	53	95.000	  37.200	  81.000	  43.630	  62.000	  57.000	Com1	R	5	49	2	645
2940	4	54	96.000	  37.490	  80.000	  44.987	  61.000	  59.000	Com1	R	3	49	2	838
2940	4	55	91.000	  38.242	  90.000	  33.956	  94.000	  31.851	Fill1	R	2	49	1	781
2940	4	56	39.989	  90.000	  37.989	  80.445	  40.989	  75.142	Fill5	R	3	50	1	776
2940	4	57	96.000	  39.375	  95.000	  35.400	  97.000	  33.938	Fill1	R	6	51	1	1187
2940	4	58	93.000	  39.355	  91.000	  35.022	  94.000	  33.681	Fill1	R	3	50	1	1005
2940	4	59	90.000	  39.989	  87.000	  35.897	  93.000	  34.172	Fill1	R	4	50	1	704
2940	4	60	76.000	  45.789	  74.000	  40.743	  78.000	  39.077	Fill2	R	2	49	1	733
2940	4	61	80.000	  44.888	  63.000	  57.000	  41.276	  87.000	Com2	R	6	49	3	747
2940	4	62	88.000	  37.545	  87.000	  32.379	  89.000	  31.607	Fill1	R	4	50	1	775
2940	4	63	96.000	  36.854	  79.000	  44.785	  61.000	  58.000	Com1	R	4	49	3	610
2940	4	64	78.000	  46.141	  61.000	  59.000	  39.989	  90.000	Com2	R	3	49	2	932
2940	4	65	96.000	  35.583	  79.000	  43.241	  61.000	  56.000	Com1	R	2	50	3	762
2940	4	66	79.000	  44.785	  61.000	  58.000	  40.205	  88.000	Com2	R	4	51	2	951
2940	4	67	49.986	  72.000	  46.986	  66.786	  50.986	  61.056	Fill4	R	1	49	1	701
2940	4	68	97.000	  38.320	  82.000	  45.329	  63.000	  59.000	Com1	R	6	49	3	555
2940	4	69	78.000	  46.038	  77.000	  40.169	  79.000	  40.253	Fill2	R	2	49	1	672
2940	4	70	97.000	  36.433	  80.000	  44.175	  62.000	  57.000	Com1	R	3	51	3	592
2940	4	71	80.000	  43.462	  61.000	  57.000	  40.430	  86.000	Com2	R	2	50	3	1123
2940	4	72	49.714	  70.000	  47.714	  64.299	  50.714	  59.431	Fill4	R	5	51	1	704
2940	4	73	47.884	  69.000	  44.884	  63.541	  49.884	  57.233	Fill4	R	4	50	1	669
2940	4	74	94.000	  37.638	  79.000	  44.785	  61.000	  58.000	Com1	R	6	49	3	653
2940	4	75	53.597	  67.000	  52.597	  59.908	  54.597	  57.897	Fill4	R	5	51	1	604
2940	4	76	97.000	  37.072	  80.000	  44.950	  62.000	  58.000	Com1	R	3	51	3	1023
2940	4	77	96.000	  37.406	  80.000	  44.888	  63.000	  57.000	Com1	R	3	51	3	610
2940	4	78	79.000	  44.785	  61.000	  58.000	  39.753	  89.000	Com2	R	1	50	2	852
2940	4	79	50.833	  72.000	  48.833	  65.119	  52.833	  60.473	Fill4	R	2	50	3	732
2940	4	80	79.000	  47.848	  77.000	  42.935	  82.000	  40.756	Fill2	R	3	50	1	762
2940	5	1	49.714	  70.000	  47.714	  63.189	  51.714	  58.630	Fill4	R	5	51	1	3497
2940	5	2	80.000	  44.225	  61.000	  58.000	  39.753	  89.000	Com2	R	3	50	1	823
2940	5	3	96.000	  38.063	  81.000	  45.111	  63.000	  58.000	Com1	R	3	49	2	578
2940	5	4	92.000	  37.826	  90.000	  33.133	  94.000	  31.862	Fill1	R	5	51	1	964
2940	5	5	94.000	  40.234	  91.000	  36.132	  97.000	  34.134	Fill1	R	2	49	1	570
2940	5	6	60.000	  58.000	  58.000	  51.569	  61.000	  49.148	Fill3	R	5	51	1	636
2940	5	7	96.000	  37.458	  81.000	  44.395	  62.000	  58.000	Com1	R	5	50	3	908
2940	5	8	77.000	  49.117	  75.000	  45.013	  80.000	  42.275	Fill2	R	6	51	1	659
2940	5	9	79.000	  45.557	  61.000	  59.000	  40.438	  89.000	Com2	R	1	49	1	818
2940	5	10	97.000	  38.320	  81.000	  45.889	  63.000	  59.000	Com1	R	3	51	3	716
2940	5	11	49.714	  70.000	  47.714	  62.937	  50.714	  59.392	Fill4	R	5	51	1	890
2940	5	12	96.000	  36.854	  80.000	  44.225	  61.000	  58.000	Com1	R	2	50	3	690
2940	5	13	60.000	  58.000	  58.000	  51.828	  63.000	  47.349	Fill3	R	4	50	1	594
2940	5	14	39.545	  88.000	  37.545	  79.104	  40.545	  73.473	Fill5	R	5	50	3	724
2940	5	15	78.000	  45.359	  61.000	  58.000	  40.205	  88.000	Com2	R	2	51	2	1010
2940	5	16	93.000	  38.065	  76.000	  46.579	  59.000	  60.000	Com1	R	2	50	3	611
2940	5	17	81.000	  45.111	  63.000	  58.000	  41.056	  89.000	Com2	R	4	51	2	742
2940	5	18	79.000	  46.304	  62.000	  59.000	  41.568	  88.000	Com2	R	3	49	2	723
2940	5	19	94.000	  37.021	  79.000	  44.051	  60.000	  58.000	Com1	R	3	51	3	769
2940	5	20	95.000	  38.505	  79.000	  46.304	  62.000	  59.000	Com1	R	5	50	3	811
2940	5	21	81.000	  44.395	  62.000	  58.000	  40.864	  88.000	Com2	R	4	51	2	758
2940	5	22	76.000	  46.579	  59.000	  60.000	  39.775	  89.000	Com2	R	3	49	2	835
2940	5	23	47.444	  72.000	  46.444	  63.043	  49.444	  59.258	Fill4	R	4	50	1	652
2940	5	24	39.989	  90.000	  38.989	  78.946	  40.989	  74.874	Fill5	R	1	49	1	764
2940	5	25	49.714	  70.000	  46.714	  65.890	  51.714	  57.818	Fill4	R	2	49	1	650
2940	5	26	51.176	  68.000	  48.176	  62.188	  53.176	  57.826	Fill4	R	5	51	1	730
2940	5	27	56.000	  61.000	  53.000	  55.340	  57.000	  51.439	Fill3	R	4	50	1	647
2940	5	28	82.000	  43.793	  63.000	  57.000	  41.276	  87.000	Com2	R	4	49	3	631
2940	5	29	97.000	  37.021	  82.000	  43.793	  63.000	  57.000	Com1	R	3	51	3	650
2940	5	30	88.000	  38.818	  87.000	  33.644	  89.000	  33.393	Fill1	R	4	50	1	666
2940	5	31	80.000	  44.950	  62.000	  58.000	  40.864	  88.000	Com2	R	4	51	2	921
2940	5	32	80.000	  44.987	  61.000	  59.000	  40.898	  88.000	Com2	R	4	50	1	2254
2940	5	33	96.000	  37.490	  79.000	  45.557	  61.000	  59.000	Com1	R	4	49	3	779
2940	5	34	95.000	  37.242	  78.000	  45.359	  61.000	  58.000	Com1	R	6	49	3	2138
2940	5	35	80.000	  44.950	  62.000	  58.000	  40.404	  89.000	Com2	R	4	50	1	958
2940	5	36	96.000	  37.458	  81.000	  44.395	  62.000	  58.000	Com1	R	4	50	1	723
2940	5	37	52.528	  72.000	  51.528	  65.518	  53.528	  63.070	Fill4	R	1	49	1	769
2940	5	38	94.000	  38.287	  78.000	  46.141	  61.000	  59.000	Com1	R	2	49	1	827
2940	5	39	96.000	  38.719	  82.000	  45.329	  63.000	  59.000	Com1	R	4	49	3	614
2940	5	40	91.000	  38.242	  89.000	  34.393	  93.000	  32.828	Fill1	R	5	49	2	906
2940	5	41	93.000	  37.419	  92.000	  33.424	  95.000	  31.737	Fill1	R	5	49	2	845
2940	5	42	60.000	  58.000	  57.000	  52.965	  61.000	  50.393	Fill3	R	4	50	1	726
2940	5	43	91.000	  38.242	  89.000	  34.213	  94.000	  32.138	Fill1	R	3	50	1	771
2940	5	44	81.000	  44.395	  62.000	  58.000	  40.404	  89.000	Com2	R	4	51	2	1022
2940	5	45	61.000	  59.000	  59.000	  53.000	  63.000	  50.143	Fill3	R	3	50	1	689
2940	5	46	80.000	  44.175	  62.000	  57.000	  40.159	  88.000	Com2	R	6	50	2	770
2940	5	47	60.000	  61.000	  59.000	  54.542	  62.000	  52.548	Fill3	R	1	49	1	811
2940	5	48	78.000	  46.141	  61.000	  59.000	  40.438	  89.000	Com2	R	4	51	2	1206
2940	5	49	39.101	  89.000	  36.101	  82.103	  41.101	  71.774	Fill5	R	6	51	1	673
2940	5	50	93.000	  38.699	  92.000	  34.228	  96.000	  33.188	Fill1	R	4	49	3	1009
2940	5	51	76.000	  47.355	  73.000	  43.466	  78.000	  40.949	Fill2	R	4	50	1	595
2940	5	52	82.000	  45.329	  63.000	  59.000	  42.239	  88.000	Com2	R	3	50	1	790
2940	5	53	81.000	  44.395	  62.000	  58.000	  40.864	  88.000	Com2	R	4	51	2	769
2940	5	54	76.000	  45.789	  74.000	  40.608	  77.000	  39.610	Fill2	R	4	49	3	666
2940	5	55	97.000	  37.072	  80.000	  44.950	  62.000	  58.000	Com1	R	6	49	3	730
2940	5	56	41.560	  91.000	  38.560	  84.543	  42.560	  76.691	Fill5	R	6	50	2	1144
2940	5	57	61.000	  62.000	  59.000	  56.458	  63.000	  53.333	Fill3	R	3	50	1	661
2940	5	58	81.000	  43.630	  62.000	  57.000	  41.093	  86.000	Com2	R	5	49	2	629
2940	5	59	93.000	  39.355	  91.000	  34.769	  95.000	  33.642	Fill1	R	2	49	1	584
2940	5	60	81.000	  45.889	  63.000	  59.000	  41.300	  90.000	Com2	R	2	50	3	875
2940	5	61	40.000	  87.000	  37.000	  80.297	  41.000	  71.659	Fill5	R	4	50	1	691
2940	5	62	79.000	  44.051	  60.000	  58.000	  39.545	  88.000	Com2	R	1	50	2	803
2940	5	63	95.000	  37.200	  80.000	  44.175	  62.000	  57.000	Com1	R	6	49	3	590
2940	5	64	37.956	  90.000	  35.956	  81.017	  38.956	  73.776	Fill5	R	5	50	3	705
2940	5	65	95.000	  37.884	  80.000	  44.987	  61.000	  59.000	Com1	R	5	50	3	734
2940	5	66	39.783	  92.000	  37.783	  83.372	  40.783	  76.945	Fill5	R	6	50	2	731
2940	5	67	75.000	  46.400	  74.000	  41.041	  76.000	  39.539	Fill2	R	5	49	2	904
2940	5	68	95.000	  37.853	  80.000	  44.950	  62.000	  58.000	Com1	R	4	49	3	605
2940	5	69	97.000	  36.433	  81.000	  43.630	  62.000	  57.000	Com1	R	3	51	3	1168
2940	5	70	51.549	  71.000	  50.549	  63.819	  52.549	  61.713	Fill4	R	3	51	3	826
2940	5	71	96.000	  36.219	  78.000	  44.577	  61.000	  57.000	Com1	R	3	51	3	645
2940	5	72	40.000	  87.000	  38.000	  78.237	  41.000	  72.024	Fill5	R	5	51	1	853
2940	5	73	75.000	  46.400	  72.000	  41.625	  78.000	  38.821	Fill2	R	4	50	1	685
2940	5	74	72.000	  47.444	  71.000	  41.620	  74.000	  40.581	Fill2	R	5	51	1	813
2940	5	75	50.690	  71.000	  49.690	  62.809	  51.690	  61.346	Fill4	R	2	49	1	616
2940	5	76	78.000	  44.577	  61.000	  57.000	  39.966	  87.000	Com2	R	3	51	3	634
2940	5	77	74.000	  49.459	  71.000	  44.803	  76.000	  42.526	Fill2	R	6	51	1	682
2940	5	78	60.000	  58.000	  57.000	  52.895	  63.000	  48.762	Fill3	R	5	51	1	778
2940	5	79	76.000	  45.789	  73.000	  41.205	  79.000	  37.772	Fill2	R	5	51	1	741
2940	5	80	97.000	  37.072	  81.000	  44.395	  62.000	  58.000	Com1	R	4	51	2	738
2940	6	1	59.000	  62.000	  56.000	  57.821	  62.000	  52.468	Fill3	R	4	50	1	2210
2940	6	2	72.000	  49.139	  69.000	  44.899	  75.000	  41.760	Fill2	R	5	49	2	594
2940	6	3	53.239	  71.000	  51.239	  64.130	  54.239	  61.800	Fill4	R	2	50	3	773
2940	6	4	82.000	  44.561	  63.000	  58.000	  41.056	  89.000	Com2	R	4	49	3	608
2940	6	5	78.000	  45.359	  61.000	  58.000	  39.753	  89.000	Com2	R	2	50	3	866
2940	6	6	79.000	  45.519	  62.000	  58.000	  41.333	  87.000	Com2	R	5	49	2	778
2940	6	7	97.000	  37.072	  81.000	  44.395	  62.000	  58.000	Com1	R	6	49	3	549
2940	6	8	58.000	  61.000	  55.000	  56.291	  59.000	  52.542	Fill3	R	3	49	2	1194
2940	6	9	82.000	  46.049	  64.000	  59.000	  42.909	  88.000	Com2	R	3	51	3	820
2940	6	10	79.000	  46.304	  62.000	  59.000	  41.101	  89.000	Com2	R	3	50	1	639
2940	6	11	98.000	  37.286	  80.000	  45.675	  63.000	  58.000	Com1	R	6	50	2	655
2940	6	12	42.000	  90.000	  39.000	  84.077	  43.000	  75.558	Fill5	R	3	50	1	655
2940	6	13	78.000	  45.359	  61.000	  58.000	  40.205	  88.000	Com2	R	1	50	2	831
2940	6	14	58.000	  63.000	  57.000	  56.649	  61.000	  51.852	Fill3	R	4	50	1	602
2940	6	15	98.000	  38.531	  82.000	  46.049	  64.000	  59.000	Com1	R	5	50	3	604
2940	6	16	40.000	  90.000	  38.000	  81.132	  41.000	  74.902	Fill5	R	3	50	1	768
2940	6	17	38.872	  94.000	  36.872	  84.643	  40.872	  76.262	Fill5	R	2	50	3	1402
2940	6	18	94.000	  37.638	  78.000	  45.359	  61.000	  58.000	Com1	R	4	51	2	829
2940	6	19	48.720	  75.000	  47.720	  66.241	  50.720	  63.131	Fill4	R	4	50	1	568
2940	6	20	61.000	  59.000	  59.000	  53.017	  62.000	  51.194	Fill3	R	5	51	1	618
2940	6	21	78.000	  45.359	  61.000	  58.000	  40.205	  88.000	Com2	R	3	49	2	1485
2940	6	22	49.432	  74.000	  46.432	  69.650	  50.432	  64.026	Fill4	R	5	50	3	988
2940	6	23	94.000	  37.638	  78.000	  45.359	  61.000	  58.000	Com1	R	5	49	2	1599
2940	6	24	96.000	  37.458	  81.000	  44.395	  62.000	  58.000	Com1	R	5	50	3	617
2940	6	25	98.000	  35.357	  81.000	  42.778	  63.000	  55.000	Com1	R	2	50	3	588
2940	6	26	49.432	  74.000	  48.432	  65.307	  51.432	  61.576	Fill4	R	5	51	1	607
2940	6	27	80.000	  44.950	  62.000	  58.000	  41.333	  87.000	Com2	R	4	49	3	2353
2940	6	28	78.000	  48.462	  77.000	  43.260	  79.000	  41.646	Fill2	R	2	49	1	735
2940	6	29	96.000	  37.458	  79.000	  45.519	  62.000	  58.000	Com1	R	3	51	3	700
2940	6	30	39.989	  90.000	  38.989	  78.997	  41.989	  72.757	Fill5	R	3	50	1	729
2940	6	31	80.000	  45.675	  63.000	  58.000	  41.523	  88.000	Com2	R	5	49	2	919
2940	6	32	81.000	  44.395	  62.000	  58.000	  41.333	  87.000	Com2	R	3	49	2	540
2940	6	33	74.000	  49.378	  72.000	  44.236	  76.000	  42.474	Fill2	R	2	49	1	529
2940	6	34	63.000	  60.000	  60.000	  56.267	  66.000	  51.167	Fill3	R	5	51	1	775
2940	6	35	39.761	  92.000	  38.761	  81.061	  40.761	  76.421	Fill5	R	4	50	1	657
2940	6	36	82.000	  45.329	  63.000	  59.000	  41.300	  90.000	Com2	R	6	49	3	860
2940	6	37	81.000	  42.778	  63.000	  55.000	  40.765	  85.000	Com2	R	3	50	1	1657
2940	6	38	96.000	  36.854	  78.000	  45.359	  61.000	  58.000	Com1	R	2	50	3	609
2940	6	39	81.000	  43.630	  62.000	  57.000	  40.621	  87.000	Com2	R	1	50	2	612
2940	6	40	91.000	  40.154	  90.000	  35.444	  94.000	  34.011	Fill1	R	1	50	2	775
2940	6	41	97.000	  37.072	  79.000	  45.519	  62.000	  58.000	Com1	R	1	49	1	561
2940	6	42	91.000	  40.198	  89.000	  36.506	  93.000	  34.839	Fill1	R	2	49	1	615
2940	6	43	91.000	  40.198	  88.000	  36.534	  92.000	  35.130	Fill1	R	3	49	2	553
2940	6	44	50.690	  71.000	  47.690	  66.974	  52.690	  59.537	Fill4	R	3	50	1	735
2940	6	45	51.429	  70.000	  48.429	  64.982	  52.429	  59.624	Fill4	R	3	50	1	764
2940	6	46	74.000	  49.432	  71.000	  45.451	  77.000	  41.636	Fill2	R	2	49	1	873
2940	6	47	38.879	  91.000	  37.879	  80.123	  39.879	  74.926	Fill5	R	2	49	1	1264
2940	6	48	96.000	  38.104	  79.000	  46.304	  62.000	  59.000	Com1	R	5	50	3	1128
2940	6	49	94.000	  40.213	  93.000	  36.290	  96.000	  34.271	Fill1	R	3	50	1	1270
2940	6	50	75.000	  47.987	  72.000	  43.903	  78.000	  40.705	Fill2	R	1	49	1	830
2940	6	51	96.000	  37.458	  80.000	  44.950	  62.000	  58.000	Com1	R	4	51	2	1177
2940	6	52	81.000	  44.395	  62.000	  58.000	  40.404	  89.000	Com2	R	2	50	3	1123
2940	6	53	60.000	  60.000	  59.000	  52.559	  63.000	  50.397	Fill3	R	4	50	1	1136
2940	6	54	74.000	  49.432	  73.000	  43.753	  76.000	  42.276	Fill2	R	3	50	1	735
2940	6	55	79.000	  45.519	  62.000	  58.000	  40.404	  89.000	Com2	R	2	51	2	892
2940	6	56	40.198	  91.000	  38.198	  82.178	  41.198	  76.290	Fill5	R	1	49	1	692
2940	6	57	81.000	  45.111	  63.000	  58.000	  41.056	  89.000	Com2	R	3	49	2	724
2940	6	58	90.000	  39.311	  87.000	  35.356	  93.000	  33.183	Fill1	R	4	50	1	737
2940	6	59	98.000	  37.286	  81.000	  45.111	  63.000	  58.000	Com1	R	5	50	3	734
2940	6	60	95.000	  39.789	  92.000	  36.685	  97.000	  34.392	Fill1	R	1	49	1	795
2940	6	61	93.000	  38.710	  91.000	  34.747	  95.000	  33.432	Fill1	R	5	51	1	790
2940	6	62	96.000	  36.813	  81.000	  43.630	  62.000	  57.000	Com1	R	5	49	2	624
2940	6	63	96.000	  36.854	  79.000	  44.785	  61.000	  58.000	Com1	R	4	49	3	771
2940	6	64	80.000	  45.725	  62.000	  59.000	  41.101	  89.000	Com2	R	3	49	2	783
2940	6	65	95.000	  37.242	  78.000	  45.359	  61.000	  58.000	Com1	R	4	49	3	584
2940	6	66	78.000	  45.359	  61.000	  58.000	  40.205	  88.000	Com2	R	2	50	3	731
2940	6	67	93.000	  38.699	  90.000	  35.456	  95.000	  33.621	Fill1	R	3	51	3	680
2940	6	68	48.466	  73.000	  46.466	  65.984	  50.466	  62.002	Fill4	R	3	51	3	1272
2940	6	69	96.000	  38.063	  82.000	  44.561	  63.000	  58.000	Com1	R	2	50	3	976
2940	6	70	96.000	  38.719	  82.000	  45.329	  63.000	  59.000	Com1	R	4	49	3	643
2940	6	71	76.000	  47.368	  75.000	  41.533	  78.000	  40.154	Fill2	R	2	50	3	723
2940	6	72	59.000	  62.000	  58.000	  54.741	  62.000	  51.903	Fill3	R	4	50	1	735
2940	6	73	52.500	  72.000	  50.500	  65.069	  53.500	  62.729	Fill4	R	4	50	1	669
2940	6	74	82.000	  44.561	  63.000	  58.000	  41.523	  88.000	Com2	R	2	50	3	862
2940	6	75	41.538	  91.000	  39.538	  81.693	  42.538	  76.213	Fill5	R	3	49	2	646
2940	6	76	63.000	  60.000	  61.000	  54.967	  65.000	  51.262	Fill3	R	4	50	1	726
2940	6	77	78.000	  48.462	  76.000	  43.579	  80.000	  42.163	Fill2	R	5	51	1	803
2940	6	78	96.000	  38.104	  80.000	  45.725	  62.000	  59.000	Com1	R	1	51	3	718
2940	6	79	79.000	  44.785	  61.000	  58.000	  39.753	  89.000	Com2	R	2	49	1	683
2940	6	80	96.000	  38.063	  82.000	  44.561	  63.000	  58.000	Com1	R	5	49	2	651
2940	7	1	91.000	  38.242	  90.000	  33.956	  94.000	  31.851	Fill1	R	4	50	1	3425
2940	7	2	90.000	  39.989	  87.000	  35.897	  93.000	  34.172	Fill1	R	5	51	1	927
2940	7	3	54.000	  70.000	  53.000	  62.075	  55.000	  60.891	Fill4	R	4	50	1	645
2940	7	4	82.000	  45.329	  63.000	  59.000	  42.239	  88.000	Com2	R	5	50	3	646
2940	7	5	50.833	  72.000	  48.833	  65.119	  52.833	  60.473	Fill4	R	6	51	1	742
2940	7	6	78.000	  46.141	  61.000	  59.000	  39.989	  90.000	Com2	R	4	49	3	787
2940	7	7	94.000	  37.638	  79.000	  44.785	  61.000	  58.000	Com1	R	2	50	3	750
2940	7	8	60.000	  61.000	  59.000	  55.153	  61.000	  52.475	Fill3	R	4	50	1	747
2940	7	9	94.000	  38.287	  78.000	  46.141	  61.000	  59.000	Com1	R	3	51	3	807
2940	7	10	80.000	  44.950	  62.000	  58.000	  41.333	  87.000	Com2	R	1	49	1	930
2940	7	11	49.986	  72.000	  47.986	  66.144	  50.986	  61.370	Fill4	R	2	49	1	823
2940	7	12	39.989	  90.000	  37.989	  80.445	  40.989	  75.142	Fill5	R	2	49	1	658
2940	7	13	52.352	  71.000	  51.352	  63.425	  54.352	  59.556	Fill4	R	3	50	1	706
2940	7	14	41.276	  87.000	  40.276	  76.398	  42.276	  73.115	Fill5	R	2	51	2	800
2940	7	15	95.000	  39.158	  80.000	  46.500	  62.000	  60.000	Com1	R	5	49	2	746
2940	7	16	63.000	  57.000	  61.000	  51.656	  66.000	  47.879	Fill3	R	5	51	1	903
2940	7	17	59.000	  61.000	  58.000	  54.052	  61.000	  50.967	Fill3	R	4	50	1	701
2940	7	18	97.000	  36.433	  80.000	  44.175	  62.000	  57.000	Com1	R	5	51	1	778
2940	7	19	81.000	  43.630	  62.000	  57.000	  40.159	  88.000	Com2	R	2	49	1	1333
2940	7	20	53.597	  67.000	  52.597	  59.908	  54.597	  57.897	Fill4	R	1	49	1	746
2940	7	21	95.000	  37.263	  77.000	  45.974	  60.000	  59.000	Com1	R	6	50	2	807
2940	7	22	80.000	  44.987	  61.000	  59.000	  40.898	  88.000	Com2	R	4	49	3	993
2940	7	23	60.000	  58.000	  59.000	  52.017	  63.000	  48.873	Fill3	R	5	50	3	789
2940	7	24	97.000	  36.433	  80.000	  44.175	  62.000	  57.000	Com1	R	5	51	1	1087
2940	7	25	49.714	  70.000	  47.714	  64.299	  50.714	  59.431	Fill4	R	4	50	1	735
2940	7	26	74.000	  48.635	  72.000	  43.250	  76.000	  40.895	Fill2	R	6	51	1	717
2940	7	27	79.000	  43.241	  61.000	  56.000	  39.264	  87.000	Com2	R	2	50	3	730
2940	7	28	98.000	  37.286	  80.000	  45.675	  63.000	  58.000	Com1	R	4	50	1	855
2940	7	29	80.000	  45.675	  63.000	  58.000	  42.000	  87.000	Com2	R	6	50	2	847
2940	7	30	79.000	  47.848	  77.000	  42.935	  82.000	  40.756	Fill2	R	4	49	3	855
2940	7	31	90.000	  39.989	  88.000	  35.773	  92.000	  33.967	Fill1	R	5	51	1	831
2940	7	32	88.000	  37.545	  87.000	  32.379	  89.000	  31.607	Fill1	R	3	50	1	842
2940	7	33	59.000	  61.000	  57.000	  55.491	  62.000	  51.194	Fill3	R	3	50	1	802
2940	7	34	80.000	  46.500	  62.000	  60.000	  40.879	  91.000	Com2	R	5	49	2	828
2940	7	35	75.000	  48.800	  74.000	  42.757	  78.000	  41.474	Fill2	R	3	50	1	838
2940	7	36	78.000	  46.038	  77.000	  40.169	  79.000	  40.253	Fill2	R	1	50	2	878
2940	7	37	39.989	  90.000	  38.989	  78.535	  40.989	  74.581	Fill5	R	6	51	1	1334
2940	7	38	63.000	  60.000	  61.000	  54.754	  64.000	  52.578	Fill3	R	2	51	2	796
2940	7	39	96.000	  36.854	  79.000	  44.785	  61.000	  58.000	Com1	R	6	49	3	615
2940	7	40	76.000	  45.789	  74.000	  40.743	  78.000	  39.077	Fill2	R	4	50	1	713
2940	7	41	96.000	  37.406	  80.000	  44.888	  63.000	  57.000	Com1	R	5	50	3	614
2940	7	42	96.000	  37.490	  80.000	  44.987	  61.000	  59.000	Com1	R	5	50	3	505
2940	7	43	39.101	  89.000	  37.101	  79.566	  41.101	  72.188	Fill5	R	3	50	1	719
2940	7	44	63.000	  59.000	  62.000	  51.984	  64.000	  51.750	Fill3	R	3	50	1	653
2940	7	45	56.000	  59.000	  55.000	  52.073	  58.000	  49.069	Fill3	R	3	50	1	573
2940	7	46	79.000	  47.051	  76.000	  43.197	  81.000	  40.654	Fill2	R	3	50	1	575
2940	7	47	97.000	  37.072	  80.000	  44.950	  62.000	  58.000	Com1	R	3	50	1	626
2940	7	48	80.000	  44.175	  62.000	  57.000	  40.159	  88.000	Com2	R	3	50	1	692
2940	7	49	97.000	  38.320	  82.000	  45.329	  63.000	  59.000	Com1	R	5	50	3	884
2940	7	50	95.000	  37.200	  81.000	  43.630	  62.000	  57.000	Com1	R	2	51	2	2092
2940	7	51	80.000	  44.175	  62.000	  57.000	  40.621	  87.000	Com2	R	5	50	3	1508
2940	7	52	96.000	  37.458	  81.000	  44.395	  62.000	  58.000	Com1	R	5	51	1	1745
2940	7	53	95.000	  37.853	  81.000	  44.395	  62.000	  58.000	Com1	R	5	50	3	1238
2940	7	54	77.000	  45.974	  60.000	  59.000	  40.227	  88.000	Com2	R	4	50	1	894
2940	7	55	96.000	  37.406	  95.000	  33.063	  99.000	  31.576	Fill1	R	3	50	1	1030
2940	7	56	96.000	  39.375	  95.000	  35.400	  97.000	  33.938	Fill1	R	5	50	3	1369
2940	7	57	96.000	  35.583	  79.000	  43.241	  61.000	  56.000	Com1	R	1	51	3	1004
2940	7	58	97.000	  37.021	  81.000	  44.333	  63.000	  57.000	Com1	R	4	51	2	621
2940	7	59	95.000	  39.126	  94.000	  34.543	  96.000	  34.000	Fill1	R	4	49	3	656
2940	7	60	79.000	  44.785	  61.000	  58.000	  39.753	  89.000	Com2	R	3	49	2	960
2940	7	61	96.000	  38.063	  82.000	  44.561	  63.000	  58.000	Com1	R	3	49	2	550
2940	7	62	37.124	  89.000	  36.124	  77.595	  38.124	  72.501	Fill5	R	6	51	1	1036
2940	7	63	47.884	  69.000	  44.884	  63.541	  49.884	  57.233	Fill4	R	1	49	1	893
2940	7	64	72.000	  45.889	  69.000	  40.928	  74.000	  39.068	Fill2	R	1	50	2	644
2940	7	65	49.986	  72.000	  46.986	  66.786	  50.986	  61.056	Fill4	R	2	49	1	2452
2940	7	66	96.000	  36.219	  80.000	  43.462	  61.000	  57.000	Com1	R	4	49	3	508
2940	7	67	75.000	  47.987	  74.000	  42.122	  78.000	  40.859	Fill2	R	4	49	3	433
2940	7	68	80.000	  43.462	  61.000	  57.000	  40.430	  86.000	Com2	R	1	50	2	345
2940	7	69	40.667	  90.000	  39.667	  78.908	  42.667	  73.453	Fill5	R	3	50	1	566
2940	7	70	81.000	  44.395	  62.000	  58.000	  41.333	  87.000	Com2	R	4	51	2	649
2940	7	71	81.000	  44.333	  63.000	  57.000	  41.276	  87.000	Com2	R	6	50	2	616
2940	7	72	81.000	  44.395	  62.000	  58.000	  40.404	  89.000	Com2	R	3	49	2	2139
2940	7	73	82.000	  44.561	  63.000	  58.000	  41.056	  89.000	Com2	R	3	49	2	528
2940	7	74	42.239	  88.000	  41.239	  77.937	  43.239	  73.476	Fill5	R	2	49	1	549
2940	7	75	80.000	  44.888	  63.000	  57.000	  41.276	  87.000	Com2	R	4	51	2	779
2940	7	76	79.000	  44.785	  61.000	  58.000	  40.205	  88.000	Com2	R	2	51	2	709
2940	7	77	96.000	  38.719	  82.000	  45.329	  63.000	  59.000	Com1	R	5	50	3	707
2940	7	78	93.000	  39.355	  91.000	  35.022	  94.000	  33.681	Fill1	R	3	50	1	621
2940	7	79	41.538	  91.000	  38.538	  84.928	  42.538	  77.013	Fill5	R	3	50	1	643
2940	7	80	82.000	  45.329	  63.000	  59.000	  41.300	  90.000	Com2	R	2	49	1	708
2940	8	1	60.000	  58.000	  57.000	  52.965	  61.000	  50.393	Fill3	R	4	50	1	5201
2940	8	2	81.000	  44.395	  62.000	  58.000	  40.864	  88.000	Com2	R	3	50	1	1083
2940	8	3	76.000	  45.789	  73.000	  41.205	  79.000	  37.772	Fill2	R	1	49	1	571
2940	8	4	80.000	  44.987	  61.000	  59.000	  40.898	  88.000	Com2	R	5	49	2	637
2940	8	5	91.000	  38.242	  89.000	  34.393	  93.000	  32.828	Fill1	R	5	51	1	669
2940	8	6	76.000	  45.789	  74.000	  40.608	  77.000	  39.610	Fill2	R	6	51	1	621
2940	8	7	97.000	  37.021	  82.000	  43.793	  63.000	  57.000	Com1	R	2	50	3	864
2940	8	8	72.000	  47.444	  71.000	  41.620	  74.000	  40.581	Fill2	R	2	49	1	584
2940	8	9	47.444	  72.000	  46.444	  63.043	  49.444	  59.258	Fill4	R	2	49	1	618
2940	8	10	60.000	  58.000	  58.000	  51.828	  63.000	  47.349	Fill3	R	2	49	1	684
2940	8	11	93.000	  38.699	  92.000	  34.228	  96.000	  33.188	Fill1	R	5	51	1	669
2940	8	12	39.989	  90.000	  38.989	  78.946	  40.989	  74.874	Fill5	R	3	50	1	621
2940	8	13	80.000	  44.225	  61.000	  58.000	  39.753	  89.000	Com2	R	4	51	2	736
2940	8	14	74.000	  49.459	  71.000	  44.803	  76.000	  42.526	Fill2	R	4	50	1	590
2940	8	15	51.549	  71.000	  50.549	  63.819	  52.549	  61.713	Fill4	R	3	50	1	608
2940	8	16	77.000	  49.117	  75.000	  45.013	  80.000	  42.275	Fill2	R	4	50	1	547
2940	8	17	81.000	  45.111	  63.000	  58.000	  41.056	  89.000	Com2	R	5	49	2	840
2940	8	18	79.000	  45.557	  61.000	  59.000	  40.438	  89.000	Com2	R	3	51	3	672
2940	8	19	96.000	  36.219	  78.000	  44.577	  61.000	  57.000	Com1	R	5	50	3	720
2940	8	20	80.000	  44.950	  62.000	  58.000	  40.404	  89.000	Com2	R	5	49	2	685
2940	8	21	39.101	  89.000	  36.101	  82.103	  41.101	  71.774	Fill5	R	4	50	1	605
2940	8	22	95.000	  37.200	  80.000	  44.175	  62.000	  57.000	Com1	R	2	51	2	944
2940	8	23	49.714	  70.000	  46.714	  65.890	  51.714	  57.818	Fill4	R	5	51	1	804
2940	8	24	60.000	  61.000	  59.000	  54.542	  62.000	  52.548	Fill3	R	5	51	1	639
2940	8	25	56.000	  61.000	  53.000	  55.340	  57.000	  51.439	Fill3	R	2	49	1	607
2940	8	26	78.000	  46.141	  61.000	  59.000	  40.438	  89.000	Com2	R	1	49	1	754
2940	8	27	94.000	  40.234	  91.000	  36.132	  97.000	  34.134	Fill1	R	2	49	1	543
2940	8	28	79.000	  44.051	  60.000	  58.000	  39.545	  88.000	Com2	R	3	51	3	980
2940	8	29	97.000	  36.433	  81.000	  43.630	  62.000	  57.000	Com1	R	2	51	2	1143
2940	8	30	78.000	  44.577	  61.000	  57.000	  39.966	  87.000	Com2	R	2	51	2	820
2940	8	31	50.690	  71.000	  49.690	  62.809	  51.690	  61.346	Fill4	R	2	49	1	767
2940	8	32	39.545	  88.000	  37.545	  79.104	  40.545	  73.473	Fill5	R	4	49	3	827
2940	8	33	81.000	  44.395	  62.000	  58.000	  40.404	  89.000	Com2	R	2	50	3	805
2940	8	34	91.000	  38.242	  89.000	  34.213	  94.000	  32.138	Fill1	R	4	50	1	736
2940	8	35	97.000	  37.072	  81.000	  44.395	  62.000	  58.000	Com1	R	2	49	1	1037
2940	8	36	92.000	  37.826	  90.000	  33.133	  94.000	  31.862	Fill1	R	1	50	2	748
2940	8	37	93.000	  39.355	  91.000	  34.769	  95.000	  33.642	Fill1	R	4	50	1	618
2940	8	38	94.000	  37.021	  79.000	  44.051	  60.000	  58.000	Com1	R	3	51	3	684
2940	8	39	81.000	  43.630	  62.000	  57.000	  41.093	  86.000	Com2	R	5	49	2	764
2940	8	40	96.000	  36.854	  80.000	  44.225	  61.000	  58.000	Com1	R	4	49	3	650
2940	8	41	49.714	  70.000	  47.714	  63.189	  51.714	  58.630	Fill4	R	2	51	2	666
2940	8	42	82.000	  45.329	  63.000	  59.000	  42.239	  88.000	Com2	R	3	49	2	762
2940	8	43	79.000	  46.304	  62.000	  59.000	  41.568	  88.000	Com2	R	6	50	2	743
2940	8	44	96.000	  37.490	  79.000	  45.557	  61.000	  59.000	Com1	R	4	49	3	1124
2940	8	45	93.000	  38.065	  76.000	  46.579	  59.000	  60.000	Com1	R	4	50	1	738
2940	8	46	97.000	  38.320	  81.000	  45.889	  63.000	  59.000	Com1	R	1	51	3	959
2940	8	47	96.000	  38.063	  81.000	  45.111	  63.000	  58.000	Com1	R	6	49	3	2772
2940	8	48	51.176	  68.000	  48.176	  62.188	  53.176	  57.826	Fill4	R	1	49	1	1502
2940	8	49	60.000	  58.000	  58.000	  51.569	  61.000	  49.148	Fill3	R	3	50	1	731
2940	8	50	76.000	  47.355	  73.000	  43.466	  78.000	  40.949	Fill2	R	3	50	1	970
2940	8	51	81.000	  44.395	  62.000	  58.000	  40.864	  88.000	Com2	R	4	50	1	700
2940	8	52	94.000	  38.287	  78.000	  46.141	  61.000	  59.000	Com1	R	2	50	3	682
2940	8	53	40.000	  87.000	  38.000	  78.237	  41.000	  72.024	Fill5	R	1	49	1	682
2940	8	54	96.000	  37.458	  81.000	  44.395	  62.000	  58.000	Com1	R	2	50	3	762
2940	8	55	96.000	  37.458	  81.000	  44.395	  62.000	  58.000	Com1	R	5	51	1	2119
2940	8	56	80.000	  44.950	  62.000	  58.000	  40.864	  88.000	Com2	R	3	50	1	780
2940	8	57	80.000	  44.175	  62.000	  57.000	  40.159	  88.000	Com2	R	3	50	1	679
2940	8	58	52.528	  72.000	  51.528	  65.518	  53.528	  63.070	Fill4	R	2	49	1	663
2940	8	59	75.000	  46.400	  72.000	  41.625	  78.000	  38.821	Fill2	R	2	50	3	999
2940	8	60	40.000	  87.000	  37.000	  80.297	  41.000	  71.659	Fill5	R	5	51	1	713
2940	8	61	95.000	  37.853	  80.000	  44.950	  62.000	  58.000	Com1	R	5	49	2	662
2940	8	62	95.000	  38.505	  79.000	  46.304	  62.000	  59.000	Com1	R	6	51	1	678
2940	8	63	60.000	  58.000	  57.000	  52.895	  63.000	  48.762	Fill3	R	3	50	1	678
2940	8	64	95.000	  37.884	  80.000	  44.987	  61.000	  59.000	Com1	R	3	50	1	726
2940	8	65	37.956	  90.000	  35.956	  81.017	  38.956	  73.776	Fill5	R	2	49	1	932
2940	8	66	49.714	  70.000	  47.714	  62.937	  50.714	  59.392	Fill4	R	5	51	1	729
2940	8	67	41.560	  91.000	  38.560	  84.543	  42.560	  76.691	Fill5	R	3	49	2	806
2940	8	68	95.000	  37.242	  78.000	  45.359	  61.000	  58.000	Com1	R	5	50	3	657
2940	8	69	61.000	  62.000	  59.000	  56.458	  63.000	  53.333	Fill3	R	1	51	3	1010
2940	8	70	97.000	  37.072	  80.000	  44.950	  62.000	  58.000	Com1	R	3	51	3	932
2940	8	71	82.000	  43.793	  63.000	  57.000	  41.276	  87.000	Com2	R	3	50	1	874
2940	8	72	39.783	  92.000	  37.783	  83.372	  40.783	  76.945	Fill5	R	5	50	3	978
2940	8	73	88.000	  38.818	  87.000	  33.644	  89.000	  33.393	Fill1	R	3	49	2	611
2940	8	74	78.000	  45.359	  61.000	  58.000	  40.205	  88.000	Com2	R	4	49	3	598
2940	8	75	76.000	  46.579	  59.000	  60.000	  39.775	  89.000	Com2	R	3	49	2	649
2940	8	76	93.000	  37.419	  92.000	  33.424	  95.000	  31.737	Fill1	R	2	50	3	2281
2940	8	77	81.000	  45.889	  63.000	  59.000	  41.300	  90.000	Com2	R	6	50	2	633
2940	8	78	75.000	  46.400	  74.000	  41.041	  76.000	  39.539	Fill2	R	3	50	1	521
2940	8	79	61.000	  59.000	  59.000	  53.000	  63.000	  50.143	Fill3	R	5	51	1	766
2940	8	80	96.000	  38.719	  82.000	  45.329	  63.000	  59.000	Com1	R	3	51	3	667
2940	9	1	81.000	  45.111	  63.000	  58.000	  41.056	  89.000	Com2	R	5	49	2	2520
2940	9	2	81.000	  42.778	  63.000	  55.000	  40.765	  85.000	Com2	R	4	51	2	894
2940	9	3	59.000	  62.000	  56.000	  57.821	  62.000	  52.468	Fill3	R	3	50	1	566
2940	9	4	91.000	  40.198	  88.000	  36.534	  92.000	  35.130	Fill1	R	6	51	1	587
2940	9	5	97.000	  37.072	  79.000	  45.519	  62.000	  58.000	Com1	R	4	51	2	750
2940	9	6	81.000	  44.395	  62.000	  58.000	  40.404	  89.000	Com2	R	3	50	1	667
2940	9	7	95.000	  39.789	  92.000	  36.685	  97.000	  34.392	Fill1	R	1	49	1	619
2940	9	8	93.000	  38.699	  90.000	  35.456	  95.000	  33.621	Fill1	R	5	51	1	638
2940	9	9	96.000	  36.854	  79.000	  44.785	  61.000	  58.000	Com1	R	1	49	1	1294
2940	9	10	96.000	  36.813	  81.000	  43.630	  62.000	  57.000	Com1	R	5	50	3	918
2940	9	11	59.000	  62.000	  58.000	  54.741	  62.000	  51.903	Fill3	R	4	50	1	715
2940	9	12	94.000	  37.638	  78.000	  45.359	  61.000	  58.000	Com1	R	2	49	1	632
2940	9	13	96.000	  38.719	  82.000	  45.329	  63.000	  59.000	Com1	R	3	50	1	778
2940	9	14	94.000	  40.213	  93.000	  36.290	  96.000	  34.271	Fill1	R	3	50	1	693
2940	9	15	95.000	  37.242	  78.000	  45.359	  61.000	  58.000	Com1	R	5	50	3	597
2940	9	16	79.000	  46.304	  62.000	  59.000	  41.101	  89.000	Com2	R	4	51	2	616
2940	9	17	80.000	  45.725	  62.000	  59.000	  41.101	  89.000	Com2	R	6	50	2	586
2940	9	18	53.239	  71.000	  51.239	  64.130	  54.239	  61.800	Fill4	R	6	50	2	638
2940	9	19	96.000	  37.458	  79.000	  45.519	  62.000	  58.000	Com1	R	3	51	3	653
2940	9	20	93.000	  38.710	  91.000	  34.747	  95.000	  33.432	Fill1	R	3	50	1	685
2940	9	21	61.000	  59.000	  59.000	  53.017	  62.000	  51.194	Fill3	R	3	50	1	653
2940	9	22	74.000	  49.378	  72.000	  44.236	  76.000	  42.474	Fill2	R	3	50	1	558
2940	9	23	52.500	  72.000	  50.500	  65.069	  53.500	  62.729	Fill4	R	6	51	1	835
2940	9	24	79.000	  44.785	  61.000	  58.000	  39.753	  89.000	Com2	R	1	49	1	667
2940	9	25	58.000	  63.000	  57.000	  56.649	  61.000	  51.852	Fill3	R	4	50	1	667
2940	9	26	80.000	  45.675	  63.000	  58.000	  41.523	  88.000	Com2	R	2	49	1	587
2940	9	27	96.000	  38.063	  82.000	  44.561	  63.000	  58.000	Com1	R	5	49	2	669
2940	9	28	48.466	  73.000	  46.466	  65.984	  50.466	  62.002	Fill4	R	5	50	3	797
2940	9	29	82.000	  44.561	  63.000	  58.000	  41.056	  89.000	Com2	R	2	50	3	760
2940	9	30	91.000	  40.198	  89.000	  36.506	  93.000	  34.839	Fill1	R	5	51	1	693
2940	9	31	72.000	  49.139	  69.000	  44.899	  75.000	  41.760	Fill2	R	2	49	1	773
2940	9	32	50.690	  71.000	  47.690	  66.974	  52.690	  59.537	Fill4	R	1	49	1	688
2940	9	33	78.000	  45.359	  61.000	  58.000	  40.205	  88.000	Com2	R	3	51	3	912
2940	9	34	96.000	  37.458	  81.000	  44.395	  62.000	  58.000	Com1	R	3	49	2	869
2940	9	35	98.000	  38.531	  82.000	  46.049	  64.000	  59.000	Com1	R	3	51	3	701
2940	9	36	82.000	  45.329	  63.000	  59.000	  41.300	  90.000	Com2	R	4	51	2	1002
2940	9	37	96.000	  38.104	  80.000	  45.725	  62.000	  59.000	Com1	R	2	50	3	813
2940	9	38	98.000	  37.286	  80.000	  45.675	  63.000	  58.000	Com1	R	1	51	3	648
2940	9	39	40.000	  90.000	  38.000	  81.132	  41.000	  74.902	Fill5	R	4	50	1	664
2940	9	40	78.000	  45.359	  61.000	  58.000	  40.205	  88.000	Com2	R	3	50	1	824
2940	9	41	96.000	  36.854	  78.000	  45.359	  61.000	  58.000	Com1	R	4	50	1	1553
2940	9	42	41.538	  91.000	  39.538	  81.693	  42.538	  76.213	Fill5	R	3	50	1	528
2940	9	43	79.000	  45.519	  62.000	  58.000	  41.333	  87.000	Com2	R	5	49	2	949
2940	9	44	74.000	  49.432	  73.000	  43.753	  76.000	  42.276	Fill2	R	2	49	1	618
2940	9	45	79.000	  45.519	  62.000	  58.000	  40.404	  89.000	Com2	R	5	49	2	685
2940	9	46	82.000	  44.561	  63.000	  58.000	  41.523	  88.000	Com2	R	4	51	2	701
2940	9	47	81.000	  43.630	  62.000	  57.000	  40.621	  87.000	Com2	R	3	49	2	634
2940	9	48	49.432	  74.000	  48.432	  65.307	  51.432	  61.576	Fill4	R	5	51	1	613
2940	9	49	81.000	  44.395	  62.000	  58.000	  41.333	  87.000	Com2	R	5	49	2	637
2940	9	50	75.000	  47.987	  72.000	  43.903	  78.000	  40.705	Fill2	R	2	50	3	733
2940	9	51	38.879	  91.000	  37.879	  80.123	  39.879	  74.926	Fill5	R	1	49	1	618
2940	9	52	82.000	  46.049	  64.000	  59.000	  42.909	  88.000	Com2	R	5	50	3	621
2940	9	53	60.000	  60.000	  59.000	  52.559	  63.000	  50.397	Fill3	R	2	49	1	784
2940	9	54	49.432	  74.000	  46.432	  69.650	  50.432	  64.026	Fill4	R	1	49	1	698
2940	9	55	76.000	  47.368	  75.000	  41.533	  78.000	  40.154	Fill2	R	3	50	1	777
2940	9	56	94.000	  37.638	  78.000	  45.359	  61.000	  58.000	Com1	R	4	49	3	596
2940	9	57	78.000	  45.359	  61.000	  58.000	  40.205	  88.000	Com2	R	5	50	3	727
2940	9	58	42.000	  90.000	  39.000	  84.077	  43.000	  75.558	Fill5	R	6	49	3	660
2940	9	59	40.198	  91.000	  38.198	  82.178	  41.198	  76.290	Fill5	R	2	49	1	740
2940	9	60	78.000	  45.359	  61.000	  58.000	  39.753	  89.000	Com2	R	2	50	3	1057
2940	9	61	51.429	  70.000	  48.429	  64.982	  52.429	  59.624	Fill4	R	1	49	1	577
2940	9	62	80.000	  44.950	  62.000	  58.000	  41.333	  87.000	Com2	R	2	49	1	660
2940	9	63	96.000	  37.458	  80.000	  44.950	  62.000	  58.000	Com1	R	2	49	1	1300
2940	9	64	90.000	  39.311	  87.000	  35.356	  93.000	  33.183	Fill1	R	3	50	1	953
2940	9	65	74.000	  49.432	  71.000	  45.451	  77.000	  41.636	Fill2	R	4	50	1	576
2940	9	66	96.000	  38.104	  79.000	  46.304	  62.000	  59.000	Com1	R	3	51	3	658
2940	9	67	98.000	  37.286	  81.000	  45.111	  63.000	  58.000	Com1	R	4	49	3	642
2940	9	68	97.000	  37.072	  81.000	  44.395	  62.000	  58.000	Com1	R	4	49	3	673
2940	9	69	96.000	  38.063	  82.000	  44.561	  63.000	  58.000	Com1	R	1	51	3	657
2940	9	70	63.000	  60.000	  60.000	  56.267	  66.000	  51.167	Fill3	R	4	50	1	721
2940	9	71	63.000	  60.000	  61.000	  54.967	  65.000	  51.262	Fill3	R	2	50	3	703
2940	9	72	38.872	  94.000	  36.872	  84.643	  40.872	  76.262	Fill5	R	3	50	1	684
2940	9	73	78.000	  48.462	  76.000	  43.579	  80.000	  42.163	Fill2	R	3	50	1	589
2940	9	74	78.000	  48.462	  77.000	  43.260	  79.000	  41.646	Fill2	R	3	50	1	623
2940	9	75	39.761	  92.000	  38.761	  81.061	  40.761	  76.421	Fill5	R	3	51	3	1409
2940	9	76	39.989	  90.000	  38.989	  78.997	  41.989	  72.757	Fill5	R	3	50	1	1732
2940	9	77	91.000	  40.154	  90.000	  35.444	  94.000	  34.011	Fill1	R	5	49	2	569
2940	9	78	48.720	  75.000	  47.720	  66.241	  50.720	  63.131	Fill4	R	3	50	1	748
2940	9	79	58.000	  61.000	  55.000	  56.291	  59.000	  52.542	Fill3	R	4	50	1	537
2940	9	80	98.000	  35.357	  81.000	  42.778	  63.000	  55.000	Com1	R	4	51	2	591
