username: 5036, Experiment time (minutes): 77
Operating system: Windows 7
Manufacturer: Adobe Windows
Player type: PlugIn
Version: WIN 10,3,183,10

username	blkNum	trlNum	Rect1Height	Rect1Width	Rect2Height	Rect2Width	Rect3Height	Rect3Width	Effect	StimType	StimPosition	rawResp	response	RT
5036	0	1	73.000	  50.110	  59.000	  62.000	  50.110	  73.000	Com2	R	1	50	2	2813
5036	0	2	59.000	  59.000	  58.000	  52.224	  60.000	  49.917	Fill3	R	2	49	1	2994
5036	0	3	92.000	  41.109	  76.000	  49.763	  61.000	  62.000	Com1	R	5	49	2	2358
5036	1	1	40.667	  90.000	  39.667	  78.908	  42.667	  73.453	Fill5	R	5	50	3	2200
5036	1	2	79.000	  47.848	  77.000	  42.935	  82.000	  40.756	Fill2	R	4	50	1	1623
5036	1	3	39.101	  89.000	  37.101	  79.566	  41.101	  72.188	Fill5	R	3	51	3	2001
5036	1	4	47.884	  69.000	  44.884	  63.541	  49.884	  57.233	Fill4	R	2	49	1	2411
5036	1	5	80.000	  44.987	  61.000	  59.000	  40.898	  88.000	Com2	R	1	50	2	1478
5036	1	6	94.000	  37.638	  79.000	  44.785	  61.000	  58.000	Com1	R	4	51	2	1622
5036	1	7	81.000	  44.395	  62.000	  58.000	  41.333	  87.000	Com2	R	4	51	2	1664
5036	1	8	80.000	  44.950	  62.000	  58.000	  41.333	  87.000	Com2	R	2	51	2	2120
5036	1	9	80.000	  45.675	  63.000	  58.000	  42.000	  87.000	Com2	R	2	51	2	1150
5036	1	10	96.000	  36.854	  79.000	  44.785	  61.000	  58.000	Com1	R	2	51	2	1755
5036	1	11	75.000	  48.800	  74.000	  42.757	  78.000	  41.474	Fill2	R	2	49	1	1343
5036	1	12	97.000	  36.433	  80.000	  44.175	  62.000	  57.000	Com1	R	6	49	3	2581
5036	1	13	54.000	  70.000	  53.000	  62.075	  55.000	  60.891	Fill4	R	3	51	3	1912
5036	1	14	39.989	  90.000	  38.989	  78.535	  40.989	  74.581	Fill5	R	4	50	1	2054
5036	1	15	82.000	  44.561	  63.000	  58.000	  41.056	  89.000	Com2	R	4	51	2	1934
5036	1	16	97.000	  37.021	  81.000	  44.333	  63.000	  57.000	Com1	R	2	50	3	1579
5036	1	17	42.239	  88.000	  41.239	  77.937	  43.239	  73.476	Fill5	R	6	49	3	4806
5036	1	18	98.000	  37.286	  80.000	  45.675	  63.000	  58.000	Com1	R	2	51	2	3151
5036	1	19	63.000	  57.000	  61.000	  51.656	  66.000	  47.879	Fill3	R	5	51	1	1021
5036	1	20	77.000	  45.974	  60.000	  59.000	  40.227	  88.000	Com2	R	3	49	2	1263
5036	1	21	94.000	  38.287	  78.000	  46.141	  61.000	  59.000	Com1	R	2	50	3	1480
5036	1	22	80.000	  44.175	  62.000	  57.000	  40.621	  87.000	Com2	R	4	51	2	936
5036	1	23	60.000	  58.000	  59.000	  52.017	  63.000	  48.873	Fill3	R	3	50	1	1230
5036	1	24	56.000	  59.000	  55.000	  52.073	  58.000	  49.069	Fill3	R	3	50	1	1304
5036	1	25	90.000	  39.989	  87.000	  35.897	  93.000	  34.172	Fill1	R	5	51	1	1486
5036	1	26	37.124	  89.000	  36.124	  77.595	  38.124	  72.501	Fill5	R	3	50	1	1102
5036	1	27	81.000	  44.333	  63.000	  57.000	  41.276	  87.000	Com2	R	4	51	2	1514
5036	1	28	95.000	  37.853	  81.000	  44.395	  62.000	  58.000	Com1	R	6	50	2	2007
5036	1	29	72.000	  45.889	  69.000	  40.928	  74.000	  39.068	Fill2	R	5	51	1	818
5036	1	30	88.000	  37.545	  87.000	  32.379	  89.000	  31.607	Fill1	R	3	51	3	2765
5036	1	31	76.000	  45.789	  74.000	  40.743	  78.000	  39.077	Fill2	R	5	51	1	1626
5036	1	32	39.989	  90.000	  37.989	  80.445	  40.989	  75.142	Fill5	R	4	51	2	1125
5036	1	33	82.000	  45.329	  63.000	  59.000	  41.300	  90.000	Com2	R	1	50	2	2227
5036	1	34	80.000	  46.500	  62.000	  60.000	  40.879	  91.000	Com2	R	5	49	2	1270
5036	1	35	95.000	  37.263	  77.000	  45.974	  60.000	  59.000	Com1	R	2	50	3	733
5036	1	36	96.000	  36.219	  80.000	  43.462	  61.000	  57.000	Com1	R	5	50	3	906
5036	1	37	80.000	  44.175	  62.000	  57.000	  40.159	  88.000	Com2	R	4	49	3	1135
5036	1	38	49.986	  72.000	  46.986	  66.786	  50.986	  61.056	Fill4	R	4	50	1	1325
5036	1	39	63.000	  60.000	  61.000	  54.754	  64.000	  52.578	Fill3	R	2	49	1	850
5036	1	40	59.000	  61.000	  57.000	  55.491	  62.000	  51.194	Fill3	R	2	51	2	1482
5036	1	41	79.000	  47.051	  76.000	  43.197	  81.000	  40.654	Fill2	R	6	50	2	682
5036	1	42	49.714	  70.000	  47.714	  64.299	  50.714	  59.431	Fill4	R	4	50	1	874
5036	1	43	96.000	  35.583	  79.000	  43.241	  61.000	  56.000	Com1	R	1	51	3	930
5036	1	44	96.000	  38.063	  82.000	  44.561	  63.000	  58.000	Com1	R	3	49	2	1111
5036	1	45	97.000	  37.072	  80.000	  44.950	  62.000	  58.000	Com1	R	2	50	3	1285
5036	1	46	93.000	  39.355	  91.000	  35.022	  94.000	  33.681	Fill1	R	5	51	1	1116
5036	1	47	96.000	  37.490	  80.000	  44.987	  61.000	  59.000	Com1	R	1	51	3	1130
5036	1	48	95.000	  39.126	  94.000	  34.543	  96.000	  34.000	Fill1	R	2	49	1	1111
5036	1	49	52.352	  71.000	  51.352	  63.425	  54.352	  59.556	Fill4	R	2	49	1	1477
5036	1	50	81.000	  43.630	  62.000	  57.000	  40.159	  88.000	Com2	R	5	49	2	1669
5036	1	51	49.986	  72.000	  47.986	  66.144	  50.986	  61.370	Fill4	R	6	51	1	3085
5036	1	52	96.000	  37.406	  95.000	  33.063	  99.000	  31.576	Fill1	R	4	49	3	1933
5036	1	53	97.000	  36.433	  80.000	  44.175	  62.000	  57.000	Com1	R	5	49	2	1434
5036	1	54	97.000	  38.320	  82.000	  45.329	  63.000	  59.000	Com1	R	4	49	3	1081
5036	1	55	79.000	  44.785	  61.000	  58.000	  39.753	  89.000	Com2	R	2	51	2	1897
5036	1	56	50.833	  72.000	  48.833	  65.119	  52.833	  60.473	Fill4	R	5	51	1	889
5036	1	57	41.276	  87.000	  40.276	  76.398	  42.276	  73.115	Fill5	R	2	49	1	1969
5036	1	58	74.000	  48.635	  72.000	  43.250	  76.000	  40.895	Fill2	R	5	51	1	1244
5036	1	59	79.000	  43.241	  61.000	  56.000	  39.264	  87.000	Com2	R	2	51	2	1589
5036	1	60	53.597	  67.000	  52.597	  59.908	  54.597	  57.897	Fill4	R	5	51	1	1023
5036	1	61	63.000	  59.000	  62.000	  51.984	  64.000	  51.750	Fill3	R	5	51	1	930
5036	1	62	79.000	  44.785	  61.000	  58.000	  40.205	  88.000	Com2	R	3	49	2	1127
5036	1	63	91.000	  38.242	  90.000	  33.956	  94.000	  31.851	Fill1	R	3	51	3	1909
5036	1	64	96.000	  37.458	  81.000	  44.395	  62.000	  58.000	Com1	R	4	50	1	721
5036	1	65	96.000	  37.406	  80.000	  44.888	  63.000	  57.000	Com1	R	4	51	2	718
5036	1	66	80.000	  43.462	  61.000	  57.000	  40.430	  86.000	Com2	R	3	49	2	2412
5036	1	67	95.000	  37.200	  81.000	  43.630	  62.000	  57.000	Com1	R	4	51	2	1318
5036	1	68	96.000	  38.719	  82.000	  45.329	  63.000	  59.000	Com1	R	2	51	2	1100
5036	1	69	82.000	  45.329	  63.000	  59.000	  42.239	  88.000	Com2	R	5	49	2	1369
5036	1	70	78.000	  46.038	  77.000	  40.169	  79.000	  40.253	Fill2	R	5	51	1	1500
5036	1	71	41.538	  91.000	  38.538	  84.928	  42.538	  77.013	Fill5	R	4	50	1	3446
5036	1	72	90.000	  39.989	  88.000	  35.773	  92.000	  33.967	Fill1	R	3	49	2	761
5036	1	73	78.000	  46.141	  61.000	  59.000	  39.989	  90.000	Com2	R	5	51	1	1270
5036	1	74	75.000	  47.987	  74.000	  42.122	  78.000	  40.859	Fill2	R	3	50	1	958
5036	1	75	81.000	  44.395	  62.000	  58.000	  40.404	  89.000	Com2	R	4	51	2	1204
5036	1	76	80.000	  44.888	  63.000	  57.000	  41.276	  87.000	Com2	R	4	51	2	910
5036	1	77	60.000	  61.000	  59.000	  55.153	  61.000	  52.475	Fill3	R	1	50	2	1044
5036	1	78	95.000	  39.158	  80.000	  46.500	  62.000	  60.000	Com1	R	2	51	2	1636
5036	1	79	59.000	  61.000	  58.000	  54.052	  61.000	  50.967	Fill3	R	3	51	3	796
5036	1	80	96.000	  39.375	  95.000	  35.400	  97.000	  33.938	Fill1	R	5	51	1	742
5036	2	1	93.000	  38.699	  92.000	  34.228	  96.000	  33.188	Fill1	R	6	51	1	5456
5036	2	2	96.000	  37.458	  81.000	  44.395	  62.000	  58.000	Com1	R	3	51	3	686
5036	2	3	76.000	  46.579	  59.000	  60.000	  39.775	  89.000	Com2	R	3	50	1	1214
5036	2	4	96.000	  38.719	  82.000	  45.329	  63.000	  59.000	Com1	R	1	50	2	953
5036	2	5	78.000	  44.577	  61.000	  57.000	  39.966	  87.000	Com2	R	3	49	2	1662
5036	2	6	60.000	  61.000	  59.000	  54.542	  62.000	  52.548	Fill3	R	1	49	1	1270
5036	2	7	79.000	  44.051	  60.000	  58.000	  39.545	  88.000	Com2	R	4	51	2	1821
5036	2	8	50.690	  71.000	  49.690	  62.809	  51.690	  61.346	Fill4	R	3	50	1	928
5036	2	9	81.000	  44.395	  62.000	  58.000	  40.864	  88.000	Com2	R	4	51	2	1637
5036	2	10	49.714	  70.000	  47.714	  63.189	  51.714	  58.630	Fill4	R	3	50	1	861
5036	2	11	49.714	  70.000	  46.714	  65.890	  51.714	  57.818	Fill4	R	3	49	2	997
5036	2	12	39.783	  92.000	  37.783	  83.372	  40.783	  76.945	Fill5	R	4	51	2	776
5036	2	13	95.000	  37.242	  78.000	  45.359	  61.000	  58.000	Com1	R	5	49	2	1475
5036	2	14	60.000	  58.000	  57.000	  52.965	  61.000	  50.393	Fill3	R	4	50	1	1091
5036	2	15	81.000	  44.395	  62.000	  58.000	  40.404	  89.000	Com2	R	5	49	2	2612
5036	2	16	75.000	  46.400	  72.000	  41.625	  78.000	  38.821	Fill2	R	4	50	1	1510
5036	2	17	76.000	  45.789	  74.000	  40.608	  77.000	  39.610	Fill2	R	1	49	1	1411
5036	2	18	80.000	  44.950	  62.000	  58.000	  40.404	  89.000	Com2	R	3	49	2	2677
5036	2	19	91.000	  38.242	  89.000	  34.213	  94.000	  32.138	Fill1	R	4	50	1	1157
5036	2	20	95.000	  37.853	  80.000	  44.950	  62.000	  58.000	Com1	R	4	51	2	1267
5036	2	21	51.549	  71.000	  50.549	  63.819	  52.549	  61.713	Fill4	R	1	49	1	2059
5036	2	22	96.000	  37.458	  81.000	  44.395	  62.000	  58.000	Com1	R	4	51	2	979
5036	2	23	47.444	  72.000	  46.444	  63.043	  49.444	  59.258	Fill4	R	1	51	3	949
5036	2	24	60.000	  58.000	  58.000	  51.569	  61.000	  49.148	Fill3	R	2	49	1	1115
5036	2	25	93.000	  37.419	  92.000	  33.424	  95.000	  31.737	Fill1	R	2	50	3	999
5036	2	26	80.000	  44.175	  62.000	  57.000	  40.159	  88.000	Com2	R	2	49	1	1307
5036	2	27	77.000	  49.117	  75.000	  45.013	  80.000	  42.275	Fill2	R	4	49	3	1040
5036	2	28	60.000	  58.000	  57.000	  52.895	  63.000	  48.762	Fill3	R	6	51	1	784
5036	2	29	41.560	  91.000	  38.560	  84.543	  42.560	  76.691	Fill5	R	3	49	2	715
5036	2	30	97.000	  36.433	  81.000	  43.630	  62.000	  57.000	Com1	R	2	50	3	1416
5036	2	31	94.000	  37.021	  79.000	  44.051	  60.000	  58.000	Com1	R	4	49	3	875
5036	2	32	97.000	  37.072	  81.000	  44.395	  62.000	  58.000	Com1	R	4	51	2	1315
5036	2	33	81.000	  45.111	  63.000	  58.000	  41.056	  89.000	Com2	R	3	49	2	1192
5036	2	34	79.000	  46.304	  62.000	  59.000	  41.568	  88.000	Com2	R	1	49	1	1043
5036	2	35	91.000	  38.242	  89.000	  34.393	  93.000	  32.828	Fill1	R	4	50	1	1060
5036	2	36	61.000	  59.000	  59.000	  53.000	  63.000	  50.143	Fill3	R	2	50	3	802
5036	2	37	97.000	  37.072	  80.000	  44.950	  62.000	  58.000	Com1	R	3	50	1	700
5036	2	38	95.000	  37.884	  80.000	  44.987	  61.000	  59.000	Com1	R	3	49	2	1514
5036	2	39	82.000	  43.793	  63.000	  57.000	  41.276	  87.000	Com2	R	4	51	2	1095
5036	2	40	49.714	  70.000	  47.714	  62.937	  50.714	  59.392	Fill4	R	4	51	2	1175
5036	2	41	82.000	  45.329	  63.000	  59.000	  42.239	  88.000	Com2	R	5	49	2	1251
5036	2	42	81.000	  43.630	  62.000	  57.000	  41.093	  86.000	Com2	R	6	50	2	843
5036	2	43	40.000	  87.000	  38.000	  78.237	  41.000	  72.024	Fill5	R	6	50	2	707
5036	2	44	39.989	  90.000	  38.989	  78.946	  40.989	  74.874	Fill5	R	3	51	3	928
5036	2	45	76.000	  45.789	  73.000	  41.205	  79.000	  37.772	Fill2	R	5	50	3	789
5036	2	46	80.000	  44.225	  61.000	  58.000	  39.753	  89.000	Com2	R	3	50	1	800
5036	2	47	93.000	  38.065	  76.000	  46.579	  59.000	  60.000	Com1	R	4	51	2	907
5036	2	48	78.000	  46.141	  61.000	  59.000	  40.438	  89.000	Com2	R	2	51	2	799
5036	2	49	88.000	  38.818	  87.000	  33.644	  89.000	  33.393	Fill1	R	4	49	3	682
5036	2	50	79.000	  45.557	  61.000	  59.000	  40.438	  89.000	Com2	R	5	49	2	954
5036	2	51	60.000	  58.000	  58.000	  51.828	  63.000	  47.349	Fill3	R	4	50	1	911
5036	2	52	40.000	  87.000	  37.000	  80.297	  41.000	  71.659	Fill5	R	2	49	1	724
5036	2	53	96.000	  36.219	  78.000	  44.577	  61.000	  57.000	Com1	R	4	51	2	754
5036	2	54	80.000	  44.950	  62.000	  58.000	  40.864	  88.000	Com2	R	2	51	2	1167
5036	2	55	94.000	  38.287	  78.000	  46.141	  61.000	  59.000	Com1	R	6	49	3	1066
5036	2	56	81.000	  44.395	  62.000	  58.000	  40.864	  88.000	Com2	R	5	49	2	874
5036	2	57	80.000	  44.987	  61.000	  59.000	  40.898	  88.000	Com2	R	2	51	2	914
5036	2	58	37.956	  90.000	  35.956	  81.017	  38.956	  73.776	Fill5	R	3	50	1	984
5036	2	59	96.000	  38.063	  81.000	  45.111	  63.000	  58.000	Com1	R	3	49	2	1803
5036	2	60	81.000	  45.889	  63.000	  59.000	  41.300	  90.000	Com2	R	1	49	1	2748
5036	2	61	51.176	  68.000	  48.176	  62.188	  53.176	  57.826	Fill4	R	2	50	3	1066
5036	2	62	96.000	  36.854	  80.000	  44.225	  61.000	  58.000	Com1	R	5	49	2	3018
5036	2	63	61.000	  62.000	  59.000	  56.458	  63.000	  53.333	Fill3	R	6	51	1	1020
5036	2	64	56.000	  61.000	  53.000	  55.340	  57.000	  51.439	Fill3	R	3	50	1	879
5036	2	65	39.101	  89.000	  36.101	  82.103	  41.101	  71.774	Fill5	R	4	50	1	631
5036	2	66	72.000	  47.444	  71.000	  41.620	  74.000	  40.581	Fill2	R	2	51	2	682
5036	2	67	94.000	  40.234	  91.000	  36.132	  97.000	  34.134	Fill1	R	4	50	1	1194
5036	2	68	74.000	  49.459	  71.000	  44.803	  76.000	  42.526	Fill2	R	6	50	2	788
5036	2	69	95.000	  38.505	  79.000	  46.304	  62.000	  59.000	Com1	R	5	49	2	1998
5036	2	70	93.000	  39.355	  91.000	  34.769	  95.000	  33.642	Fill1	R	1	50	2	1049
5036	2	71	76.000	  47.355	  73.000	  43.466	  78.000	  40.949	Fill2	R	6	49	3	794
5036	2	72	97.000	  37.021	  82.000	  43.793	  63.000	  57.000	Com1	R	1	49	1	1492
5036	2	73	78.000	  45.359	  61.000	  58.000	  40.205	  88.000	Com2	R	2	51	2	2116
5036	2	74	97.000	  38.320	  81.000	  45.889	  63.000	  59.000	Com1	R	6	49	3	714
5036	2	75	96.000	  37.490	  79.000	  45.557	  61.000	  59.000	Com1	R	5	50	3	743
5036	2	76	92.000	  37.826	  90.000	  33.133	  94.000	  31.862	Fill1	R	2	51	2	1044
5036	2	77	39.545	  88.000	  37.545	  79.104	  40.545	  73.473	Fill5	R	4	50	1	804
5036	2	78	95.000	  37.200	  80.000	  44.175	  62.000	  57.000	Com1	R	2	51	2	1215
5036	2	79	52.528	  72.000	  51.528	  65.518	  53.528	  63.070	Fill4	R	5	51	1	1353
5036	2	80	75.000	  46.400	  74.000	  41.041	  76.000	  39.539	Fill2	R	4	50	1	1198
5036	3	1	53.239	  71.000	  51.239	  64.130	  54.239	  61.800	Fill4	R	3	51	3	1464
5036	3	2	72.000	  49.139	  69.000	  44.899	  75.000	  41.760	Fill2	R	6	50	2	570
5036	3	3	96.000	  37.458	  80.000	  44.950	  62.000	  58.000	Com1	R	4	49	3	793
5036	3	4	79.000	  45.519	  62.000	  58.000	  41.333	  87.000	Com2	R	3	50	1	712
5036	3	5	96.000	  38.719	  82.000	  45.329	  63.000	  59.000	Com1	R	6	49	3	739
5036	3	6	96.000	  38.063	  82.000	  44.561	  63.000	  58.000	Com1	R	1	51	3	625
5036	3	7	98.000	  35.357	  81.000	  42.778	  63.000	  55.000	Com1	R	2	50	3	659
5036	3	8	78.000	  45.359	  61.000	  58.000	  40.205	  88.000	Com2	R	4	49	3	675
5036	3	9	74.000	  49.432	  73.000	  43.753	  76.000	  42.276	Fill2	R	3	50	1	515
5036	3	10	82.000	  46.049	  64.000	  59.000	  42.909	  88.000	Com2	R	4	49	3	649
5036	3	11	59.000	  62.000	  58.000	  54.741	  62.000	  51.903	Fill3	R	5	50	3	585
5036	3	12	98.000	  37.286	  81.000	  45.111	  63.000	  58.000	Com1	R	4	51	2	587
5036	3	13	38.879	  91.000	  37.879	  80.123	  39.879	  74.926	Fill5	R	1	49	1	734
5036	3	14	96.000	  36.854	  78.000	  45.359	  61.000	  58.000	Com1	R	2	51	2	1483
5036	3	15	93.000	  38.710	  91.000	  34.747	  95.000	  33.432	Fill1	R	5	51	1	747
5036	3	16	97.000	  37.072	  81.000	  44.395	  62.000	  58.000	Com1	R	3	51	3	537
5036	3	17	98.000	  37.286	  80.000	  45.675	  63.000	  58.000	Com1	R	4	49	3	782
5036	3	18	78.000	  48.462	  77.000	  43.260	  79.000	  41.646	Fill2	R	3	50	1	1465
5036	3	19	39.989	  90.000	  38.989	  78.997	  41.989	  72.757	Fill5	R	5	50	3	1032
5036	3	20	38.872	  94.000	  36.872	  84.643	  40.872	  76.262	Fill5	R	2	49	1	1707
5036	3	21	96.000	  36.813	  81.000	  43.630	  62.000	  57.000	Com1	R	5	51	1	1409
5036	3	22	63.000	  60.000	  60.000	  56.267	  66.000	  51.167	Fill3	R	2	49	1	1267
5036	3	23	96.000	  36.854	  79.000	  44.785	  61.000	  58.000	Com1	R	5	49	2	1355
5036	3	24	94.000	  40.213	  93.000	  36.290	  96.000	  34.271	Fill1	R	2	50	3	1089
5036	3	25	74.000	  49.432	  71.000	  45.451	  77.000	  41.636	Fill2	R	2	49	1	1137
5036	3	26	81.000	  44.395	  62.000	  58.000	  41.333	  87.000	Com2	R	4	49	3	1966
5036	3	27	61.000	  59.000	  59.000	  53.017	  62.000	  51.194	Fill3	R	6	50	2	651
5036	3	28	79.000	  45.519	  62.000	  58.000	  40.404	  89.000	Com2	R	3	49	2	1258
5036	3	29	81.000	  42.778	  63.000	  55.000	  40.765	  85.000	Com2	R	2	51	2	866
5036	3	30	95.000	  37.242	  78.000	  45.359	  61.000	  58.000	Com1	R	4	49	3	842
5036	3	31	48.720	  75.000	  47.720	  66.241	  50.720	  63.131	Fill4	R	4	50	1	1458
5036	3	32	80.000	  45.675	  63.000	  58.000	  41.523	  88.000	Com2	R	3	49	2	1330
5036	3	33	94.000	  37.638	  78.000	  45.359	  61.000	  58.000	Com1	R	1	51	3	1049
5036	3	34	74.000	  49.378	  72.000	  44.236	  76.000	  42.474	Fill2	R	3	50	1	2105
5036	3	35	78.000	  48.462	  76.000	  43.579	  80.000	  42.163	Fill2	R	3	50	1	1262
5036	3	36	81.000	  43.630	  62.000	  57.000	  40.621	  87.000	Com2	R	1	50	2	1734
5036	3	37	96.000	  37.458	  81.000	  44.395	  62.000	  58.000	Com1	R	2	50	3	955
5036	3	38	91.000	  40.154	  90.000	  35.444	  94.000	  34.011	Fill1	R	3	51	3	1152
5036	3	39	79.000	  44.785	  61.000	  58.000	  39.753	  89.000	Com2	R	6	50	2	1725
5036	3	40	41.538	  91.000	  39.538	  81.693	  42.538	  76.213	Fill5	R	4	51	2	818
5036	3	41	80.000	  45.725	  62.000	  59.000	  41.101	  89.000	Com2	R	4	50	1	829
5036	3	42	78.000	  45.359	  61.000	  58.000	  40.205	  88.000	Com2	R	3	49	2	1560
5036	3	43	81.000	  44.395	  62.000	  58.000	  40.404	  89.000	Com2	R	4	51	2	965
5036	3	44	40.198	  91.000	  38.198	  82.178	  41.198	  76.290	Fill5	R	2	51	2	922
5036	3	45	76.000	  47.368	  75.000	  41.533	  78.000	  40.154	Fill2	R	5	50	3	2000
5036	3	46	80.000	  44.950	  62.000	  58.000	  41.333	  87.000	Com2	R	4	50	1	907
5036	3	47	95.000	  39.789	  92.000	  36.685	  97.000	  34.392	Fill1	R	2	49	1	914
5036	3	48	96.000	  38.104	  79.000	  46.304	  62.000	  59.000	Com1	R	5	51	1	2037
5036	3	49	91.000	  40.198	  89.000	  36.506	  93.000	  34.839	Fill1	R	4	50	1	685
5036	3	50	96.000	  38.104	  80.000	  45.725	  62.000	  59.000	Com1	R	2	51	2	1837
5036	3	51	63.000	  60.000	  61.000	  54.967	  65.000	  51.262	Fill3	R	3	51	3	685
5036	3	52	60.000	  60.000	  59.000	  52.559	  63.000	  50.397	Fill3	R	2	49	1	1037
5036	3	53	90.000	  39.311	  87.000	  35.356	  93.000	  33.183	Fill1	R	2	50	3	749
5036	3	54	82.000	  44.561	  63.000	  58.000	  41.056	  89.000	Com2	R	3	49	2	1738
5036	3	55	78.000	  45.359	  61.000	  58.000	  39.753	  89.000	Com2	R	2	51	2	1024
5036	3	56	52.500	  72.000	  50.500	  65.069	  53.500	  62.729	Fill4	R	3	49	2	738
5036	3	57	49.432	  74.000	  48.432	  65.307	  51.432	  61.576	Fill4	R	1	50	2	1697
5036	3	58	98.000	  38.531	  82.000	  46.049	  64.000	  59.000	Com1	R	3	51	3	2007
5036	3	59	96.000	  37.458	  79.000	  45.519	  62.000	  58.000	Com1	R	6	49	3	1521
5036	3	60	40.000	  90.000	  38.000	  81.132	  41.000	  74.902	Fill5	R	3	50	1	1200
5036	3	61	49.432	  74.000	  46.432	  69.650	  50.432	  64.026	Fill4	R	2	49	1	650
5036	3	62	96.000	  38.063	  82.000	  44.561	  63.000	  58.000	Com1	R	4	49	3	938
5036	3	63	94.000	  37.638	  78.000	  45.359	  61.000	  58.000	Com1	R	4	51	2	1280
5036	3	64	91.000	  40.198	  88.000	  36.534	  92.000	  35.130	Fill1	R	4	51	2	2536
5036	3	65	75.000	  47.987	  72.000	  43.903	  78.000	  40.705	Fill2	R	5	51	1	701
5036	3	66	51.429	  70.000	  48.429	  64.982	  52.429	  59.624	Fill4	R	4	50	1	586
5036	3	67	42.000	  90.000	  39.000	  84.077	  43.000	  75.558	Fill5	R	1	49	1	1357
5036	3	68	78.000	  45.359	  61.000	  58.000	  40.205	  88.000	Com2	R	3	51	3	1953
5036	3	69	39.761	  92.000	  38.761	  81.061	  40.761	  76.421	Fill5	R	3	51	3	687
5036	3	70	93.000	  38.699	  90.000	  35.456	  95.000	  33.621	Fill1	R	3	50	1	1007
5036	3	71	50.690	  71.000	  47.690	  66.974	  52.690	  59.537	Fill4	R	3	50	1	593
5036	3	72	82.000	  45.329	  63.000	  59.000	  41.300	  90.000	Com2	R	5	49	2	1172
5036	3	73	58.000	  61.000	  55.000	  56.291	  59.000	  52.542	Fill3	R	3	50	1	927
5036	3	74	82.000	  44.561	  63.000	  58.000	  41.523	  88.000	Com2	R	2	49	1	821
5036	3	75	59.000	  62.000	  56.000	  57.821	  62.000	  52.468	Fill3	R	4	50	1	512
5036	3	76	81.000	  45.111	  63.000	  58.000	  41.056	  89.000	Com2	R	3	49	2	1317
5036	3	77	79.000	  46.304	  62.000	  59.000	  41.101	  89.000	Com2	R	1	50	2	1642
5036	3	78	48.466	  73.000	  46.466	  65.984	  50.466	  62.002	Fill4	R	3	49	2	1010
5036	3	79	97.000	  37.072	  79.000	  45.519	  62.000	  58.000	Com1	R	3	51	3	932
5036	3	80	58.000	  63.000	  57.000	  56.649	  61.000	  51.852	Fill3	R	5	51	1	889
5036	4	1	97.000	  36.433	  80.000	  44.175	  62.000	  57.000	Com1	R	3	51	3	1488
5036	4	2	93.000	  39.355	  91.000	  35.022	  94.000	  33.681	Fill1	R	2	49	1	748
5036	4	3	96.000	  38.063	  82.000	  44.561	  63.000	  58.000	Com1	R	3	51	3	761
5036	4	4	37.124	  89.000	  36.124	  77.595	  38.124	  72.501	Fill5	R	2	50	3	1015
5036	4	5	60.000	  58.000	  59.000	  52.017	  63.000	  48.873	Fill3	R	2	51	2	1274
5036	4	6	60.000	  61.000	  59.000	  55.153	  61.000	  52.475	Fill3	R	2	51	2	609
5036	4	7	90.000	  39.989	  87.000	  35.897	  93.000	  34.172	Fill1	R	6	51	1	516
5036	4	8	59.000	  61.000	  58.000	  54.052	  61.000	  50.967	Fill3	R	6	51	1	441
5036	4	9	78.000	  46.141	  61.000	  59.000	  39.989	  90.000	Com2	R	6	51	1	689
5036	4	10	42.239	  88.000	  41.239	  77.937	  43.239	  73.476	Fill5	R	1	50	2	737
5036	4	11	75.000	  47.987	  74.000	  42.122	  78.000	  40.859	Fill2	R	5	51	1	1119
5036	4	12	80.000	  44.987	  61.000	  59.000	  40.898	  88.000	Com2	R	3	49	2	844
5036	4	13	80.000	  44.175	  62.000	  57.000	  40.159	  88.000	Com2	R	3	49	2	948
5036	4	14	80.000	  44.888	  63.000	  57.000	  41.276	  87.000	Com2	R	1	50	2	825
5036	4	15	88.000	  37.545	  87.000	  32.379	  89.000	  31.607	Fill1	R	4	50	1	1044
5036	4	16	41.276	  87.000	  40.276	  76.398	  42.276	  73.115	Fill5	R	6	51	1	1556
5036	4	17	95.000	  37.200	  81.000	  43.630	  62.000	  57.000	Com1	R	3	51	3	833
5036	4	18	59.000	  61.000	  57.000	  55.491	  62.000	  51.194	Fill3	R	5	51	1	696
5036	4	19	96.000	  37.490	  80.000	  44.987	  61.000	  59.000	Com1	R	5	50	3	680
5036	4	20	80.000	  43.462	  61.000	  57.000	  40.430	  86.000	Com2	R	2	51	2	744
5036	4	21	54.000	  70.000	  53.000	  62.075	  55.000	  60.891	Fill4	R	3	50	1	550
5036	4	22	95.000	  37.853	  81.000	  44.395	  62.000	  58.000	Com1	R	2	50	3	491
5036	4	23	79.000	  44.785	  61.000	  58.000	  40.205	  88.000	Com2	R	1	50	2	771
5036	4	24	49.986	  72.000	  46.986	  66.786	  50.986	  61.056	Fill4	R	4	50	1	623
5036	4	25	81.000	  43.630	  62.000	  57.000	  40.159	  88.000	Com2	R	3	49	2	769
5036	4	26	39.989	  90.000	  38.989	  78.535	  40.989	  74.581	Fill5	R	4	49	3	924
5036	4	27	96.000	  37.406	  95.000	  33.063	  99.000	  31.576	Fill1	R	6	51	1	753
5036	4	28	80.000	  45.675	  63.000	  58.000	  42.000	  87.000	Com2	R	2	51	2	927
5036	4	29	76.000	  45.789	  74.000	  40.743	  78.000	  39.077	Fill2	R	4	49	3	644
5036	4	30	49.986	  72.000	  47.986	  66.144	  50.986	  61.370	Fill4	R	4	50	1	564
5036	4	31	96.000	  35.583	  79.000	  43.241	  61.000	  56.000	Com1	R	1	51	3	633
5036	4	32	82.000	  44.561	  63.000	  58.000	  41.056	  89.000	Com2	R	3	49	2	808
5036	4	33	91.000	  38.242	  90.000	  33.956	  94.000	  31.851	Fill1	R	4	50	1	739
5036	4	34	79.000	  44.785	  61.000	  58.000	  39.753	  89.000	Com2	R	3	50	1	736
5036	4	35	49.714	  70.000	  47.714	  64.299	  50.714	  59.431	Fill4	R	4	50	1	590
5036	4	36	39.101	  89.000	  37.101	  79.566	  41.101	  72.188	Fill5	R	3	51	3	720
5036	4	37	96.000	  37.406	  80.000	  44.888	  63.000	  57.000	Com1	R	2	50	3	510
5036	4	38	53.597	  67.000	  52.597	  59.908	  54.597	  57.897	Fill4	R	4	50	1	579
5036	4	39	96.000	  39.375	  95.000	  35.400	  97.000	  33.938	Fill1	R	1	49	1	598
5036	4	40	79.000	  47.051	  76.000	  43.197	  81.000	  40.654	Fill2	R	4	50	1	1400
5036	4	41	94.000	  38.287	  78.000	  46.141	  61.000	  59.000	Com1	R	4	49	3	635
5036	4	42	96.000	  38.719	  82.000	  45.329	  63.000	  59.000	Com1	R	2	50	3	507
5036	4	43	97.000	  36.433	  80.000	  44.175	  62.000	  57.000	Com1	R	6	49	3	577
5036	4	44	82.000	  45.329	  63.000	  59.000	  42.239	  88.000	Com2	R	4	49	3	468
5036	4	45	97.000	  38.320	  82.000	  45.329	  63.000	  59.000	Com1	R	4	50	1	284
5036	4	46	98.000	  37.286	  80.000	  45.675	  63.000	  58.000	Com1	R	5	51	1	44
5036	4	47	47.884	  69.000	  44.884	  63.541	  49.884	  57.233	Fill4	R	2	50	3	484
5036	4	48	96.000	  36.219	  80.000	  43.462	  61.000	  57.000	Com1	R	3	51	3	603
5036	4	49	72.000	  45.889	  69.000	  40.928	  74.000	  39.068	Fill2	R	1	51	3	446
5036	4	50	96.000	  36.854	  79.000	  44.785	  61.000	  58.000	Com1	R	3	50	1	342
5036	4	51	79.000	  43.241	  61.000	  56.000	  39.264	  87.000	Com2	R	5	51	1	563
5036	4	52	63.000	  57.000	  61.000	  51.656	  66.000	  47.879	Fill3	R	4	49	3	328
5036	4	53	56.000	  59.000	  55.000	  52.073	  58.000	  49.069	Fill3	R	3	50	1	438
5036	4	54	82.000	  45.329	  63.000	  59.000	  41.300	  90.000	Com2	R	6	50	2	622
5036	4	55	75.000	  48.800	  74.000	  42.757	  78.000	  41.474	Fill2	R	3	49	2	560
5036	4	56	78.000	  46.038	  77.000	  40.169	  79.000	  40.253	Fill2	R	3	51	3	534
5036	4	57	63.000	  60.000	  61.000	  54.754	  64.000	  52.578	Fill3	R	3	49	2	571
5036	4	58	95.000	  37.263	  77.000	  45.974	  60.000	  59.000	Com1	R	6	49	3	814
5036	4	59	90.000	  39.989	  88.000	  35.773	  92.000	  33.967	Fill1	R	5	50	3	680
5036	4	60	97.000	  37.021	  81.000	  44.333	  63.000	  57.000	Com1	R	5	50	3	520
5036	4	61	40.667	  90.000	  39.667	  78.908	  42.667	  73.453	Fill5	R	1	50	2	814
5036	4	62	41.538	  91.000	  38.538	  84.928	  42.538	  77.013	Fill5	R	5	50	3	504
5036	4	63	63.000	  59.000	  62.000	  51.984	  64.000	  51.750	Fill3	R	5	49	2	542
5036	4	64	81.000	  44.333	  63.000	  57.000	  41.276	  87.000	Com2	R	2	49	1	498
5036	4	65	94.000	  37.638	  79.000	  44.785	  61.000	  58.000	Com1	R	4	49	3	567
5036	4	66	81.000	  44.395	  62.000	  58.000	  41.333	  87.000	Com2	R	5	49	2	907
5036	4	67	81.000	  44.395	  62.000	  58.000	  40.404	  89.000	Com2	R	1	50	2	672
5036	4	68	97.000	  37.072	  80.000	  44.950	  62.000	  58.000	Com1	R	5	50	3	592
5036	4	69	74.000	  48.635	  72.000	  43.250	  76.000	  40.895	Fill2	R	4	50	1	611
5036	4	70	96.000	  37.458	  81.000	  44.395	  62.000	  58.000	Com1	R	4	49	3	678
5036	4	71	80.000	  44.950	  62.000	  58.000	  41.333	  87.000	Com2	R	1	50	2	566
5036	4	72	80.000	  44.175	  62.000	  57.000	  40.621	  87.000	Com2	R	5	49	2	827
5036	4	73	95.000	  39.158	  80.000	  46.500	  62.000	  60.000	Com1	R	5	50	3	598
5036	4	74	77.000	  45.974	  60.000	  59.000	  40.227	  88.000	Com2	R	2	51	2	936
5036	4	75	50.833	  72.000	  48.833	  65.119	  52.833	  60.473	Fill4	R	2	51	2	830
5036	4	76	52.352	  71.000	  51.352	  63.425	  54.352	  59.556	Fill4	R	2	50	3	728
5036	4	77	39.989	  90.000	  37.989	  80.445	  40.989	  75.142	Fill5	R	3	49	2	791
5036	4	78	95.000	  39.126	  94.000	  34.543	  96.000	  34.000	Fill1	R	4	50	1	943
5036	4	79	79.000	  47.848	  77.000	  42.935	  82.000	  40.756	Fill2	R	3	50	1	1365
5036	4	80	80.000	  46.500	  62.000	  60.000	  40.879	  91.000	Com2	R	5	49	2	906
5036	5	1	72.000	  47.444	  71.000	  41.620	  74.000	  40.581	Fill2	R	6	51	1	1512
5036	5	2	78.000	  46.141	  61.000	  59.000	  40.438	  89.000	Com2	R	5	49	2	694
5036	5	3	80.000	  44.987	  61.000	  59.000	  40.898	  88.000	Com2	R	5	49	2	566
5036	5	4	39.545	  88.000	  37.545	  79.104	  40.545	  73.473	Fill5	R	3	51	3	635
5036	5	5	75.000	  46.400	  72.000	  41.625	  78.000	  38.821	Fill2	R	2	49	1	619
5036	5	6	76.000	  45.789	  74.000	  40.608	  77.000	  39.610	Fill2	R	5	50	3	638
5036	5	7	49.714	  70.000	  47.714	  62.937	  50.714	  59.392	Fill4	R	6	49	3	861
5036	5	8	79.000	  46.304	  62.000	  59.000	  41.568	  88.000	Com2	R	1	50	2	581
5036	5	9	96.000	  38.063	  81.000	  45.111	  63.000	  58.000	Com1	R	5	50	3	599
5036	5	10	60.000	  58.000	  58.000	  51.569	  61.000	  49.148	Fill3	R	2	49	1	1018
5036	5	11	47.444	  72.000	  46.444	  63.043	  49.444	  59.258	Fill4	R	5	51	1	762
5036	5	12	94.000	  38.287	  78.000	  46.141	  61.000	  59.000	Com1	R	3	51	3	634
5036	5	13	91.000	  38.242	  89.000	  34.393	  93.000	  32.828	Fill1	R	5	50	3	666
5036	5	14	76.000	  45.789	  73.000	  41.205	  79.000	  37.772	Fill2	R	3	49	2	778
5036	5	15	76.000	  47.355	  73.000	  43.466	  78.000	  40.949	Fill2	R	4	50	1	533
5036	5	16	60.000	  58.000	  58.000	  51.828	  63.000	  47.349	Fill3	R	4	50	1	634
5036	5	17	51.176	  68.000	  48.176	  62.188	  53.176	  57.826	Fill4	R	2	51	2	618
5036	5	18	78.000	  44.577	  61.000	  57.000	  39.966	  87.000	Com2	R	5	49	2	1261
5036	5	19	39.989	  90.000	  38.989	  78.946	  40.989	  74.874	Fill5	R	1	49	1	581
5036	5	20	37.956	  90.000	  35.956	  81.017	  38.956	  73.776	Fill5	R	4	50	1	617
5036	5	21	94.000	  40.234	  91.000	  36.132	  97.000	  34.134	Fill1	R	3	50	1	794
5036	5	22	41.560	  91.000	  38.560	  84.543	  42.560	  76.691	Fill5	R	2	50	3	565
5036	5	23	39.783	  92.000	  37.783	  83.372	  40.783	  76.945	Fill5	R	5	51	1	618
5036	5	24	80.000	  44.950	  62.000	  58.000	  40.404	  89.000	Com2	R	2	49	1	573
5036	5	25	81.000	  45.889	  63.000	  59.000	  41.300	  90.000	Com2	R	5	51	1	415
5036	5	26	96.000	  37.458	  81.000	  44.395	  62.000	  58.000	Com1	R	2	50	3	826
5036	5	27	60.000	  61.000	  59.000	  54.542	  62.000	  52.548	Fill3	R	4	50	1	901
5036	5	28	79.000	  45.557	  61.000	  59.000	  40.438	  89.000	Com2	R	3	50	1	586
5036	5	29	81.000	  43.630	  62.000	  57.000	  41.093	  86.000	Com2	R	6	49	3	1453
5036	5	30	51.549	  71.000	  50.549	  63.819	  52.549	  61.713	Fill4	R	6	51	1	781
5036	5	31	77.000	  49.117	  75.000	  45.013	  80.000	  42.275	Fill2	R	5	50	3	551
5036	5	32	74.000	  49.459	  71.000	  44.803	  76.000	  42.526	Fill2	R	3	49	2	637
5036	5	33	92.000	  37.826	  90.000	  33.133	  94.000	  31.862	Fill1	R	4	51	2	477
5036	5	34	95.000	  37.853	  80.000	  44.950	  62.000	  58.000	Com1	R	4	49	3	629
5036	5	35	61.000	  59.000	  59.000	  53.000	  63.000	  50.143	Fill3	R	5	51	1	774
5036	5	36	96.000	  37.490	  79.000	  45.557	  61.000	  59.000	Com1	R	4	49	3	913
5036	5	37	96.000	  36.854	  80.000	  44.225	  61.000	  58.000	Com1	R	6	49	3	582
5036	5	38	96.000	  36.219	  78.000	  44.577	  61.000	  57.000	Com1	R	3	51	3	697
5036	5	39	80.000	  44.950	  62.000	  58.000	  40.864	  88.000	Com2	R	4	51	2	618
5036	5	40	50.690	  71.000	  49.690	  62.809	  51.690	  61.346	Fill4	R	5	51	1	909
5036	5	41	82.000	  45.329	  63.000	  59.000	  42.239	  88.000	Com2	R	5	49	2	1058
5036	5	42	52.528	  72.000	  51.528	  65.518	  53.528	  63.070	Fill4	R	6	50	2	802
5036	5	43	91.000	  38.242	  89.000	  34.213	  94.000	  32.138	Fill1	R	5	51	1	573
5036	5	44	40.000	  87.000	  38.000	  78.237	  41.000	  72.024	Fill5	R	2	50	3	783
5036	5	45	93.000	  38.065	  76.000	  46.579	  59.000	  60.000	Com1	R	1	49	1	714
5036	5	46	95.000	  37.200	  80.000	  44.175	  62.000	  57.000	Com1	R	5	50	3	647
5036	5	47	56.000	  61.000	  53.000	  55.340	  57.000	  51.439	Fill3	R	1	51	3	647
5036	5	48	97.000	  36.433	  81.000	  43.630	  62.000	  57.000	Com1	R	2	49	1	744
5036	5	49	88.000	  38.818	  87.000	  33.644	  89.000	  33.393	Fill1	R	4	50	1	564
5036	5	50	93.000	  37.419	  92.000	  33.424	  95.000	  31.737	Fill1	R	2	50	3	1129
5036	5	51	40.000	  87.000	  37.000	  80.297	  41.000	  71.659	Fill5	R	2	51	2	870
5036	5	52	81.000	  45.111	  63.000	  58.000	  41.056	  89.000	Com2	R	6	49	3	734
5036	5	53	81.000	  44.395	  62.000	  58.000	  40.864	  88.000	Com2	R	4	51	2	748
5036	5	54	60.000	  58.000	  57.000	  52.895	  63.000	  48.762	Fill3	R	3	50	1	585
5036	5	55	94.000	  37.021	  79.000	  44.051	  60.000	  58.000	Com1	R	5	50	3	780
5036	5	56	93.000	  38.699	  92.000	  34.228	  96.000	  33.188	Fill1	R	2	49	1	1334
5036	5	57	93.000	  39.355	  91.000	  34.769	  95.000	  33.642	Fill1	R	1	49	1	573
5036	5	58	80.000	  44.225	  61.000	  58.000	  39.753	  89.000	Com2	R	1	51	3	719
5036	5	59	97.000	  37.072	  81.000	  44.395	  62.000	  58.000	Com1	R	2	50	3	477
5036	5	60	82.000	  43.793	  63.000	  57.000	  41.276	  87.000	Com2	R	3	49	2	901
5036	5	61	39.101	  89.000	  36.101	  82.103	  41.101	  71.774	Fill5	R	3	50	1	1259
5036	5	62	49.714	  70.000	  47.714	  63.189	  51.714	  58.630	Fill4	R	5	51	1	1297
5036	5	63	60.000	  58.000	  57.000	  52.965	  61.000	  50.393	Fill3	R	4	50	1	553
5036	5	64	81.000	  44.395	  62.000	  58.000	  40.404	  89.000	Com2	R	6	50	2	526
5036	5	65	97.000	  38.320	  81.000	  45.889	  63.000	  59.000	Com1	R	2	50	3	628
5036	5	66	81.000	  44.395	  62.000	  58.000	  40.864	  88.000	Com2	R	3	49	2	598
5036	5	67	97.000	  37.072	  80.000	  44.950	  62.000	  58.000	Com1	R	5	50	3	505
5036	5	68	97.000	  37.021	  82.000	  43.793	  63.000	  57.000	Com1	R	4	51	2	574
5036	5	69	78.000	  45.359	  61.000	  58.000	  40.205	  88.000	Com2	R	2	51	2	609
5036	5	70	96.000	  37.458	  81.000	  44.395	  62.000	  58.000	Com1	R	3	51	3	580
5036	5	71	95.000	  38.505	  79.000	  46.304	  62.000	  59.000	Com1	R	2	51	2	710
5036	5	72	80.000	  44.175	  62.000	  57.000	  40.159	  88.000	Com2	R	4	51	2	1060
5036	5	73	79.000	  44.051	  60.000	  58.000	  39.545	  88.000	Com2	R	5	49	2	1268
5036	5	74	61.000	  62.000	  59.000	  56.458	  63.000	  53.333	Fill3	R	2	49	1	604
5036	5	75	95.000	  37.242	  78.000	  45.359	  61.000	  58.000	Com1	R	2	50	3	494
5036	5	76	95.000	  37.884	  80.000	  44.987	  61.000	  59.000	Com1	R	3	51	3	533
5036	5	77	76.000	  46.579	  59.000	  60.000	  39.775	  89.000	Com2	R	3	49	2	924
5036	5	78	75.000	  46.400	  74.000	  41.041	  76.000	  39.539	Fill2	R	6	51	1	721
5036	5	79	49.714	  70.000	  46.714	  65.890	  51.714	  57.818	Fill4	R	5	51	1	830
5036	5	80	96.000	  38.719	  82.000	  45.329	  63.000	  59.000	Com1	R	4	49	3	633
5036	6	1	49.432	  74.000	  46.432	  69.650	  50.432	  64.026	Fill4	R	4	49	3	5497
5036	6	2	74.000	  49.432	  71.000	  45.451	  77.000	  41.636	Fill2	R	5	50	3	571
5036	6	3	38.872	  94.000	  36.872	  84.643	  40.872	  76.262	Fill5	R	3	51	3	701
5036	6	4	81.000	  44.395	  62.000	  58.000	  41.333	  87.000	Com2	R	5	49	2	891
5036	6	5	98.000	  37.286	  80.000	  45.675	  63.000	  58.000	Com1	R	1	51	3	579
5036	6	6	81.000	  43.630	  62.000	  57.000	  40.621	  87.000	Com2	R	4	51	2	741
5036	6	7	95.000	  37.242	  78.000	  45.359	  61.000	  58.000	Com1	R	4	49	3	612
5036	6	8	80.000	  45.675	  63.000	  58.000	  41.523	  88.000	Com2	R	4	51	2	710
5036	6	9	96.000	  36.854	  78.000	  45.359	  61.000	  58.000	Com1	R	2	50	3	692
5036	6	10	96.000	  38.063	  82.000	  44.561	  63.000	  58.000	Com1	R	2	50	3	612
5036	6	11	38.879	  91.000	  37.879	  80.123	  39.879	  74.926	Fill5	R	4	51	2	582
5036	6	12	78.000	  45.359	  61.000	  58.000	  39.753	  89.000	Com2	R	2	51	2	601
5036	6	13	91.000	  40.154	  90.000	  35.444	  94.000	  34.011	Fill1	R	5	51	1	588
5036	6	14	53.239	  71.000	  51.239	  64.130	  54.239	  61.800	Fill4	R	2	50	3	638
5036	6	15	96.000	  37.458	  79.000	  45.519	  62.000	  58.000	Com1	R	6	50	2	574
5036	6	16	96.000	  36.854	  79.000	  44.785	  61.000	  58.000	Com1	R	5	50	3	626
5036	6	17	39.761	  92.000	  38.761	  81.061	  40.761	  76.421	Fill5	R	4	49	3	1043
5036	6	18	94.000	  37.638	  78.000	  45.359	  61.000	  58.000	Com1	R	4	51	2	947
5036	6	19	93.000	  38.710	  91.000	  34.747	  95.000	  33.432	Fill1	R	4	50	1	824
5036	6	20	76.000	  47.368	  75.000	  41.533	  78.000	  40.154	Fill2	R	6	51	1	1091
5036	6	21	63.000	  60.000	  61.000	  54.967	  65.000	  51.262	Fill3	R	6	51	1	707
5036	6	22	79.000	  45.519	  62.000	  58.000	  40.404	  89.000	Com2	R	1	50	2	512
5036	6	23	72.000	  49.139	  69.000	  44.899	  75.000	  41.760	Fill2	R	1	49	1	517
5036	6	24	58.000	  61.000	  55.000	  56.291	  59.000	  52.542	Fill3	R	4	50	1	683
5036	6	25	94.000	  37.638	  78.000	  45.359	  61.000	  58.000	Com1	R	3	49	2	1339
5036	6	26	96.000	  38.719	  82.000	  45.329	  63.000	  59.000	Com1	R	5	50	3	641
5036	6	27	48.720	  75.000	  47.720	  66.241	  50.720	  63.131	Fill4	R	5	50	3	689
5036	6	28	97.000	  37.072	  79.000	  45.519	  62.000	  58.000	Com1	R	4	49	3	1233
5036	6	29	81.000	  42.778	  63.000	  55.000	  40.765	  85.000	Com2	R	2	51	2	1032
5036	6	30	96.000	  38.104	  79.000	  46.304	  62.000	  59.000	Com1	R	4	49	3	664
5036	6	31	91.000	  40.198	  88.000	  36.534	  92.000	  35.130	Fill1	R	3	50	1	824
5036	6	32	78.000	  45.359	  61.000	  58.000	  40.205	  88.000	Com2	R	2	51	2	627
5036	6	33	42.000	  90.000	  39.000	  84.077	  43.000	  75.558	Fill5	R	5	50	3	709
5036	6	34	98.000	  35.357	  81.000	  42.778	  63.000	  55.000	Com1	R	4	49	3	1091
5036	6	35	52.500	  72.000	  50.500	  65.069	  53.500	  62.729	Fill4	R	4	50	1	611
5036	6	36	58.000	  63.000	  57.000	  56.649	  61.000	  51.852	Fill3	R	3	50	1	773
5036	6	37	79.000	  46.304	  62.000	  59.000	  41.101	  89.000	Com2	R	3	49	2	768
5036	6	38	74.000	  49.432	  73.000	  43.753	  76.000	  42.276	Fill2	R	3	50	1	523
5036	6	39	78.000	  45.359	  61.000	  58.000	  40.205	  88.000	Com2	R	3	50	1	512
5036	6	40	96.000	  38.063	  82.000	  44.561	  63.000	  58.000	Com1	R	3	51	3	581
5036	6	41	98.000	  37.286	  81.000	  45.111	  63.000	  58.000	Com1	R	4	49	3	664
5036	6	42	75.000	  47.987	  72.000	  43.903	  78.000	  40.705	Fill2	R	3	49	2	499
5036	6	43	78.000	  48.462	  76.000	  43.579	  80.000	  42.163	Fill2	R	1	51	3	636
5036	6	44	78.000	  48.462	  77.000	  43.260	  79.000	  41.646	Fill2	R	2	51	2	524
5036	6	45	97.000	  37.072	  81.000	  44.395	  62.000	  58.000	Com1	R	5	50	3	578
5036	6	46	74.000	  49.378	  72.000	  44.236	  76.000	  42.474	Fill2	R	5	51	1	580
5036	6	47	51.429	  70.000	  48.429	  64.982	  52.429	  59.624	Fill4	R	5	50	3	759
5036	6	48	90.000	  39.311	  87.000	  35.356	  93.000	  33.183	Fill1	R	1	50	2	581
5036	6	49	82.000	  46.049	  64.000	  59.000	  42.909	  88.000	Com2	R	3	50	1	536
5036	6	50	40.000	  90.000	  38.000	  81.132	  41.000	  74.902	Fill5	R	5	51	1	701
5036	6	51	93.000	  38.699	  90.000	  35.456	  95.000	  33.621	Fill1	R	3	50	1	699
5036	6	52	80.000	  45.725	  62.000	  59.000	  41.101	  89.000	Com2	R	3	49	2	683
5036	6	53	96.000	  38.104	  80.000	  45.725	  62.000	  59.000	Com1	R	3	51	3	539
5036	6	54	81.000	  44.395	  62.000	  58.000	  40.404	  89.000	Com2	R	3	49	2	528
5036	6	55	82.000	  45.329	  63.000	  59.000	  41.300	  90.000	Com2	R	3	49	2	997
5036	6	56	94.000	  40.213	  93.000	  36.290	  96.000	  34.271	Fill1	R	6	49	3	920
5036	6	57	59.000	  62.000	  56.000	  57.821	  62.000	  52.468	Fill3	R	5	49	2	702
5036	6	58	96.000	  37.458	  80.000	  44.950	  62.000	  58.000	Com1	R	6	49	3	618
5036	6	59	80.000	  44.950	  62.000	  58.000	  41.333	  87.000	Com2	R	4	51	2	2060
5036	6	60	41.538	  91.000	  39.538	  81.693	  42.538	  76.213	Fill5	R	5	50	3	1556
5036	6	61	81.000	  45.111	  63.000	  58.000	  41.056	  89.000	Com2	R	2	51	2	1346
5036	6	62	48.466	  73.000	  46.466	  65.984	  50.466	  62.002	Fill4	R	3	50	1	1207
5036	6	63	59.000	  62.000	  58.000	  54.741	  62.000	  51.903	Fill3	R	5	50	3	498
5036	6	64	95.000	  39.789	  92.000	  36.685	  97.000	  34.392	Fill1	R	1	49	1	810
5036	6	65	60.000	  60.000	  59.000	  52.559	  63.000	  50.397	Fill3	R	2	49	1	1173
5036	6	66	96.000	  37.458	  81.000	  44.395	  62.000	  58.000	Com1	R	2	50	3	1712
5036	6	67	40.198	  91.000	  38.198	  82.178	  41.198	  76.290	Fill5	R	2	50	3	197
5036	6	68	78.000	  45.359	  61.000	  58.000	  40.205	  88.000	Com2	R	5	50	3	329
5036	6	69	96.000	  36.813	  81.000	  43.630	  62.000	  57.000	Com1	R	5	51	1	724
5036	6	70	50.690	  71.000	  47.690	  66.974	  52.690	  59.537	Fill4	R	2	50	3	434
5036	6	71	79.000	  44.785	  61.000	  58.000	  39.753	  89.000	Com2	R	4	50	1	522
5036	6	72	49.432	  74.000	  48.432	  65.307	  51.432	  61.576	Fill4	R	5	51	1	671
5036	6	73	82.000	  44.561	  63.000	  58.000	  41.523	  88.000	Com2	R	1	49	1	719
5036	6	74	79.000	  45.519	  62.000	  58.000	  41.333	  87.000	Com2	R	5	51	1	764
5036	6	75	82.000	  44.561	  63.000	  58.000	  41.056	  89.000	Com2	R	6	50	2	842
5036	6	76	61.000	  59.000	  59.000	  53.017	  62.000	  51.194	Fill3	R	3	50	1	498
5036	6	77	63.000	  60.000	  60.000	  56.267	  66.000	  51.167	Fill3	R	4	50	1	618
5036	6	78	39.989	  90.000	  38.989	  78.997	  41.989	  72.757	Fill5	R	1	49	1	668
5036	6	79	91.000	  40.198	  89.000	  36.506	  93.000	  34.839	Fill1	R	3	49	2	636
5036	6	80	98.000	  38.531	  82.000	  46.049	  64.000	  59.000	Com1	R	5	50	3	1420
5036	7	1	82.000	  45.329	  63.000	  59.000	  41.300	  90.000	Com2	R	5	49	2	3768
5036	7	2	96.000	  36.854	  79.000	  44.785	  61.000	  58.000	Com1	R	6	49	3	3367
5036	7	3	97.000	  36.433	  80.000	  44.175	  62.000	  57.000	Com1	R	5	50	3	714
5036	7	4	42.239	  88.000	  41.239	  77.937	  43.239	  73.476	Fill5	R	3	50	1	903
5036	7	5	39.101	  89.000	  37.101	  79.566	  41.101	  72.188	Fill5	R	3	50	1	539
5036	7	6	80.000	  44.888	  63.000	  57.000	  41.276	  87.000	Com2	R	3	49	2	721
5036	7	7	82.000	  45.329	  63.000	  59.000	  42.239	  88.000	Com2	R	6	52	0	110
5036	7	8	81.000	  44.395	  62.000	  58.000	  41.333	  87.000	Com2	R	3	49	2	2627
5036	7	9	97.000	  36.433	  80.000	  44.175	  62.000	  57.000	Com1	R	2	50	3	598
5036	7	10	97.000	  37.072	  80.000	  44.950	  62.000	  58.000	Com1	R	1	51	3	858
5036	7	11	96.000	  37.406	  80.000	  44.888	  63.000	  57.000	Com1	R	3	51	3	562
5036	7	12	60.000	  58.000	  59.000	  52.017	  63.000	  48.873	Fill3	R	5	49	2	631
5036	7	13	76.000	  45.789	  74.000	  40.743	  78.000	  39.077	Fill2	R	6	49	3	922
5036	7	14	78.000	  46.038	  77.000	  40.169	  79.000	  40.253	Fill2	R	5	49	2	703
5036	7	15	80.000	  46.500	  62.000	  60.000	  40.879	  91.000	Com2	R	2	51	2	1196
5036	7	16	93.000	  39.355	  91.000	  35.022	  94.000	  33.681	Fill1	R	2	49	1	680
5036	7	17	47.884	  69.000	  44.884	  63.541	  49.884	  57.233	Fill4	R	5	51	1	886
5036	7	18	75.000	  48.800	  74.000	  42.757	  78.000	  41.474	Fill2	R	4	50	1	798
5036	7	19	90.000	  39.989	  87.000	  35.897	  93.000	  34.172	Fill1	R	2	50	3	569
5036	7	20	96.000	  37.406	  95.000	  33.063	  99.000	  31.576	Fill1	R	4	49	3	3083
5036	7	21	98.000	  37.286	  80.000	  45.675	  63.000	  58.000	Com1	R	6	49	3	987
5036	7	22	75.000	  47.987	  74.000	  42.122	  78.000	  40.859	Fill2	R	2	49	1	830
5036	7	23	60.000	  61.000	  59.000	  55.153	  61.000	  52.475	Fill3	R	5	51	1	873
5036	7	24	80.000	  44.175	  62.000	  57.000	  40.159	  88.000	Com2	R	4	51	2	817
5036	7	25	50.833	  72.000	  48.833	  65.119	  52.833	  60.473	Fill4	R	4	49	3	987
5036	7	26	54.000	  70.000	  53.000	  62.075	  55.000	  60.891	Fill4	R	2	50	3	751
5036	7	27	59.000	  61.000	  57.000	  55.491	  62.000	  51.194	Fill3	R	2	49	1	684
5036	7	28	41.276	  87.000	  40.276	  76.398	  42.276	  73.115	Fill5	R	1	49	1	604
5036	7	29	79.000	  47.848	  77.000	  42.935	  82.000	  40.756	Fill2	R	5	51	1	542
5036	7	30	88.000	  37.545	  87.000	  32.379	  89.000	  31.607	Fill1	R	6	50	2	723
5036	7	31	80.000	  43.462	  61.000	  57.000	  40.430	  86.000	Com2	R	4	50	1	465
5036	7	32	79.000	  44.785	  61.000	  58.000	  40.205	  88.000	Com2	R	1	50	2	857
5036	7	33	81.000	  43.630	  62.000	  57.000	  40.159	  88.000	Com2	R	6	50	2	529
5036	7	34	49.986	  72.000	  46.986	  66.786	  50.986	  61.056	Fill4	R	2	49	1	694
5036	7	35	78.000	  46.141	  61.000	  59.000	  39.989	  90.000	Com2	R	1	50	2	438
5036	7	36	39.989	  90.000	  37.989	  80.445	  40.989	  75.142	Fill5	R	1	51	3	686
5036	7	37	53.597	  67.000	  52.597	  59.908	  54.597	  57.897	Fill4	R	4	51	2	718
5036	7	38	59.000	  61.000	  58.000	  54.052	  61.000	  50.967	Fill3	R	5	51	1	571
5036	7	39	63.000	  59.000	  62.000	  51.984	  64.000	  51.750	Fill3	R	3	50	1	846
5036	7	40	77.000	  45.974	  60.000	  59.000	  40.227	  88.000	Com2	R	1	49	1	870
5036	7	41	49.986	  72.000	  47.986	  66.144	  50.986	  61.370	Fill4	R	4	50	1	606
5036	7	42	49.714	  70.000	  47.714	  64.299	  50.714	  59.431	Fill4	R	3	50	1	497
5036	7	43	95.000	  39.158	  80.000	  46.500	  62.000	  60.000	Com1	R	2	49	1	649
5036	7	44	63.000	  60.000	  61.000	  54.754	  64.000	  52.578	Fill3	R	4	50	1	440
5036	7	45	72.000	  45.889	  69.000	  40.928	  74.000	  39.068	Fill2	R	2	49	1	608
5036	7	46	56.000	  59.000	  55.000	  52.073	  58.000	  49.069	Fill3	R	4	51	2	834
5036	7	47	63.000	  57.000	  61.000	  51.656	  66.000	  47.879	Fill3	R	2	49	1	699
5036	7	48	96.000	  39.375	  95.000	  35.400	  97.000	  33.938	Fill1	R	2	49	1	619
5036	7	49	79.000	  47.051	  76.000	  43.197	  81.000	  40.654	Fill2	R	3	50	1	926
5036	7	50	97.000	  37.021	  81.000	  44.333	  63.000	  57.000	Com1	R	3	50	1	771
5036	7	51	80.000	  44.175	  62.000	  57.000	  40.621	  87.000	Com2	R	1	50	2	478
5036	7	52	95.000	  37.263	  77.000	  45.974	  60.000	  59.000	Com1	R	5	50	3	694
5036	7	53	80.000	  44.987	  61.000	  59.000	  40.898	  88.000	Com2	R	1	49	1	694
5036	7	54	80.000	  45.675	  63.000	  58.000	  42.000	  87.000	Com2	R	2	51	2	598
5036	7	55	94.000	  37.638	  79.000	  44.785	  61.000	  58.000	Com1	R	5	50	3	665
5036	7	56	41.538	  91.000	  38.538	  84.928	  42.538	  77.013	Fill5	R	4	49	3	1001
5036	7	57	40.667	  90.000	  39.667	  78.908	  42.667	  73.453	Fill5	R	5	50	3	828
5036	7	58	79.000	  43.241	  61.000	  56.000	  39.264	  87.000	Com2	R	2	51	2	597
5036	7	59	96.000	  37.490	  80.000	  44.987	  61.000	  59.000	Com1	R	1	50	2	568
5036	7	60	37.124	  89.000	  36.124	  77.595	  38.124	  72.501	Fill5	R	5	50	3	1466
5036	7	61	52.352	  71.000	  51.352	  63.425	  54.352	  59.556	Fill4	R	4	50	1	698
5036	7	62	74.000	  48.635	  72.000	  43.250	  76.000	  40.895	Fill2	R	6	51	1	634
5036	7	63	94.000	  38.287	  78.000	  46.141	  61.000	  59.000	Com1	R	6	49	3	554
5036	7	64	97.000	  38.320	  82.000	  45.329	  63.000	  59.000	Com1	R	3	49	2	624
5036	7	65	95.000	  37.200	  81.000	  43.630	  62.000	  57.000	Com1	R	3	50	1	914
5036	7	66	91.000	  38.242	  90.000	  33.956	  94.000	  31.851	Fill1	R	6	50	2	681
5036	7	67	80.000	  44.950	  62.000	  58.000	  41.333	  87.000	Com2	R	6	50	2	553
5036	7	68	95.000	  37.853	  81.000	  44.395	  62.000	  58.000	Com1	R	2	50	3	590
5036	7	69	90.000	  39.989	  88.000	  35.773	  92.000	  33.967	Fill1	R	4	50	1	625
5036	7	70	82.000	  44.561	  63.000	  58.000	  41.056	  89.000	Com2	R	4	50	1	499
5036	7	71	96.000	  38.063	  82.000	  44.561	  63.000	  58.000	Com1	R	5	50	3	636
5036	7	72	96.000	  35.583	  79.000	  43.241	  61.000	  56.000	Com1	R	2	50	3	490
5036	7	73	96.000	  37.458	  81.000	  44.395	  62.000	  58.000	Com1	R	3	51	3	1202
5036	7	74	39.989	  90.000	  38.989	  78.535	  40.989	  74.581	Fill5	R	3	51	3	717
5036	7	75	96.000	  36.219	  80.000	  43.462	  61.000	  57.000	Com1	R	1	51	3	682
5036	7	76	96.000	  38.719	  82.000	  45.329	  63.000	  59.000	Com1	R	2	50	3	746
5036	7	77	79.000	  44.785	  61.000	  58.000	  39.753	  89.000	Com2	R	2	49	1	664
5036	7	78	81.000	  44.333	  63.000	  57.000	  41.276	  87.000	Com2	R	4	50	1	520
5036	7	79	95.000	  39.126	  94.000	  34.543	  96.000	  34.000	Fill1	R	5	50	3	653
5036	7	80	81.000	  44.395	  62.000	  58.000	  40.404	  89.000	Com2	R	4	51	2	413
5036	8	1	49.714	  70.000	  47.714	  62.937	  50.714	  59.392	Fill4	R	6	98	2	1464
5036	8	2	81.000	  45.889	  63.000	  59.000	  41.300	  90.000	Com2	R	3	50	1	1167
5036	8	3	76.000	  46.579	  59.000	  60.000	  39.775	  89.000	Com2	R	2	49	1	666
5036	8	4	75.000	  46.400	  74.000	  41.041	  76.000	  39.539	Fill2	R	4	51	2	730
5036	8	5	60.000	  58.000	  57.000	  52.895	  63.000	  48.762	Fill3	R	2	50	3	376
5036	8	6	78.000	  45.359	  61.000	  58.000	  40.205	  88.000	Com2	R	3	50	1	226
5036	8	7	96.000	  38.063	  81.000	  45.111	  63.000	  58.000	Com1	R	2	49	1	357
5036	8	8	37.956	  90.000	  35.956	  81.017	  38.956	  73.776	Fill5	R	6	49	3	930
5036	8	9	80.000	  44.175	  62.000	  57.000	  40.159	  88.000	Com2	R	6	51	1	792
5036	8	10	61.000	  59.000	  59.000	  53.000	  63.000	  50.143	Fill3	R	4	50	1	498
5036	8	11	81.000	  44.395	  62.000	  58.000	  40.864	  88.000	Com2	R	2	50	3	394
5036	8	12	39.545	  88.000	  37.545	  79.104	  40.545	  73.473	Fill5	R	3	49	2	709
5036	8	13	97.000	  38.320	  81.000	  45.889	  63.000	  59.000	Com1	R	4	50	1	642
5036	8	14	93.000	  38.065	  76.000	  46.579	  59.000	  60.000	Com1	R	2	50	3	562
5036	8	15	80.000	  44.950	  62.000	  58.000	  40.404	  89.000	Com2	R	4	50	1	200
5036	8	16	60.000	  58.000	  58.000	  51.569	  61.000	  49.148	Fill3	R	2	50	3	74
5036	8	17	76.000	  45.789	  74.000	  40.608	  77.000	  39.610	Fill2	R	3	50	1	146
5036	8	18	96.000	  37.458	  81.000	  44.395	  62.000	  58.000	Com1	R	4	49	3	969
5036	8	19	96.000	  37.458	  81.000	  44.395	  62.000	  58.000	Com1	R	2	49	1	473
5036	8	20	49.714	  70.000	  47.714	  63.189	  51.714	  58.630	Fill4	R	6	50	2	625
5036	8	21	94.000	  37.021	  79.000	  44.051	  60.000	  58.000	Com1	R	3	51	3	980
5036	8	22	93.000	  38.699	  92.000	  34.228	  96.000	  33.188	Fill1	R	5	51	1	2503
5036	8	23	72.000	  47.444	  71.000	  41.620	  74.000	  40.581	Fill2	R	6	50	2	637
5036	8	24	95.000	  37.200	  80.000	  44.175	  62.000	  57.000	Com1	R	5	50	3	621
5036	8	25	50.690	  71.000	  49.690	  62.809	  51.690	  61.346	Fill4	R	3	51	3	640
5036	8	26	75.000	  46.400	  72.000	  41.625	  78.000	  38.821	Fill2	R	4	50	1	576
5036	8	27	76.000	  47.355	  73.000	  43.466	  78.000	  40.949	Fill2	R	6	51	1	482
5036	8	28	76.000	  45.789	  73.000	  41.205	  79.000	  37.772	Fill2	R	2	50	3	650
5036	8	29	61.000	  62.000	  59.000	  56.458	  63.000	  53.333	Fill3	R	1	51	3	474
5036	8	30	74.000	  49.459	  71.000	  44.803	  76.000	  42.526	Fill2	R	5	50	3	754
5036	8	31	81.000	  44.395	  62.000	  58.000	  40.404	  89.000	Com2	R	3	50	1	993
5036	8	32	97.000	  37.072	  80.000	  44.950	  62.000	  58.000	Com1	R	3	50	1	625
5036	8	33	39.989	  90.000	  38.989	  78.946	  40.989	  74.874	Fill5	R	6	49	3	740
5036	8	34	96.000	  36.219	  78.000	  44.577	  61.000	  57.000	Com1	R	4	49	3	1041
5036	8	35	81.000	  44.395	  62.000	  58.000	  40.864	  88.000	Com2	R	5	49	2	529
5036	8	36	95.000	  37.242	  78.000	  45.359	  61.000	  58.000	Com1	R	5	49	2	535
5036	8	37	93.000	  39.355	  91.000	  34.769	  95.000	  33.642	Fill1	R	2	49	1	956
5036	8	38	51.176	  68.000	  48.176	  62.188	  53.176	  57.826	Fill4	R	3	50	1	897
5036	8	39	91.000	  38.242	  89.000	  34.213	  94.000	  32.138	Fill1	R	5	49	2	681
5036	8	40	95.000	  37.884	  80.000	  44.987	  61.000	  59.000	Com1	R	3	51	3	985
5036	8	41	60.000	  58.000	  57.000	  52.965	  61.000	  50.393	Fill3	R	2	50	3	556
5036	8	42	51.549	  71.000	  50.549	  63.819	  52.549	  61.713	Fill4	R	1	50	2	642
5036	8	43	82.000	  45.329	  63.000	  59.000	  42.239	  88.000	Com2	R	2	51	2	1154
5036	8	44	79.000	  44.051	  60.000	  58.000	  39.545	  88.000	Com2	R	2	51	2	720
5036	8	45	40.000	  87.000	  37.000	  80.297	  41.000	  71.659	Fill5	R	6	49	3	1228
5036	8	46	91.000	  38.242	  89.000	  34.393	  93.000	  32.828	Fill1	R	4	49	3	1095
5036	8	47	93.000	  37.419	  92.000	  33.424	  95.000	  31.737	Fill1	R	5	51	1	599
5036	8	48	79.000	  45.557	  61.000	  59.000	  40.438	  89.000	Com2	R	1	50	2	1049
5036	8	49	88.000	  38.818	  87.000	  33.644	  89.000	  33.393	Fill1	R	5	51	1	1177
5036	8	50	47.444	  72.000	  46.444	  63.043	  49.444	  59.258	Fill4	R	6	50	2	657
5036	8	51	81.000	  45.111	  63.000	  58.000	  41.056	  89.000	Com2	R	5	49	2	692
5036	8	52	52.528	  72.000	  51.528	  65.518	  53.528	  63.070	Fill4	R	2	50	3	644
5036	8	53	49.714	  70.000	  46.714	  65.890	  51.714	  57.818	Fill4	R	5	50	3	484
5036	8	54	96.000	  38.719	  82.000	  45.329	  63.000	  59.000	Com1	R	4	49	3	540
5036	8	55	80.000	  44.987	  61.000	  59.000	  40.898	  88.000	Com2	R	4	51	2	1809
5036	8	56	60.000	  61.000	  59.000	  54.542	  62.000	  52.548	Fill3	R	2	50	3	660
5036	8	57	79.000	  46.304	  62.000	  59.000	  41.568	  88.000	Com2	R	3	49	2	997
5036	8	58	80.000	  44.225	  61.000	  58.000	  39.753	  89.000	Com2	R	4	51	2	726
5036	8	59	97.000	  37.072	  81.000	  44.395	  62.000	  58.000	Com1	R	5	50	3	548
5036	8	60	94.000	  40.234	  91.000	  36.132	  97.000	  34.134	Fill1	R	5	51	1	681
5036	8	61	97.000	  36.433	  81.000	  43.630	  62.000	  57.000	Com1	R	5	50	3	569
5036	8	62	92.000	  37.826	  90.000	  33.133	  94.000	  31.862	Fill1	R	2	49	1	924
5036	8	63	95.000	  37.853	  80.000	  44.950	  62.000	  58.000	Com1	R	2	50	3	689
5036	8	64	39.783	  92.000	  37.783	  83.372	  40.783	  76.945	Fill5	R	3	50	1	1665
5036	8	65	41.560	  91.000	  38.560	  84.543	  42.560	  76.691	Fill5	R	3	50	1	1433
5036	8	66	78.000	  46.141	  61.000	  59.000	  40.438	  89.000	Com2	R	3	49	2	905
5036	8	67	96.000	  36.854	  80.000	  44.225	  61.000	  58.000	Com1	R	2	50	3	655
5036	8	68	77.000	  49.117	  75.000	  45.013	  80.000	  42.275	Fill2	R	2	49	1	1247
5036	8	69	96.000	  37.490	  79.000	  45.557	  61.000	  59.000	Com1	R	2	50	3	520
5036	8	70	40.000	  87.000	  38.000	  78.237	  41.000	  72.024	Fill5	R	6	50	2	1339
5036	8	71	97.000	  37.021	  82.000	  43.793	  63.000	  57.000	Com1	R	3	51	3	560
5036	8	72	95.000	  38.505	  79.000	  46.304	  62.000	  59.000	Com1	R	6	49	3	934
5036	8	73	60.000	  58.000	  58.000	  51.828	  63.000	  47.349	Fill3	R	1	49	1	523
5036	8	74	94.000	  38.287	  78.000	  46.141	  61.000	  59.000	Com1	R	5	50	3	896
5036	8	75	56.000	  61.000	  53.000	  55.340	  57.000	  51.439	Fill3	R	5	51	1	1208
5036	8	76	82.000	  43.793	  63.000	  57.000	  41.276	  87.000	Com2	R	2	51	2	612
5036	8	77	80.000	  44.950	  62.000	  58.000	  40.864	  88.000	Com2	R	2	51	2	551
5036	8	78	78.000	  44.577	  61.000	  57.000	  39.966	  87.000	Com2	R	3	49	2	796
5036	8	79	39.101	  89.000	  36.101	  82.103	  41.101	  71.774	Fill5	R	2	49	1	1463
5036	8	80	81.000	  43.630	  62.000	  57.000	  41.093	  86.000	Com2	R	2	51	2	1047
5036	9	1	96.000	  36.854	  79.000	  44.785	  61.000	  58.000	Com1	R	4	49	3	4584
5036	9	2	94.000	  37.638	  78.000	  45.359	  61.000	  58.000	Com1	R	4	49	3	611
5036	9	3	79.000	  46.304	  62.000	  59.000	  41.101	  89.000	Com2	R	2	51	2	630
5036	9	4	78.000	  45.359	  61.000	  58.000	  40.205	  88.000	Com2	R	2	51	2	600
5036	9	5	40.198	  91.000	  38.198	  82.178	  41.198	  76.290	Fill5	R	2	51	2	763
5036	9	6	78.000	  45.359	  61.000	  58.000	  40.205	  88.000	Com2	R	4	51	2	680
5036	9	7	78.000	  45.359	  61.000	  58.000	  40.205	  88.000	Com2	R	2	51	2	680
5036	9	8	82.000	  46.049	  64.000	  59.000	  42.909	  88.000	Com2	R	4	51	2	712
5036	9	9	96.000	  38.063	  82.000	  44.561	  63.000	  58.000	Com1	R	2	50	3	535
5036	9	10	94.000	  37.638	  78.000	  45.359	  61.000	  58.000	Com1	R	5	50	3	476
5036	9	11	96.000	  38.719	  82.000	  45.329	  63.000	  59.000	Com1	R	4	49	3	499
5036	9	12	93.000	  38.699	  90.000	  35.456	  95.000	  33.621	Fill1	R	1	49	1	936
5036	9	13	76.000	  47.368	  75.000	  41.533	  78.000	  40.154	Fill2	R	2	50	3	1006
5036	9	14	60.000	  60.000	  59.000	  52.559	  63.000	  50.397	Fill3	R	4	50	1	704
5036	9	15	63.000	  60.000	  61.000	  54.967	  65.000	  51.262	Fill3	R	1	51	3	494
5036	9	16	96.000	  38.104	  79.000	  46.304	  62.000	  59.000	Com1	R	3	51	3	1062
5036	9	17	91.000	  40.198	  88.000	  36.534	  92.000	  35.130	Fill1	R	1	50	2	662
5036	9	18	97.000	  37.072	  79.000	  45.519	  62.000	  58.000	Com1	R	3	50	1	486
5036	9	19	81.000	  44.395	  62.000	  58.000	  40.404	  89.000	Com2	R	5	49	2	654
5036	9	20	96.000	  37.458	  81.000	  44.395	  62.000	  58.000	Com1	R	1	51	3	686
5036	9	21	74.000	  49.432	  71.000	  45.451	  77.000	  41.636	Fill2	R	6	49	3	766
5036	9	22	74.000	  49.378	  72.000	  44.236	  76.000	  42.474	Fill2	R	3	50	1	603
5036	9	23	82.000	  45.329	  63.000	  59.000	  41.300	  90.000	Com2	R	4	51	2	702
5036	9	24	95.000	  37.242	  78.000	  45.359	  61.000	  58.000	Com1	R	2	50	3	572
5036	9	25	53.239	  71.000	  51.239	  64.130	  54.239	  61.800	Fill4	R	3	50	1	669
5036	9	26	96.000	  37.458	  79.000	  45.519	  62.000	  58.000	Com1	R	2	50	3	589
5036	9	27	81.000	  44.395	  62.000	  58.000	  41.333	  87.000	Com2	R	5	49	2	943
5036	9	28	96.000	  38.104	  80.000	  45.725	  62.000	  59.000	Com1	R	5	50	3	742
5036	9	29	48.720	  75.000	  47.720	  66.241	  50.720	  63.131	Fill4	R	2	49	1	1187
5036	9	30	82.000	  44.561	  63.000	  58.000	  41.523	  88.000	Com2	R	2	51	2	750
5036	9	31	49.432	  74.000	  46.432	  69.650	  50.432	  64.026	Fill4	R	1	51	3	491
5036	9	32	59.000	  62.000	  56.000	  57.821	  62.000	  52.468	Fill3	R	4	50	1	579
5036	9	33	72.000	  49.139	  69.000	  44.899	  75.000	  41.760	Fill2	R	2	50	3	726
5036	9	34	50.690	  71.000	  47.690	  66.974	  52.690	  59.537	Fill4	R	3	50	1	627
5036	9	35	81.000	  43.630	  62.000	  57.000	  40.621	  87.000	Com2	R	2	51	2	726
5036	9	36	38.872	  94.000	  36.872	  84.643	  40.872	  76.262	Fill5	R	5	49	2	947
5036	9	37	80.000	  45.725	  62.000	  59.000	  41.101	  89.000	Com2	R	4	51	2	568
5036	9	38	78.000	  48.462	  76.000	  43.579	  80.000	  42.163	Fill2	R	4	50	1	572
5036	9	39	96.000	  36.813	  81.000	  43.630	  62.000	  57.000	Com1	R	2	51	2	1197
5036	9	40	80.000	  44.950	  62.000	  58.000	  41.333	  87.000	Com2	R	2	51	2	727
5036	9	41	97.000	  37.072	  81.000	  44.395	  62.000	  58.000	Com1	R	6	49	3	693
5036	9	42	52.500	  72.000	  50.500	  65.069	  53.500	  62.729	Fill4	R	6	50	2	821
5036	9	43	39.761	  92.000	  38.761	  81.061	  40.761	  76.421	Fill5	R	3	50	1	671
5036	9	44	91.000	  40.154	  90.000	  35.444	  94.000	  34.011	Fill1	R	4	49	3	799
5036	9	45	98.000	  38.531	  82.000	  46.049	  64.000	  59.000	Com1	R	4	49	3	586
5036	9	46	40.000	  90.000	  38.000	  81.132	  41.000	  74.902	Fill5	R	2	50	3	701
5036	9	47	93.000	  38.710	  91.000	  34.747	  95.000	  33.432	Fill1	R	4	50	1	571
5036	9	48	48.466	  73.000	  46.466	  65.984	  50.466	  62.002	Fill4	R	2	49	1	734
5036	9	49	79.000	  45.519	  62.000	  58.000	  41.333	  87.000	Com2	R	3	49	2	699
5036	9	50	39.989	  90.000	  38.989	  78.997	  41.989	  72.757	Fill5	R	3	49	2	635
5036	9	51	58.000	  61.000	  55.000	  56.291	  59.000	  52.542	Fill3	R	5	49	2	555
5036	9	52	96.000	  36.854	  78.000	  45.359	  61.000	  58.000	Com1	R	4	49	3	641
5036	9	53	59.000	  62.000	  58.000	  54.741	  62.000	  51.903	Fill3	R	5	49	2	479
5036	9	54	61.000	  59.000	  59.000	  53.017	  62.000	  51.194	Fill3	R	6	49	3	551
5036	9	55	42.000	  90.000	  39.000	  84.077	  43.000	  75.558	Fill5	R	5	51	1	685
5036	9	56	74.000	  49.432	  73.000	  43.753	  76.000	  42.276	Fill2	R	3	49	2	685
5036	9	57	75.000	  47.987	  72.000	  43.903	  78.000	  40.705	Fill2	R	1	50	2	573
5036	9	58	49.432	  74.000	  48.432	  65.307	  51.432	  61.576	Fill4	R	1	50	2	511
5036	9	59	78.000	  48.462	  77.000	  43.260	  79.000	  41.646	Fill2	R	3	50	1	581
5036	9	60	98.000	  37.286	  81.000	  45.111	  63.000	  58.000	Com1	R	4	49	3	2167
5036	9	61	96.000	  38.063	  82.000	  44.561	  63.000	  58.000	Com1	R	4	49	3	1818
5036	9	62	79.000	  45.519	  62.000	  58.000	  40.404	  89.000	Com2	R	4	51	2	813
5036	9	63	91.000	  40.198	  89.000	  36.506	  93.000	  34.839	Fill1	R	3	49	2	1079
5036	9	64	38.879	  91.000	  37.879	  80.123	  39.879	  74.926	Fill5	R	5	49	2	792
5036	9	65	82.000	  44.561	  63.000	  58.000	  41.056	  89.000	Com2	R	6	50	2	962
5036	9	66	78.000	  45.359	  61.000	  58.000	  39.753	  89.000	Com2	R	2	51	2	2599
5036	9	67	81.000	  42.778	  63.000	  55.000	  40.765	  85.000	Com2	R	5	49	2	794
5036	9	68	79.000	  44.785	  61.000	  58.000	  39.753	  89.000	Com2	R	6	50	2	597
5036	9	69	58.000	  63.000	  57.000	  56.649	  61.000	  51.852	Fill3	R	4	50	1	711
5036	9	70	90.000	  39.311	  87.000	  35.356	  93.000	  33.183	Fill1	R	6	51	1	1189
5036	9	71	63.000	  60.000	  60.000	  56.267	  66.000	  51.167	Fill3	R	6	50	2	959
5036	9	72	96.000	  37.458	  80.000	  44.950	  62.000	  58.000	Com1	R	6	49	3	789
5036	9	73	95.000	  39.789	  92.000	  36.685	  97.000	  34.392	Fill1	R	1	49	1	1455
5036	9	74	98.000	  35.357	  81.000	  42.778	  63.000	  55.000	Com1	R	6	49	3	543
5036	9	75	51.429	  70.000	  48.429	  64.982	  52.429	  59.624	Fill4	R	4	51	2	1062
5036	9	76	94.000	  40.213	  93.000	  36.290	  96.000	  34.271	Fill1	R	5	51	1	676
5036	9	77	81.000	  45.111	  63.000	  58.000	  41.056	  89.000	Com2	R	5	51	1	292
5036	9	78	80.000	  45.675	  63.000	  58.000	  41.523	  88.000	Com2	R	1	51	3	132
5036	9	79	41.538	  91.000	  39.538	  81.693	  42.538	  76.213	Fill5	R	3	51	3	41
5036	9	80	98.000	  37.286	  80.000	  45.675	  63.000	  58.000	Com1	R	1	51	3	769
