username: 5405, Experiment time (minutes): 43
Operating system: Windows 7
Manufacturer: Adobe Windows
Player type: PlugIn
Version: WIN 10,3,183,10

username	blkNum	trlNum	Rect1Height	Rect1Width	Rect2Height	Rect2Width	Rect3Height	Rect3Width	Effect	StimType	StimPosition	rawResp	response	RT
5405	0	1	92.000	  41.109	  76.000	  49.763	  61.000	  62.000	Com1	R	1	49	1	11445
5405	0	2	73.000	  50.110	  59.000	  62.000	  50.110	  73.000	Com2	R	5	49	2	9203
5405	0	3	59.000	  59.000	  58.000	  52.224	  60.000	  49.917	Fill3	R	4	50	1	4288
5405	1	1	96.000	  38.063	  82.000	  44.561	  63.000	  58.000	Com1	R	5	51	1	2928
5405	1	2	63.000	  57.000	  61.000	  51.656	  66.000	  47.879	Fill3	R	2	49	1	8522
5405	1	3	59.000	  61.000	  57.000	  55.491	  62.000	  51.194	Fill3	R	3	50	1	3744
5405	1	4	98.000	  37.286	  80.000	  45.675	  63.000	  58.000	Com1	R	4	50	1	9092
5405	1	5	79.000	  47.051	  76.000	  43.197	  81.000	  40.654	Fill2	R	3	50	1	2613
5405	1	6	96.000	  37.490	  80.000	  44.987	  61.000	  59.000	Com1	R	5	50	3	3303
5405	1	7	77.000	  45.974	  60.000	  59.000	  40.227	  88.000	Com2	R	2	51	2	4413
5405	1	8	50.833	  72.000	  48.833	  65.119	  52.833	  60.473	Fill4	R	6	51	1	3223
5405	1	9	82.000	  45.329	  63.000	  59.000	  42.239	  88.000	Com2	R	4	51	2	5266
5405	1	10	49.986	  72.000	  46.986	  66.786	  50.986	  61.056	Fill4	R	3	50	1	1977
5405	1	11	80.000	  44.950	  62.000	  58.000	  41.333	  87.000	Com2	R	5	49	2	3012
5405	1	12	72.000	  45.889	  69.000	  40.928	  74.000	  39.068	Fill2	R	6	51	1	2183
5405	1	13	76.000	  45.789	  74.000	  40.743	  78.000	  39.077	Fill2	R	5	51	1	1273
5405	1	14	81.000	  44.333	  63.000	  57.000	  41.276	  87.000	Com2	R	4	51	2	2145
5405	1	15	39.989	  90.000	  38.989	  78.535	  40.989	  74.581	Fill5	R	5	51	1	1207
5405	1	16	81.000	  44.395	  62.000	  58.000	  40.404	  89.000	Com2	R	4	51	2	3250
5405	1	17	97.000	  36.433	  80.000	  44.175	  62.000	  57.000	Com1	R	5	50	3	3337
5405	1	18	96.000	  37.458	  81.000	  44.395	  62.000	  58.000	Com1	R	5	50	3	9918
5405	1	19	96.000	  38.719	  82.000	  45.329	  63.000	  59.000	Com1	R	1	51	3	2205
5405	1	20	95.000	  37.200	  81.000	  43.630	  62.000	  57.000	Com1	R	2	50	3	3519
5405	1	21	47.884	  69.000	  44.884	  63.541	  49.884	  57.233	Fill4	R	3	50	1	9563
5405	1	22	80.000	  44.175	  62.000	  57.000	  40.621	  87.000	Com2	R	5	49	2	2666
5405	1	23	96.000	  36.219	  80.000	  43.462	  61.000	  57.000	Com1	R	4	49	3	1897
5405	1	24	78.000	  46.038	  77.000	  40.169	  79.000	  40.253	Fill2	R	5	51	1	7272
5405	1	25	49.986	  72.000	  47.986	  66.144	  50.986	  61.370	Fill4	R	6	51	1	2369
5405	1	26	93.000	  39.355	  91.000	  35.022	  94.000	  33.681	Fill1	R	2	49	1	4077
5405	1	27	37.124	  89.000	  36.124	  77.595	  38.124	  72.501	Fill5	R	5	51	1	4884
5405	1	28	96.000	  35.583	  79.000	  43.241	  61.000	  56.000	Com1	R	2	50	3	2491
5405	1	29	97.000	  36.433	  80.000	  44.175	  62.000	  57.000	Com1	R	4	49	3	2131
5405	1	30	79.000	  44.785	  61.000	  58.000	  40.205	  88.000	Com2	R	5	49	2	1705
5405	1	31	41.276	  87.000	  40.276	  76.398	  42.276	  73.115	Fill5	R	3	50	1	2208
5405	1	32	94.000	  37.638	  79.000	  44.785	  61.000	  58.000	Com1	R	4	49	3	3857
5405	1	33	60.000	  61.000	  59.000	  55.153	  61.000	  52.475	Fill3	R	2	49	1	1745
5405	1	34	97.000	  38.320	  82.000	  45.329	  63.000	  59.000	Com1	R	6	49	3	5222
5405	1	35	59.000	  61.000	  58.000	  54.052	  61.000	  50.967	Fill3	R	5	51	1	1984
5405	1	36	74.000	  48.635	  72.000	  43.250	  76.000	  40.895	Fill2	R	2	49	1	3965
5405	1	37	81.000	  44.395	  62.000	  58.000	  41.333	  87.000	Com2	R	1	50	2	6728
5405	1	38	80.000	  46.500	  62.000	  60.000	  40.879	  91.000	Com2	R	1	50	2	5206
5405	1	39	60.000	  58.000	  59.000	  52.017	  63.000	  48.873	Fill3	R	3	50	1	2241
5405	1	40	39.989	  90.000	  37.989	  80.445	  40.989	  75.142	Fill5	R	2	49	1	3937
5405	1	41	53.597	  67.000	  52.597	  59.908	  54.597	  57.897	Fill4	R	5	51	1	5246
5405	1	42	82.000	  44.561	  63.000	  58.000	  41.056	  89.000	Com2	R	2	51	2	1430
5405	1	43	78.000	  46.141	  61.000	  59.000	  39.989	  90.000	Com2	R	3	49	2	5305
5405	1	44	95.000	  39.126	  94.000	  34.543	  96.000	  34.000	Fill1	R	2	49	1	1711
5405	1	45	80.000	  44.987	  61.000	  59.000	  40.898	  88.000	Com2	R	1	50	2	8339
5405	1	46	79.000	  43.241	  61.000	  56.000	  39.264	  87.000	Com2	R	2	51	2	2432
5405	1	47	52.352	  71.000	  51.352	  63.425	  54.352	  59.556	Fill4	R	5	51	1	6185
5405	1	48	96.000	  39.375	  95.000	  35.400	  97.000	  33.938	Fill1	R	3	50	1	4124
5405	1	49	95.000	  37.263	  77.000	  45.974	  60.000	  59.000	Com1	R	2	50	3	2576
5405	1	50	95.000	  37.853	  81.000	  44.395	  62.000	  58.000	Com1	R	3	50	1	20931
5405	1	51	49.714	  70.000	  47.714	  64.299	  50.714	  59.431	Fill4	R	3	50	1	6329
5405	1	52	54.000	  70.000	  53.000	  62.075	  55.000	  60.891	Fill4	R	4	50	1	3093
5405	1	53	75.000	  48.800	  74.000	  42.757	  78.000	  41.474	Fill2	R	4	50	1	2470
5405	1	54	80.000	  44.888	  63.000	  57.000	  41.276	  87.000	Com2	R	4	50	1	24959
5405	1	55	41.538	  91.000	  38.538	  84.928	  42.538	  77.013	Fill5	R	3	50	1	3715
5405	1	56	79.000	  47.848	  77.000	  42.935	  82.000	  40.756	Fill2	R	1	49	1	1991
5405	1	57	91.000	  38.242	  90.000	  33.956	  94.000	  31.851	Fill1	R	3	50	1	2482
5405	1	58	79.000	  44.785	  61.000	  58.000	  39.753	  89.000	Com2	R	5	51	1	7148
5405	1	59	80.000	  43.462	  61.000	  57.000	  40.430	  86.000	Com2	R	3	49	2	10807
5405	1	60	80.000	  45.675	  63.000	  58.000	  42.000	  87.000	Com2	R	3	50	1	7812
5405	1	61	96.000	  37.406	  80.000	  44.888	  63.000	  57.000	Com1	R	1	49	1	3126
5405	1	62	94.000	  38.287	  78.000	  46.141	  61.000	  59.000	Com1	R	4	50	1	6322
5405	1	63	63.000	  59.000	  62.000	  51.984	  64.000	  51.750	Fill3	R	6	51	1	8384
5405	1	64	80.000	  44.175	  62.000	  57.000	  40.159	  88.000	Com2	R	3	50	1	2954
5405	1	65	96.000	  36.854	  79.000	  44.785	  61.000	  58.000	Com1	R	4	50	1	2943
5405	1	66	88.000	  37.545	  87.000	  32.379	  89.000	  31.607	Fill1	R	5	51	1	5254
5405	1	67	40.667	  90.000	  39.667	  78.908	  42.667	  73.453	Fill5	R	5	51	1	3326
5405	1	68	90.000	  39.989	  87.000	  35.897	  93.000	  34.172	Fill1	R	1	49	1	1395
5405	1	69	63.000	  60.000	  61.000	  54.754	  64.000	  52.578	Fill3	R	5	51	1	2245
5405	1	70	42.239	  88.000	  41.239	  77.937	  43.239	  73.476	Fill5	R	3	50	1	1605
5405	1	71	96.000	  37.406	  95.000	  33.063	  99.000	  31.576	Fill1	R	6	51	1	8704
5405	1	72	90.000	  39.989	  88.000	  35.773	  92.000	  33.967	Fill1	R	2	49	1	1150
5405	1	73	56.000	  59.000	  55.000	  52.073	  58.000	  49.069	Fill3	R	4	50	1	1448
5405	1	74	39.101	  89.000	  37.101	  79.566	  41.101	  72.188	Fill5	R	2	49	1	1258
5405	1	75	81.000	  43.630	  62.000	  57.000	  40.159	  88.000	Com2	R	1	50	2	4194
5405	1	76	97.000	  37.072	  80.000	  44.950	  62.000	  58.000	Com1	R	1	51	3	23206
5405	1	77	95.000	  39.158	  80.000	  46.500	  62.000	  60.000	Com1	R	3	51	3	25006
5405	1	78	75.000	  47.987	  74.000	  42.122	  78.000	  40.859	Fill2	R	5	51	1	1282
5405	1	79	97.000	  37.021	  81.000	  44.333	  63.000	  57.000	Com1	R	5	50	3	3066
5405	1	80	82.000	  45.329	  63.000	  59.000	  41.300	  90.000	Com2	R	4	51	2	2122
5405	2	1	60.000	  58.000	  58.000	  51.569	  61.000	  49.148	Fill3	R	2	49	1	2880
5405	2	2	79.000	  46.304	  62.000	  59.000	  41.568	  88.000	Com2	R	4	51	2	1491
5405	2	3	76.000	  45.789	  74.000	  40.608	  77.000	  39.610	Fill2	R	1	49	1	1218
5405	2	4	97.000	  38.320	  81.000	  45.889	  63.000	  59.000	Com1	R	5	49	2	2349
5405	2	5	91.000	  38.242	  89.000	  34.213	  94.000	  32.138	Fill1	R	5	51	1	938
5405	2	6	82.000	  43.793	  63.000	  57.000	  41.276	  87.000	Com2	R	6	50	2	5374
5405	2	7	78.000	  46.141	  61.000	  59.000	  40.438	  89.000	Com2	R	1	50	2	2545
5405	2	8	51.549	  71.000	  50.549	  63.819	  52.549	  61.713	Fill4	R	3	50	1	2360
5405	2	9	93.000	  38.699	  92.000	  34.228	  96.000	  33.188	Fill1	R	1	49	1	3509
5405	2	10	74.000	  49.459	  71.000	  44.803	  76.000	  42.526	Fill2	R	1	49	1	2386
5405	2	11	96.000	  37.490	  79.000	  45.557	  61.000	  59.000	Com1	R	2	50	3	3628
5405	2	12	96.000	  36.854	  80.000	  44.225	  61.000	  58.000	Com1	R	2	50	3	3302
5405	2	13	94.000	  37.021	  79.000	  44.051	  60.000	  58.000	Com1	R	5	50	3	2974
5405	2	14	80.000	  44.175	  62.000	  57.000	  40.159	  88.000	Com2	R	4	51	2	1007
5405	2	15	92.000	  37.826	  90.000	  33.133	  94.000	  31.862	Fill1	R	5	51	1	1090
5405	2	16	81.000	  45.111	  63.000	  58.000	  41.056	  89.000	Com2	R	2	51	2	1474
5405	2	17	39.545	  88.000	  37.545	  79.104	  40.545	  73.473	Fill5	R	2	49	1	770
5405	2	18	75.000	  46.400	  74.000	  41.041	  76.000	  39.539	Fill2	R	2	49	1	988
5405	2	19	76.000	  46.579	  59.000	  60.000	  39.775	  89.000	Com2	R	1	50	2	2606
5405	2	20	77.000	  49.117	  75.000	  45.013	  80.000	  42.275	Fill2	R	6	49	3	1009
5405	2	21	96.000	  37.458	  81.000	  44.395	  62.000	  58.000	Com1	R	3	50	1	5509
5405	2	22	60.000	  58.000	  57.000	  52.965	  61.000	  50.393	Fill3	R	6	51	1	2882
5405	2	23	60.000	  58.000	  58.000	  51.828	  63.000	  47.349	Fill3	R	4	50	1	1082
5405	2	24	50.690	  71.000	  49.690	  62.809	  51.690	  61.346	Fill4	R	3	49	2	1049
5405	2	25	93.000	  38.065	  76.000	  46.579	  59.000	  60.000	Com1	R	2	51	2	1033
5405	2	26	60.000	  61.000	  59.000	  54.542	  62.000	  52.548	Fill3	R	4	50	1	985
5405	2	27	39.783	  92.000	  37.783	  83.372	  40.783	  76.945	Fill5	R	3	50	1	1916
5405	2	28	95.000	  37.200	  80.000	  44.175	  62.000	  57.000	Com1	R	4	50	1	7066
5405	2	29	96.000	  38.063	  81.000	  45.111	  63.000	  58.000	Com1	R	6	51	1	1866
5405	2	30	61.000	  62.000	  59.000	  56.458	  63.000	  53.333	Fill3	R	3	50	1	1593
5405	2	31	96.000	  36.219	  78.000	  44.577	  61.000	  57.000	Com1	R	1	49	1	1444
5405	2	32	56.000	  61.000	  53.000	  55.340	  57.000	  51.439	Fill3	R	5	51	1	2228
5405	2	33	61.000	  59.000	  59.000	  53.000	  63.000	  50.143	Fill3	R	5	51	1	1318
5405	2	34	76.000	  45.789	  73.000	  41.205	  79.000	  37.772	Fill2	R	3	50	1	1165
5405	2	35	81.000	  44.395	  62.000	  58.000	  40.864	  88.000	Com2	R	2	49	1	5513
5405	2	36	81.000	  43.630	  62.000	  57.000	  41.093	  86.000	Com2	R	5	49	2	2582
5405	2	37	79.000	  44.051	  60.000	  58.000	  39.545	  88.000	Com2	R	2	49	1	2969
5405	2	38	52.528	  72.000	  51.528	  65.518	  53.528	  63.070	Fill4	R	5	51	1	1148
5405	2	39	95.000	  38.505	  79.000	  46.304	  62.000	  59.000	Com1	R	3	51	3	1129
5405	2	40	93.000	  37.419	  92.000	  33.424	  95.000	  31.737	Fill1	R	5	51	1	887
5405	2	41	47.444	  72.000	  46.444	  63.043	  49.444	  59.258	Fill4	R	5	51	1	990
5405	2	42	97.000	  36.433	  81.000	  43.630	  62.000	  57.000	Com1	R	6	51	1	3617
5405	2	43	96.000	  37.458	  81.000	  44.395	  62.000	  58.000	Com1	R	2	49	1	21116
5405	2	44	80.000	  44.987	  61.000	  59.000	  40.898	  88.000	Com2	R	3	49	2	2489
5405	2	45	49.714	  70.000	  46.714	  65.890	  51.714	  57.818	Fill4	R	2	49	1	3298
5405	2	46	95.000	  37.853	  80.000	  44.950	  62.000	  58.000	Com1	R	3	50	1	1865
5405	2	47	95.000	  37.884	  80.000	  44.987	  61.000	  59.000	Com1	R	4	50	1	1433
5405	2	48	72.000	  47.444	  71.000	  41.620	  74.000	  40.581	Fill2	R	2	50	3	3321
5405	2	49	60.000	  58.000	  57.000	  52.895	  63.000	  48.762	Fill3	R	4	50	1	2413
5405	2	50	94.000	  40.234	  91.000	  36.132	  97.000	  34.134	Fill1	R	2	49	1	1257
5405	2	51	81.000	  44.395	  62.000	  58.000	  40.864	  88.000	Com2	R	2	49	1	2641
5405	2	52	80.000	  44.225	  61.000	  58.000	  39.753	  89.000	Com2	R	3	49	2	866
5405	2	53	97.000	  37.021	  82.000	  43.793	  63.000	  57.000	Com1	R	2	49	1	12184
5405	2	54	51.176	  68.000	  48.176	  62.188	  53.176	  57.826	Fill4	R	1	49	1	1084
5405	2	55	39.101	  89.000	  36.101	  82.103	  41.101	  71.774	Fill5	R	3	50	1	972
5405	2	56	91.000	  38.242	  89.000	  34.393	  93.000	  32.828	Fill1	R	1	49	1	1743
5405	2	57	82.000	  45.329	  63.000	  59.000	  42.239	  88.000	Com2	R	3	49	2	2020
5405	2	58	81.000	  45.889	  63.000	  59.000	  41.300	  90.000	Com2	R	3	49	2	1246
5405	2	59	40.000	  87.000	  37.000	  80.297	  41.000	  71.659	Fill5	R	2	49	1	1766
5405	2	60	49.714	  70.000	  47.714	  62.937	  50.714	  59.392	Fill4	R	1	49	1	1352
5405	2	61	95.000	  37.242	  78.000	  45.359	  61.000	  58.000	Com1	R	3	50	1	1325
5405	2	62	93.000	  39.355	  91.000	  34.769	  95.000	  33.642	Fill1	R	3	50	1	1411
5405	2	63	41.560	  91.000	  38.560	  84.543	  42.560	  76.691	Fill5	R	3	50	1	2293
5405	2	64	97.000	  37.072	  80.000	  44.950	  62.000	  58.000	Com1	R	2	49	1	4151
5405	2	65	79.000	  45.557	  61.000	  59.000	  40.438	  89.000	Com2	R	5	50	3	2476
5405	2	66	81.000	  44.395	  62.000	  58.000	  40.404	  89.000	Com2	R	3	49	2	6323
5405	2	67	97.000	  37.072	  81.000	  44.395	  62.000	  58.000	Com1	R	3	51	3	2784
5405	2	68	39.989	  90.000	  38.989	  78.946	  40.989	  74.874	Fill5	R	2	49	1	1485
5405	2	69	88.000	  38.818	  87.000	  33.644	  89.000	  33.393	Fill1	R	4	50	1	6252
5405	2	70	76.000	  47.355	  73.000	  43.466	  78.000	  40.949	Fill2	R	4	50	1	3067
5405	2	71	37.956	  90.000	  35.956	  81.017	  38.956	  73.776	Fill5	R	4	50	1	1499
5405	2	72	94.000	  38.287	  78.000	  46.141	  61.000	  59.000	Com1	R	1	49	1	1208
5405	2	73	78.000	  45.359	  61.000	  58.000	  40.205	  88.000	Com2	R	6	51	1	7076
5405	2	74	75.000	  46.400	  72.000	  41.625	  78.000	  38.821	Fill2	R	1	49	1	1892
5405	2	75	78.000	  44.577	  61.000	  57.000	  39.966	  87.000	Com2	R	5	49	2	2723
5405	2	76	80.000	  44.950	  62.000	  58.000	  40.404	  89.000	Com2	R	5	51	1	2752
5405	2	77	96.000	  38.719	  82.000	  45.329	  63.000	  59.000	Com1	R	5	51	1	1245
5405	2	78	49.714	  70.000	  47.714	  63.189	  51.714	  58.630	Fill4	R	2	49	1	1510
5405	2	79	80.000	  44.950	  62.000	  58.000	  40.864	  88.000	Com2	R	2	49	1	3843
5405	2	80	40.000	  87.000	  38.000	  78.237	  41.000	  72.024	Fill5	R	6	51	1	996
5405	3	1	78.000	  45.359	  61.000	  58.000	  40.205	  88.000	Com2	R	4	49	3	1801
5405	3	2	94.000	  37.638	  78.000	  45.359	  61.000	  58.000	Com1	R	4	49	3	3368
5405	3	3	98.000	  37.286	  81.000	  45.111	  63.000	  58.000	Com1	R	1	51	3	956
5405	3	4	95.000	  39.789	  92.000	  36.685	  97.000	  34.392	Fill1	R	5	51	1	992
5405	3	5	78.000	  45.359	  61.000	  58.000	  39.753	  89.000	Com2	R	4	49	3	995
5405	3	6	42.000	  90.000	  39.000	  84.077	  43.000	  75.558	Fill5	R	6	51	1	933
5405	3	7	90.000	  39.311	  87.000	  35.356	  93.000	  33.183	Fill1	R	2	49	1	936
5405	3	8	82.000	  46.049	  64.000	  59.000	  42.909	  88.000	Com2	R	5	51	1	3313
5405	3	9	40.000	  90.000	  38.000	  81.132	  41.000	  74.902	Fill5	R	3	50	1	1253
5405	3	10	97.000	  37.072	  79.000	  45.519	  62.000	  58.000	Com1	R	3	51	3	1373
5405	3	11	52.500	  72.000	  50.500	  65.069	  53.500	  62.729	Fill4	R	3	50	1	2976
5405	3	12	58.000	  63.000	  57.000	  56.649	  61.000	  51.852	Fill3	R	4	50	1	1043
5405	3	13	96.000	  38.063	  82.000	  44.561	  63.000	  58.000	Com1	R	4	49	3	3619
5405	3	14	96.000	  38.719	  82.000	  45.329	  63.000	  59.000	Com1	R	1	51	3	2109
5405	3	15	63.000	  60.000	  61.000	  54.967	  65.000	  51.262	Fill3	R	3	50	1	1507
5405	3	16	96.000	  37.458	  81.000	  44.395	  62.000	  58.000	Com1	R	5	50	3	5504
5405	3	17	96.000	  38.063	  82.000	  44.561	  63.000	  58.000	Com1	R	6	51	1	4364
5405	3	18	80.000	  44.950	  62.000	  58.000	  41.333	  87.000	Com2	R	5	50	3	2475
5405	3	19	61.000	  59.000	  59.000	  53.017	  62.000	  51.194	Fill3	R	4	50	1	1764
5405	3	20	60.000	  60.000	  59.000	  52.559	  63.000	  50.397	Fill3	R	3	50	1	1192
5405	3	21	50.690	  71.000	  47.690	  66.974	  52.690	  59.537	Fill4	R	3	50	1	1875
5405	3	22	79.000	  46.304	  62.000	  59.000	  41.101	  89.000	Com2	R	5	51	1	1555
5405	3	23	53.239	  71.000	  51.239	  64.130	  54.239	  61.800	Fill4	R	2	49	1	992
5405	3	24	79.000	  44.785	  61.000	  58.000	  39.753	  89.000	Com2	R	2	49	1	1970
5405	3	25	41.538	  91.000	  39.538	  81.693	  42.538	  76.213	Fill5	R	3	50	1	972
5405	3	26	96.000	  36.813	  81.000	  43.630	  62.000	  57.000	Com1	R	5	51	1	2288
5405	3	27	96.000	  37.458	  79.000	  45.519	  62.000	  58.000	Com1	R	3	49	2	1424
5405	3	28	96.000	  37.458	  80.000	  44.950	  62.000	  58.000	Com1	R	4	49	3	948
5405	3	29	51.429	  70.000	  48.429	  64.982	  52.429	  59.624	Fill4	R	3	50	1	824
5405	3	30	48.466	  73.000	  46.466	  65.984	  50.466	  62.002	Fill4	R	4	50	1	755
5405	3	31	72.000	  49.139	  69.000	  44.899	  75.000	  41.760	Fill2	R	4	50	1	816
5405	3	32	81.000	  45.111	  63.000	  58.000	  41.056	  89.000	Com2	R	3	50	1	1867
5405	3	33	75.000	  47.987	  72.000	  43.903	  78.000	  40.705	Fill2	R	1	49	1	1387
5405	3	34	91.000	  40.154	  90.000	  35.444	  94.000	  34.011	Fill1	R	3	50	1	1132
5405	3	35	82.000	  44.561	  63.000	  58.000	  41.523	  88.000	Com2	R	4	50	1	1050
5405	3	36	82.000	  44.561	  63.000	  58.000	  41.056	  89.000	Com2	R	5	49	2	1018
5405	3	37	79.000	  45.519	  62.000	  58.000	  41.333	  87.000	Com2	R	4	50	1	829
5405	3	38	80.000	  45.675	  63.000	  58.000	  41.523	  88.000	Com2	R	1	50	2	1128
5405	3	39	96.000	  36.854	  79.000	  44.785	  61.000	  58.000	Com1	R	1	49	1	1269
5405	3	40	74.000	  49.378	  72.000	  44.236	  76.000	  42.474	Fill2	R	5	51	1	1245
5405	3	41	93.000	  38.710	  91.000	  34.747	  95.000	  33.432	Fill1	R	6	51	1	1829
5405	3	42	98.000	  35.357	  81.000	  42.778	  63.000	  55.000	Com1	R	5	50	3	1208
5405	3	43	49.432	  74.000	  46.432	  69.650	  50.432	  64.026	Fill4	R	3	50	1	819
5405	3	44	49.432	  74.000	  48.432	  65.307	  51.432	  61.576	Fill4	R	1	49	1	1100
5405	3	45	93.000	  38.699	  90.000	  35.456	  95.000	  33.621	Fill1	R	1	49	1	922
5405	3	46	96.000	  38.104	  80.000	  45.725	  62.000	  59.000	Com1	R	3	50	1	2031
5405	3	47	80.000	  45.725	  62.000	  59.000	  41.101	  89.000	Com2	R	1	50	2	890
5405	3	48	81.000	  44.395	  62.000	  58.000	  40.404	  89.000	Com2	R	4	51	2	2036
5405	3	49	94.000	  40.213	  93.000	  36.290	  96.000	  34.271	Fill1	R	4	50	1	651
5405	3	50	94.000	  37.638	  78.000	  45.359	  61.000	  58.000	Com1	R	2	49	1	1339
5405	3	51	91.000	  40.198	  89.000	  36.506	  93.000	  34.839	Fill1	R	3	50	1	560
5405	3	52	98.000	  38.531	  82.000	  46.049	  64.000	  59.000	Com1	R	2	49	1	2341
5405	3	53	74.000	  49.432	  73.000	  43.753	  76.000	  42.276	Fill2	R	4	50	1	978
5405	3	54	82.000	  45.329	  63.000	  59.000	  41.300	  90.000	Com2	R	4	51	2	1604
5405	3	55	40.198	  91.000	  38.198	  82.178	  41.198	  76.290	Fill5	R	3	50	1	799
5405	3	56	78.000	  48.462	  77.000	  43.260	  79.000	  41.646	Fill2	R	5	51	1	874
5405	3	57	95.000	  37.242	  78.000	  45.359	  61.000	  58.000	Com1	R	5	51	1	1618
5405	3	58	58.000	  61.000	  55.000	  56.291	  59.000	  52.542	Fill3	R	4	50	1	1165
5405	3	59	91.000	  40.198	  88.000	  36.534	  92.000	  35.130	Fill1	R	1	49	1	2427
5405	3	60	78.000	  48.462	  76.000	  43.579	  80.000	  42.163	Fill2	R	4	50	1	933
5405	3	61	81.000	  43.630	  62.000	  57.000	  40.621	  87.000	Com2	R	4	51	2	1563
5405	3	62	97.000	  37.072	  81.000	  44.395	  62.000	  58.000	Com1	R	2	50	3	1496
5405	3	63	74.000	  49.432	  71.000	  45.451	  77.000	  41.636	Fill2	R	3	50	1	919
5405	3	64	38.872	  94.000	  36.872	  84.643	  40.872	  76.262	Fill5	R	4	50	1	812
5405	3	65	78.000	  45.359	  61.000	  58.000	  40.205	  88.000	Com2	R	3	49	2	1271
5405	3	66	81.000	  42.778	  63.000	  55.000	  40.765	  85.000	Com2	R	3	50	1	3311
5405	3	67	96.000	  38.104	  79.000	  46.304	  62.000	  59.000	Com1	R	2	49	1	1236
5405	3	68	79.000	  45.519	  62.000	  58.000	  40.404	  89.000	Com2	R	1	50	2	2044
5405	3	69	98.000	  37.286	  80.000	  45.675	  63.000	  58.000	Com1	R	5	51	1	2277
5405	3	70	59.000	  62.000	  56.000	  57.821	  62.000	  52.468	Fill3	R	3	50	1	1093
5405	3	71	59.000	  62.000	  58.000	  54.741	  62.000	  51.903	Fill3	R	3	50	1	740
5405	3	72	81.000	  44.395	  62.000	  58.000	  41.333	  87.000	Com2	R	6	50	2	1138
5405	3	73	63.000	  60.000	  60.000	  56.267	  66.000	  51.167	Fill3	R	1	50	2	767
5405	3	74	38.879	  91.000	  37.879	  80.123	  39.879	  74.926	Fill5	R	2	49	1	714
5405	3	75	39.989	  90.000	  38.989	  78.997	  41.989	  72.757	Fill5	R	4	50	1	679
5405	3	76	39.761	  92.000	  38.761	  81.061	  40.761	  76.421	Fill5	R	4	50	1	983
5405	3	77	96.000	  36.854	  78.000	  45.359	  61.000	  58.000	Com1	R	1	51	3	1387
5405	3	78	48.720	  75.000	  47.720	  66.241	  50.720	  63.131	Fill4	R	4	50	1	700
5405	3	79	76.000	  47.368	  75.000	  41.533	  78.000	  40.154	Fill2	R	4	50	1	890
5405	3	80	78.000	  45.359	  61.000	  58.000	  40.205	  88.000	Com2	R	5	49	2	835
5405	4	1	81.000	  44.395	  62.000	  58.000	  40.404	  89.000	Com2	R	5	49	2	889
5405	4	2	82.000	  44.561	  63.000	  58.000	  41.056	  89.000	Com2	R	2	51	2	1231
5405	4	3	49.986	  72.000	  47.986	  66.144	  50.986	  61.370	Fill4	R	1	49	1	1434
5405	4	4	59.000	  61.000	  58.000	  54.052	  61.000	  50.967	Fill3	R	6	51	1	714
5405	4	5	88.000	  37.545	  87.000	  32.379	  89.000	  31.607	Fill1	R	1	49	1	599
5405	4	6	75.000	  48.800	  74.000	  42.757	  78.000	  41.474	Fill2	R	5	51	1	906
5405	4	7	80.000	  45.675	  63.000	  58.000	  42.000	  87.000	Com2	R	5	49	2	2175
5405	4	8	39.989	  90.000	  37.989	  80.445	  40.989	  75.142	Fill5	R	4	49	3	594
5405	4	9	96.000	  39.375	  95.000	  35.400	  97.000	  33.938	Fill1	R	1	49	1	1220
5405	4	10	94.000	  37.638	  79.000	  44.785	  61.000	  58.000	Com1	R	3	51	3	1104
5405	4	11	95.000	  37.263	  77.000	  45.974	  60.000	  59.000	Com1	R	3	51	3	876
5405	4	12	97.000	  36.433	  80.000	  44.175	  62.000	  57.000	Com1	R	1	51	3	628
5405	4	13	90.000	  39.989	  88.000	  35.773	  92.000	  33.967	Fill1	R	4	50	1	1143
5405	4	14	39.101	  89.000	  37.101	  79.566	  41.101	  72.188	Fill5	R	5	51	1	1060
5405	4	15	80.000	  44.888	  63.000	  57.000	  41.276	  87.000	Com2	R	3	49	2	868
5405	4	16	82.000	  45.329	  63.000	  59.000	  41.300	  90.000	Com2	R	5	49	2	1597
5405	4	17	80.000	  44.987	  61.000	  59.000	  40.898	  88.000	Com2	R	3	49	2	2167
5405	4	18	96.000	  38.063	  82.000	  44.561	  63.000	  58.000	Com1	R	3	51	3	1114
5405	4	19	63.000	  60.000	  61.000	  54.754	  64.000	  52.578	Fill3	R	4	50	1	1447
5405	4	20	81.000	  43.630	  62.000	  57.000	  40.159	  88.000	Com2	R	3	49	2	1863
5405	4	21	95.000	  39.126	  94.000	  34.543	  96.000	  34.000	Fill1	R	3	50	1	1303
5405	4	22	96.000	  35.583	  79.000	  43.241	  61.000	  56.000	Com1	R	4	49	3	1660
5405	4	23	97.000	  36.433	  80.000	  44.175	  62.000	  57.000	Com1	R	4	50	1	4437
5405	4	24	96.000	  37.406	  80.000	  44.888	  63.000	  57.000	Com1	R	1	49	1	2908
5405	4	25	63.000	  57.000	  61.000	  51.656	  66.000	  47.879	Fill3	R	5	51	1	914
5405	4	26	97.000	  38.320	  82.000	  45.329	  63.000	  59.000	Com1	R	5	50	3	1111
5405	4	27	56.000	  59.000	  55.000	  52.073	  58.000	  49.069	Fill3	R	6	51	1	1332
5405	4	28	96.000	  38.719	  82.000	  45.329	  63.000	  59.000	Com1	R	3	49	2	2521
5405	4	29	50.833	  72.000	  48.833	  65.119	  52.833	  60.473	Fill4	R	4	50	1	879
5405	4	30	79.000	  44.785	  61.000	  58.000	  39.753	  89.000	Com2	R	1	50	2	1143
5405	4	31	41.276	  87.000	  40.276	  76.398	  42.276	  73.115	Fill5	R	6	51	1	2149
5405	4	32	79.000	  47.848	  77.000	  42.935	  82.000	  40.756	Fill2	R	6	51	1	842
5405	4	33	72.000	  45.889	  69.000	  40.928	  74.000	  39.068	Fill2	R	2	49	1	658
5405	4	34	80.000	  44.950	  62.000	  58.000	  41.333	  87.000	Com2	R	5	49	2	2146
5405	4	35	78.000	  46.038	  77.000	  40.169	  79.000	  40.253	Fill2	R	2	49	1	1159
5405	4	36	81.000	  44.395	  62.000	  58.000	  41.333	  87.000	Com2	R	4	51	2	1220
5405	4	37	78.000	  46.141	  61.000	  59.000	  39.989	  90.000	Com2	R	3	49	2	622
5405	4	38	80.000	  43.462	  61.000	  57.000	  40.430	  86.000	Com2	R	6	50	2	769
5405	4	39	82.000	  45.329	  63.000	  59.000	  42.239	  88.000	Com2	R	2	51	2	1659
5405	4	40	49.714	  70.000	  47.714	  64.299	  50.714	  59.431	Fill4	R	4	50	1	1428
5405	4	41	77.000	  45.974	  60.000	  59.000	  40.227	  88.000	Com2	R	5	49	2	1191
5405	4	42	52.352	  71.000	  51.352	  63.425	  54.352	  59.556	Fill4	R	2	50	3	978
5405	4	43	76.000	  45.789	  74.000	  40.743	  78.000	  39.077	Fill2	R	2	49	1	3508
5405	4	44	79.000	  43.241	  61.000	  56.000	  39.264	  87.000	Com2	R	3	49	2	2082
5405	4	45	54.000	  70.000	  53.000	  62.075	  55.000	  60.891	Fill4	R	2	49	1	1385
5405	4	46	41.538	  91.000	  38.538	  84.928	  42.538	  77.013	Fill5	R	3	50	1	1275
5405	4	47	80.000	  44.175	  62.000	  57.000	  40.621	  87.000	Com2	R	6	50	2	1107
5405	4	48	53.597	  67.000	  52.597	  59.908	  54.597	  57.897	Fill4	R	3	50	1	1169
5405	4	49	91.000	  38.242	  90.000	  33.956	  94.000	  31.851	Fill1	R	3	50	1	1452
5405	4	50	47.884	  69.000	  44.884	  63.541	  49.884	  57.233	Fill4	R	5	51	1	1356
5405	4	51	90.000	  39.989	  87.000	  35.897	  93.000	  34.172	Fill1	R	5	51	1	994
5405	4	52	93.000	  39.355	  91.000	  35.022	  94.000	  33.681	Fill1	R	3	50	1	1508
5405	4	53	97.000	  37.021	  81.000	  44.333	  63.000	  57.000	Com1	R	3	51	3	2290
5405	4	54	63.000	  59.000	  62.000	  51.984	  64.000	  51.750	Fill3	R	6	51	1	786
5405	4	55	95.000	  37.853	  81.000	  44.395	  62.000	  58.000	Com1	R	3	51	3	859
5405	4	56	94.000	  38.287	  78.000	  46.141	  61.000	  59.000	Com1	R	6	49	3	643
5405	4	57	96.000	  36.854	  79.000	  44.785	  61.000	  58.000	Com1	R	6	49	3	851
5405	4	58	81.000	  44.333	  63.000	  57.000	  41.276	  87.000	Com2	R	3	49	2	763
5405	4	59	96.000	  37.490	  80.000	  44.987	  61.000	  59.000	Com1	R	2	49	1	1385
5405	4	60	49.986	  72.000	  46.986	  66.786	  50.986	  61.056	Fill4	R	4	50	1	1037
5405	4	61	96.000	  36.219	  80.000	  43.462	  61.000	  57.000	Com1	R	3	51	3	828
5405	4	62	74.000	  48.635	  72.000	  43.250	  76.000	  40.895	Fill2	R	3	50	1	967
5405	4	63	97.000	  37.072	  80.000	  44.950	  62.000	  58.000	Com1	R	5	50	3	1082
5405	4	64	40.667	  90.000	  39.667	  78.908	  42.667	  73.453	Fill5	R	6	51	1	842
5405	4	65	75.000	  47.987	  74.000	  42.122	  78.000	  40.859	Fill2	R	6	51	1	770
5405	4	66	98.000	  37.286	  80.000	  45.675	  63.000	  58.000	Com1	R	6	49	3	620
5405	4	67	95.000	  37.200	  81.000	  43.630	  62.000	  57.000	Com1	R	4	49	3	1294
5405	4	68	80.000	  46.500	  62.000	  60.000	  40.879	  91.000	Com2	R	1	50	2	678
5405	4	69	37.124	  89.000	  36.124	  77.595	  38.124	  72.501	Fill5	R	1	51	3	710
5405	4	70	60.000	  61.000	  59.000	  55.153	  61.000	  52.475	Fill3	R	4	50	1	931
5405	4	71	96.000	  37.458	  81.000	  44.395	  62.000	  58.000	Com1	R	5	50	3	1561
5405	4	72	95.000	  39.158	  80.000	  46.500	  62.000	  60.000	Com1	R	2	50	3	1383
5405	4	73	96.000	  37.406	  95.000	  33.063	  99.000	  31.576	Fill1	R	2	49	1	666
5405	4	74	42.239	  88.000	  41.239	  77.937	  43.239	  73.476	Fill5	R	3	50	1	986
5405	4	75	80.000	  44.175	  62.000	  57.000	  40.159	  88.000	Com2	R	5	50	3	940
5405	4	76	59.000	  61.000	  57.000	  55.491	  62.000	  51.194	Fill3	R	5	51	1	1058
5405	4	77	60.000	  58.000	  59.000	  52.017	  63.000	  48.873	Fill3	R	3	50	1	626
5405	4	78	79.000	  44.785	  61.000	  58.000	  40.205	  88.000	Com2	R	4	51	2	980
5405	4	79	79.000	  47.051	  76.000	  43.197	  81.000	  40.654	Fill2	R	3	50	1	774
5405	4	80	39.989	  90.000	  38.989	  78.535	  40.989	  74.581	Fill5	R	4	50	1	705
5405	5	1	95.000	  37.242	  78.000	  45.359	  61.000	  58.000	Com1	R	5	50	3	729
5405	5	2	81.000	  44.395	  62.000	  58.000	  40.864	  88.000	Com2	R	5	49	2	2972
5405	5	3	97.000	  36.433	  81.000	  43.630	  62.000	  57.000	Com1	R	3	51	3	654
5405	5	4	93.000	  38.699	  92.000	  34.228	  96.000	  33.188	Fill1	R	2	50	3	687
5405	5	5	37.956	  90.000	  35.956	  81.017	  38.956	  73.776	Fill5	R	2	49	1	847
5405	5	6	95.000	  37.853	  80.000	  44.950	  62.000	  58.000	Com1	R	4	51	2	759
5405	5	7	52.528	  72.000	  51.528	  65.518	  53.528	  63.070	Fill4	R	5	51	1	964
5405	5	8	93.000	  37.419	  92.000	  33.424	  95.000	  31.737	Fill1	R	5	51	1	1577
5405	5	9	60.000	  58.000	  58.000	  51.569	  61.000	  49.148	Fill3	R	1	49	1	1267
5405	5	10	76.000	  45.789	  73.000	  41.205	  79.000	  37.772	Fill2	R	5	51	1	875
5405	5	11	97.000	  37.021	  82.000	  43.793	  63.000	  57.000	Com1	R	3	49	2	1011
5405	5	12	60.000	  58.000	  58.000	  51.828	  63.000	  47.349	Fill3	R	3	50	1	774
5405	5	13	96.000	  38.719	  82.000	  45.329	  63.000	  59.000	Com1	R	5	51	1	1074
5405	5	14	50.690	  71.000	  49.690	  62.809	  51.690	  61.346	Fill4	R	1	49	1	1041
5405	5	15	96.000	  38.063	  81.000	  45.111	  63.000	  58.000	Com1	R	3	51	3	833
5405	5	16	39.989	  90.000	  38.989	  78.946	  40.989	  74.874	Fill5	R	2	49	1	697
5405	5	17	49.714	  70.000	  46.714	  65.890	  51.714	  57.818	Fill4	R	2	49	1	1482
5405	5	18	39.545	  88.000	  37.545	  79.104	  40.545	  73.473	Fill5	R	2	49	1	1066
5405	5	19	40.000	  87.000	  38.000	  78.237	  41.000	  72.024	Fill5	R	2	49	1	809
5405	5	20	96.000	  37.458	  81.000	  44.395	  62.000	  58.000	Com1	R	4	50	1	1760
5405	5	21	49.714	  70.000	  47.714	  63.189	  51.714	  58.630	Fill4	R	4	50	1	713
5405	5	22	92.000	  37.826	  90.000	  33.133	  94.000	  31.862	Fill1	R	3	50	1	3495
5405	5	23	51.176	  68.000	  48.176	  62.188	  53.176	  57.826	Fill4	R	2	49	1	710
5405	5	24	94.000	  40.234	  91.000	  36.132	  97.000	  34.134	Fill1	R	2	49	1	643
5405	5	25	81.000	  44.395	  62.000	  58.000	  40.404	  89.000	Com2	R	6	49	3	931
5405	5	26	95.000	  37.200	  80.000	  44.175	  62.000	  57.000	Com1	R	3	50	1	1497
5405	5	27	79.000	  44.051	  60.000	  58.000	  39.545	  88.000	Com2	R	4	50	1	809
5405	5	28	96.000	  37.458	  81.000	  44.395	  62.000	  58.000	Com1	R	1	50	2	1444
5405	5	29	79.000	  45.557	  61.000	  59.000	  40.438	  89.000	Com2	R	4	49	3	3491
5405	5	30	91.000	  38.242	  89.000	  34.213	  94.000	  32.138	Fill1	R	5	50	3	835
5405	5	31	81.000	  45.111	  63.000	  58.000	  41.056	  89.000	Com2	R	3	50	1	2059
5405	5	32	82.000	  43.793	  63.000	  57.000	  41.276	  87.000	Com2	R	5	49	2	1443
5405	5	33	78.000	  45.359	  61.000	  58.000	  40.205	  88.000	Com2	R	1	50	2	851
5405	5	34	80.000	  44.950	  62.000	  58.000	  40.864	  88.000	Com2	R	2	49	1	2011
5405	5	35	77.000	  49.117	  75.000	  45.013	  80.000	  42.275	Fill2	R	3	50	1	1206
5405	5	36	93.000	  39.355	  91.000	  34.769	  95.000	  33.642	Fill1	R	3	50	1	753
5405	5	37	97.000	  37.072	  81.000	  44.395	  62.000	  58.000	Com1	R	6	51	1	1166
5405	5	38	51.549	  71.000	  50.549	  63.819	  52.549	  61.713	Fill4	R	3	50	1	1115
5405	5	39	80.000	  44.175	  62.000	  57.000	  40.159	  88.000	Com2	R	1	49	1	1193
5405	5	40	60.000	  58.000	  57.000	  52.895	  63.000	  48.762	Fill3	R	6	51	1	2275
5405	5	41	95.000	  38.505	  79.000	  46.304	  62.000	  59.000	Com1	R	1	49	1	1060
5405	5	42	81.000	  45.889	  63.000	  59.000	  41.300	  90.000	Com2	R	3	49	2	3267
5405	5	43	88.000	  38.818	  87.000	  33.644	  89.000	  33.393	Fill1	R	4	50	1	811
5405	5	44	80.000	  44.225	  61.000	  58.000	  39.753	  89.000	Com2	R	2	49	1	1334
5405	5	45	81.000	  44.395	  62.000	  58.000	  40.864	  88.000	Com2	R	3	49	2	1003
5405	5	46	76.000	  47.355	  73.000	  43.466	  78.000	  40.949	Fill2	R	3	50	1	685
5405	5	47	41.560	  91.000	  38.560	  84.543	  42.560	  76.691	Fill5	R	2	49	1	701
5405	5	48	61.000	  59.000	  59.000	  53.000	  63.000	  50.143	Fill3	R	4	50	1	635
5405	5	49	78.000	  44.577	  61.000	  57.000	  39.966	  87.000	Com2	R	4	51	2	923
5405	5	50	76.000	  45.789	  74.000	  40.608	  77.000	  39.610	Fill2	R	3	50	1	609
5405	5	51	94.000	  37.021	  79.000	  44.051	  60.000	  58.000	Com1	R	1	51	3	947
5405	5	52	79.000	  46.304	  62.000	  59.000	  41.568	  88.000	Com2	R	5	49	2	810
5405	5	53	80.000	  44.950	  62.000	  58.000	  40.404	  89.000	Com2	R	6	50	2	707
5405	5	54	96.000	  36.854	  80.000	  44.225	  61.000	  58.000	Com1	R	3	51	3	1249
5405	5	55	56.000	  61.000	  53.000	  55.340	  57.000	  51.439	Fill3	R	6	51	1	1081
5405	5	56	78.000	  46.141	  61.000	  59.000	  40.438	  89.000	Com2	R	4	51	2	857
5405	5	57	60.000	  61.000	  59.000	  54.542	  62.000	  52.548	Fill3	R	6	51	1	609
5405	5	58	91.000	  38.242	  89.000	  34.393	  93.000	  32.828	Fill1	R	6	50	2	931
5405	5	59	97.000	  38.320	  81.000	  45.889	  63.000	  59.000	Com1	R	2	50	3	792
5405	5	60	75.000	  46.400	  72.000	  41.625	  78.000	  38.821	Fill2	R	2	49	1	1042
5405	5	61	72.000	  47.444	  71.000	  41.620	  74.000	  40.581	Fill2	R	4	50	1	675
5405	5	62	81.000	  43.630	  62.000	  57.000	  41.093	  86.000	Com2	R	5	49	2	819
5405	5	63	82.000	  45.329	  63.000	  59.000	  42.239	  88.000	Com2	R	5	49	2	1758
5405	5	64	39.101	  89.000	  36.101	  82.103	  41.101	  71.774	Fill5	R	3	50	1	659
5405	5	65	75.000	  46.400	  74.000	  41.041	  76.000	  39.539	Fill2	R	4	50	1	867
5405	5	66	76.000	  46.579	  59.000	  60.000	  39.775	  89.000	Com2	R	3	49	2	779
5405	5	67	96.000	  37.490	  79.000	  45.557	  61.000	  59.000	Com1	R	1	51	3	1894
5405	5	68	49.714	  70.000	  47.714	  62.937	  50.714	  59.392	Fill4	R	1	49	1	726
5405	5	69	74.000	  49.459	  71.000	  44.803	  76.000	  42.526	Fill2	R	5	51	1	755
5405	5	70	80.000	  44.987	  61.000	  59.000	  40.898	  88.000	Com2	R	2	50	3	577
5405	5	71	47.444	  72.000	  46.444	  63.043	  49.444	  59.258	Fill4	R	4	50	1	514
5405	5	72	97.000	  37.072	  80.000	  44.950	  62.000	  58.000	Com1	R	3	49	2	1528
5405	5	73	96.000	  36.219	  78.000	  44.577	  61.000	  57.000	Com1	R	4	49	3	661
5405	5	74	40.000	  87.000	  37.000	  80.297	  41.000	  71.659	Fill5	R	3	50	1	581
5405	5	75	93.000	  38.065	  76.000	  46.579	  59.000	  60.000	Com1	R	5	50	3	745
5405	5	76	39.783	  92.000	  37.783	  83.372	  40.783	  76.945	Fill5	R	2	49	1	567
5405	5	77	61.000	  62.000	  59.000	  56.458	  63.000	  53.333	Fill3	R	3	50	1	619
5405	5	78	94.000	  38.287	  78.000	  46.141	  61.000	  59.000	Com1	R	1	51	3	606
5405	5	79	95.000	  37.884	  80.000	  44.987	  61.000	  59.000	Com1	R	5	50	3	529
5405	5	80	60.000	  58.000	  57.000	  52.965	  61.000	  50.393	Fill3	R	2	49	1	966
5405	6	1	82.000	  44.561	  63.000	  58.000	  41.523	  88.000	Com2	R	6	49	3	930
5405	6	2	94.000	  37.638	  78.000	  45.359	  61.000	  58.000	Com1	R	2	50	3	752
5405	6	3	58.000	  61.000	  55.000	  56.291	  59.000	  52.542	Fill3	R	6	51	1	909
5405	6	4	96.000	  37.458	  79.000	  45.519	  62.000	  58.000	Com1	R	5	50	3	978
5405	6	5	49.432	  74.000	  48.432	  65.307	  51.432	  61.576	Fill4	R	6	51	1	965
5405	6	6	78.000	  45.359	  61.000	  58.000	  40.205	  88.000	Com2	R	5	49	2	1050
5405	6	7	90.000	  39.311	  87.000	  35.356	  93.000	  33.183	Fill1	R	4	50	1	1292
5405	6	8	49.432	  74.000	  46.432	  69.650	  50.432	  64.026	Fill4	R	3	50	1	931
5405	6	9	50.690	  71.000	  47.690	  66.974	  52.690	  59.537	Fill4	R	1	49	1	825
5405	6	10	41.538	  91.000	  39.538	  81.693	  42.538	  76.213	Fill5	R	5	51	1	755
5405	6	11	93.000	  38.710	  91.000	  34.747	  95.000	  33.432	Fill1	R	5	51	1	897
5405	6	12	81.000	  43.630	  62.000	  57.000	  40.621	  87.000	Com2	R	5	49	2	1177
5405	6	13	59.000	  62.000	  58.000	  54.741	  62.000	  51.903	Fill3	R	6	51	1	851
5405	6	14	95.000	  37.242	  78.000	  45.359	  61.000	  58.000	Com1	R	1	50	2	682
5405	6	15	74.000	  49.432	  73.000	  43.753	  76.000	  42.276	Fill2	R	3	50	1	714
5405	6	16	80.000	  45.675	  63.000	  58.000	  41.523	  88.000	Com2	R	2	51	2	1240
5405	6	17	63.000	  60.000	  60.000	  56.267	  66.000	  51.167	Fill3	R	6	51	1	720
5405	6	18	60.000	  60.000	  59.000	  52.559	  63.000	  50.397	Fill3	R	3	50	1	573
5405	6	19	76.000	  47.368	  75.000	  41.533	  78.000	  40.154	Fill2	R	2	49	1	1073
5405	6	20	40.000	  90.000	  38.000	  81.132	  41.000	  74.902	Fill5	R	2	49	1	656
5405	6	21	63.000	  60.000	  61.000	  54.967	  65.000	  51.262	Fill3	R	5	51	1	577
5405	6	22	39.989	  90.000	  38.989	  78.997	  41.989	  72.757	Fill5	R	5	51	1	611
5405	6	23	93.000	  38.699	  90.000	  35.456	  95.000	  33.621	Fill1	R	3	50	1	806
5405	6	24	98.000	  37.286	  80.000	  45.675	  63.000	  58.000	Com1	R	5	49	2	881
5405	6	25	61.000	  59.000	  59.000	  53.017	  62.000	  51.194	Fill3	R	3	50	1	617
5405	6	26	79.000	  45.519	  62.000	  58.000	  41.333	  87.000	Com2	R	5	51	1	731
5405	6	27	81.000	  42.778	  63.000	  55.000	  40.765	  85.000	Com2	R	5	49	2	744
5405	6	28	91.000	  40.154	  90.000	  35.444	  94.000	  34.011	Fill1	R	5	51	1	1413
5405	6	29	96.000	  37.458	  81.000	  44.395	  62.000	  58.000	Com1	R	5	50	3	1384
5405	6	30	78.000	  48.462	  77.000	  43.260	  79.000	  41.646	Fill2	R	5	51	1	970
5405	6	31	80.000	  45.725	  62.000	  59.000	  41.101	  89.000	Com2	R	4	50	1	1950
5405	6	32	98.000	  37.286	  81.000	  45.111	  63.000	  58.000	Com1	R	4	49	3	906
5405	6	33	96.000	  38.063	  82.000	  44.561	  63.000	  58.000	Com1	R	2	50	3	1169
5405	6	34	38.879	  91.000	  37.879	  80.123	  39.879	  74.926	Fill5	R	2	49	1	731
5405	6	35	48.466	  73.000	  46.466	  65.984	  50.466	  62.002	Fill4	R	4	50	1	985
5405	6	36	38.872	  94.000	  36.872	  84.643	  40.872	  76.262	Fill5	R	4	50	1	715
5405	6	37	39.761	  92.000	  38.761	  81.061	  40.761	  76.421	Fill5	R	4	50	1	1001
5405	6	38	94.000	  40.213	  93.000	  36.290	  96.000	  34.271	Fill1	R	3	50	1	682
5405	6	39	78.000	  48.462	  76.000	  43.579	  80.000	  42.163	Fill2	R	1	49	1	810
5405	6	40	58.000	  63.000	  57.000	  56.649	  61.000	  51.852	Fill3	R	2	49	1	1045
5405	6	41	96.000	  36.854	  79.000	  44.785	  61.000	  58.000	Com1	R	1	49	1	2149
5405	6	42	91.000	  40.198	  89.000	  36.506	  93.000	  34.839	Fill1	R	5	51	1	811
5405	6	43	96.000	  38.104	  80.000	  45.725	  62.000	  59.000	Com1	R	4	49	3	742
5405	6	44	52.500	  72.000	  50.500	  65.069	  53.500	  62.729	Fill4	R	3	50	1	643
5405	6	45	51.429	  70.000	  48.429	  64.982	  52.429	  59.624	Fill4	R	2	49	1	803
5405	6	46	96.000	  38.104	  79.000	  46.304	  62.000	  59.000	Com1	R	4	49	3	1204
5405	6	47	53.239	  71.000	  51.239	  64.130	  54.239	  61.800	Fill4	R	2	49	1	1273
5405	6	48	78.000	  45.359	  61.000	  58.000	  40.205	  88.000	Com2	R	5	50	3	753
5405	6	49	59.000	  62.000	  56.000	  57.821	  62.000	  52.468	Fill3	R	4	50	1	1138
5405	6	50	40.198	  91.000	  38.198	  82.178	  41.198	  76.290	Fill5	R	2	49	1	756
5405	6	51	74.000	  49.432	  71.000	  45.451	  77.000	  41.636	Fill2	R	5	51	1	632
5405	6	52	82.000	  44.561	  63.000	  58.000	  41.056	  89.000	Com2	R	6	50	2	3530
5405	6	53	81.000	  44.395	  62.000	  58.000	  40.404	  89.000	Com2	R	4	50	1	1640
5405	6	54	96.000	  38.063	  82.000	  44.561	  63.000	  58.000	Com1	R	2	49	1	1184
5405	6	55	72.000	  49.139	  69.000	  44.899	  75.000	  41.760	Fill2	R	4	49	3	1674
5405	6	56	79.000	  46.304	  62.000	  59.000	  41.101	  89.000	Com2	R	4	50	1	1010
5405	6	57	74.000	  49.378	  72.000	  44.236	  76.000	  42.474	Fill2	R	5	51	1	741
5405	6	58	96.000	  36.813	  81.000	  43.630	  62.000	  57.000	Com1	R	3	51	3	1874
5405	6	59	91.000	  40.198	  88.000	  36.534	  92.000	  35.130	Fill1	R	3	50	1	898
5405	6	60	80.000	  44.950	  62.000	  58.000	  41.333	  87.000	Com2	R	4	50	1	1194
5405	6	61	82.000	  45.329	  63.000	  59.000	  41.300	  90.000	Com2	R	5	51	1	1013
5405	6	62	79.000	  45.519	  62.000	  58.000	  40.404	  89.000	Com2	R	4	51	2	840
5405	6	63	81.000	  44.395	  62.000	  58.000	  41.333	  87.000	Com2	R	5	49	2	1185
5405	6	64	75.000	  47.987	  72.000	  43.903	  78.000	  40.705	Fill2	R	2	50	3	986
5405	6	65	82.000	  46.049	  64.000	  59.000	  42.909	  88.000	Com2	R	1	50	2	1325
5405	6	66	42.000	  90.000	  39.000	  84.077	  43.000	  75.558	Fill5	R	5	51	1	1234
5405	6	67	94.000	  37.638	  78.000	  45.359	  61.000	  58.000	Com1	R	2	49	1	1050
5405	6	68	96.000	  38.719	  82.000	  45.329	  63.000	  59.000	Com1	R	1	49	1	906
5405	6	69	95.000	  39.789	  92.000	  36.685	  97.000	  34.392	Fill1	R	1	49	1	1167
5405	6	70	98.000	  35.357	  81.000	  42.778	  63.000	  55.000	Com1	R	2	49	1	874
5405	6	71	97.000	  37.072	  79.000	  45.519	  62.000	  58.000	Com1	R	6	50	2	1154
5405	6	72	96.000	  36.854	  78.000	  45.359	  61.000	  58.000	Com1	R	1	49	1	928
5405	6	73	78.000	  45.359	  61.000	  58.000	  39.753	  89.000	Com2	R	3	51	3	885
5405	6	74	96.000	  37.458	  80.000	  44.950	  62.000	  58.000	Com1	R	1	49	1	893
5405	6	75	81.000	  45.111	  63.000	  58.000	  41.056	  89.000	Com2	R	4	50	1	789
5405	6	76	78.000	  45.359	  61.000	  58.000	  40.205	  88.000	Com2	R	1	50	2	1584
5405	6	77	48.720	  75.000	  47.720	  66.241	  50.720	  63.131	Fill4	R	5	49	2	1258
5405	6	78	98.000	  38.531	  82.000	  46.049	  64.000	  59.000	Com1	R	3	51	3	1442
5405	6	79	79.000	  44.785	  61.000	  58.000	  39.753	  89.000	Com2	R	2	51	2	1217
5405	6	80	97.000	  37.072	  81.000	  44.395	  62.000	  58.000	Com1	R	3	49	2	908
5405	7	1	77.000	  45.974	  60.000	  59.000	  40.227	  88.000	Com2	R	4	50	1	1161
5405	7	2	79.000	  47.051	  76.000	  43.197	  81.000	  40.654	Fill2	R	5	50	3	938
5405	7	3	78.000	  46.141	  61.000	  59.000	  39.989	  90.000	Com2	R	3	50	1	816
5405	7	4	81.000	  44.395	  62.000	  58.000	  40.404	  89.000	Com2	R	2	49	1	1178
5405	7	5	39.989	  90.000	  37.989	  80.445	  40.989	  75.142	Fill5	R	4	50	1	853
5405	7	6	49.714	  70.000	  47.714	  64.299	  50.714	  59.431	Fill4	R	4	50	1	909
5405	7	7	96.000	  36.219	  80.000	  43.462	  61.000	  57.000	Com1	R	2	49	1	866
5405	7	8	82.000	  45.329	  63.000	  59.000	  42.239	  88.000	Com2	R	2	50	3	810
5405	7	9	74.000	  48.635	  72.000	  43.250	  76.000	  40.895	Fill2	R	4	50	1	740
5405	7	10	47.884	  69.000	  44.884	  63.541	  49.884	  57.233	Fill4	R	6	51	1	785
5405	7	11	95.000	  37.263	  77.000	  45.974	  60.000	  59.000	Com1	R	6	50	2	2092
5405	7	12	78.000	  46.038	  77.000	  40.169	  79.000	  40.253	Fill2	R	4	50	1	1364
5405	7	13	96.000	  36.854	  79.000	  44.785	  61.000	  58.000	Com1	R	4	49	3	922
5405	7	14	80.000	  44.175	  62.000	  57.000	  40.159	  88.000	Com2	R	4	50	1	705
5405	7	15	50.833	  72.000	  48.833	  65.119	  52.833	  60.473	Fill4	R	3	50	1	781
5405	7	16	80.000	  44.950	  62.000	  58.000	  41.333	  87.000	Com2	R	4	50	1	3080
5405	7	17	63.000	  59.000	  62.000	  51.984	  64.000	  51.750	Fill3	R	5	51	1	1272
5405	7	18	96.000	  37.490	  80.000	  44.987	  61.000	  59.000	Com1	R	5	50	3	1807
5405	7	19	90.000	  39.989	  87.000	  35.897	  93.000	  34.172	Fill1	R	3	50	1	865
5405	7	20	41.538	  91.000	  38.538	  84.928	  42.538	  77.013	Fill5	R	6	51	1	825
5405	7	21	95.000	  37.853	  81.000	  44.395	  62.000	  58.000	Com1	R	3	51	3	6389
5405	7	22	97.000	  37.072	  80.000	  44.950	  62.000	  58.000	Com1	R	3	51	3	2192
5405	7	23	80.000	  46.500	  62.000	  60.000	  40.879	  91.000	Com2	R	4	51	2	1890
5405	7	24	82.000	  44.561	  63.000	  58.000	  41.056	  89.000	Com2	R	2	51	2	1458
5405	7	25	81.000	  43.630	  62.000	  57.000	  40.159	  88.000	Com2	R	2	49	1	1329
5405	7	26	75.000	  47.987	  74.000	  42.122	  78.000	  40.859	Fill2	R	5	51	1	1559
5405	7	27	63.000	  60.000	  61.000	  54.754	  64.000	  52.578	Fill3	R	5	51	1	1444
5405	7	28	97.000	  36.433	  80.000	  44.175	  62.000	  57.000	Com1	R	1	49	1	820
5405	7	29	49.986	  72.000	  47.986	  66.144	  50.986	  61.370	Fill4	R	2	49	1	1376
5405	7	30	98.000	  37.286	  80.000	  45.675	  63.000	  58.000	Com1	R	3	51	3	1473
5405	7	31	96.000	  37.406	  95.000	  33.063	  99.000	  31.576	Fill1	R	5	51	1	1058
5405	7	32	72.000	  45.889	  69.000	  40.928	  74.000	  39.068	Fill2	R	3	50	1	850
5405	7	33	56.000	  59.000	  55.000	  52.073	  58.000	  49.069	Fill3	R	2	49	1	890
5405	7	34	91.000	  38.242	  90.000	  33.956	  94.000	  31.851	Fill1	R	3	50	1	706
5405	7	35	79.000	  47.848	  77.000	  42.935	  82.000	  40.756	Fill2	R	5	51	1	1007
5405	7	36	80.000	  43.462	  61.000	  57.000	  40.430	  86.000	Com2	R	4	51	2	945
5405	7	37	60.000	  58.000	  59.000	  52.017	  63.000	  48.873	Fill3	R	4	50	1	567
5405	7	38	53.597	  67.000	  52.597	  59.908	  54.597	  57.897	Fill4	R	6	51	1	825
5405	7	39	82.000	  45.329	  63.000	  59.000	  41.300	  90.000	Com2	R	5	49	2	996
5405	7	40	96.000	  35.583	  79.000	  43.241	  61.000	  56.000	Com1	R	2	50	3	599
5405	7	41	80.000	  45.675	  63.000	  58.000	  42.000	  87.000	Com2	R	5	50	3	858
5405	7	42	60.000	  61.000	  59.000	  55.153	  61.000	  52.475	Fill3	R	2	49	1	961
5405	7	43	37.124	  89.000	  36.124	  77.595	  38.124	  72.501	Fill5	R	3	49	2	791
5405	7	44	42.239	  88.000	  41.239	  77.937	  43.239	  73.476	Fill5	R	1	49	1	769
5405	7	45	76.000	  45.789	  74.000	  40.743	  78.000	  39.077	Fill2	R	3	50	1	685
5405	7	46	59.000	  61.000	  57.000	  55.491	  62.000	  51.194	Fill3	R	4	50	1	749
5405	7	47	79.000	  44.785	  61.000	  58.000	  39.753	  89.000	Com2	R	2	50	3	1594
5405	7	48	97.000	  38.320	  82.000	  45.329	  63.000	  59.000	Com1	R	6	51	1	1780
5405	7	49	75.000	  48.800	  74.000	  42.757	  78.000	  41.474	Fill2	R	3	50	1	711
5405	7	50	97.000	  36.433	  80.000	  44.175	  62.000	  57.000	Com1	R	1	49	1	1396
5405	7	51	54.000	  70.000	  53.000	  62.075	  55.000	  60.891	Fill4	R	5	51	1	999
5405	7	52	96.000	  37.458	  81.000	  44.395	  62.000	  58.000	Com1	R	3	49	2	1530
5405	7	53	39.101	  89.000	  37.101	  79.566	  41.101	  72.188	Fill5	R	2	49	1	807
5405	7	54	96.000	  38.063	  82.000	  44.561	  63.000	  58.000	Com1	R	3	50	1	1169
5405	7	55	94.000	  38.287	  78.000	  46.141	  61.000	  59.000	Com1	R	5	50	3	684
5405	7	56	59.000	  61.000	  58.000	  54.052	  61.000	  50.967	Fill3	R	3	50	1	588
5405	7	57	95.000	  39.158	  80.000	  46.500	  62.000	  60.000	Com1	R	4	49	3	752
5405	7	58	81.000	  44.395	  62.000	  58.000	  41.333	  87.000	Com2	R	5	50	3	701
5405	7	59	81.000	  44.333	  63.000	  57.000	  41.276	  87.000	Com2	R	2	50	3	665
5405	7	60	96.000	  38.719	  82.000	  45.329	  63.000	  59.000	Com1	R	1	49	1	1497
5405	7	61	94.000	  37.638	  79.000	  44.785	  61.000	  58.000	Com1	R	3	50	1	601
5405	7	62	49.986	  72.000	  46.986	  66.786	  50.986	  61.056	Fill4	R	1	49	1	636
5405	7	63	63.000	  57.000	  61.000	  51.656	  66.000	  47.879	Fill3	R	5	49	2	1436
5405	7	64	79.000	  44.785	  61.000	  58.000	  40.205	  88.000	Com2	R	1	50	2	765
5405	7	65	80.000	  44.175	  62.000	  57.000	  40.621	  87.000	Com2	R	4	49	3	1833
5405	7	66	97.000	  37.021	  81.000	  44.333	  63.000	  57.000	Com1	R	5	50	3	585
5405	7	67	40.667	  90.000	  39.667	  78.908	  42.667	  73.453	Fill5	R	3	50	1	620
5405	7	68	96.000	  37.406	  80.000	  44.888	  63.000	  57.000	Com1	R	2	50	3	735
5405	7	69	95.000	  37.200	  81.000	  43.630	  62.000	  57.000	Com1	R	6	49	3	652
5405	7	70	95.000	  39.126	  94.000	  34.543	  96.000	  34.000	Fill1	R	1	49	1	604
5405	7	71	90.000	  39.989	  88.000	  35.773	  92.000	  33.967	Fill1	R	2	49	1	1503
5405	7	72	52.352	  71.000	  51.352	  63.425	  54.352	  59.556	Fill4	R	4	50	1	700
5405	7	73	80.000	  44.987	  61.000	  59.000	  40.898	  88.000	Com2	R	1	50	2	681
5405	7	74	41.276	  87.000	  40.276	  76.398	  42.276	  73.115	Fill5	R	4	50	1	665
5405	7	75	93.000	  39.355	  91.000	  35.022	  94.000	  33.681	Fill1	R	1	49	1	761
5405	7	76	96.000	  39.375	  95.000	  35.400	  97.000	  33.938	Fill1	R	4	50	1	775
5405	7	77	80.000	  44.888	  63.000	  57.000	  41.276	  87.000	Com2	R	2	50	3	626
5405	7	78	79.000	  43.241	  61.000	  56.000	  39.264	  87.000	Com2	R	4	50	1	948
5405	7	79	39.989	  90.000	  38.989	  78.535	  40.989	  74.581	Fill5	R	4	50	1	585
5405	7	80	88.000	  37.545	  87.000	  32.379	  89.000	  31.607	Fill1	R	3	50	1	700
5405	8	1	82.000	  43.793	  63.000	  57.000	  41.276	  87.000	Com2	R	4	51	2	1609
5405	8	2	60.000	  61.000	  59.000	  54.542	  62.000	  52.548	Fill3	R	2	49	1	1260
5405	8	3	95.000	  37.853	  80.000	  44.950	  62.000	  58.000	Com1	R	3	51	3	1540
5405	8	4	39.545	  88.000	  37.545	  79.104	  40.545	  73.473	Fill5	R	2	49	1	961
5405	8	5	39.989	  90.000	  38.989	  78.946	  40.989	  74.874	Fill5	R	1	49	1	919
5405	8	6	39.101	  89.000	  36.101	  82.103	  41.101	  71.774	Fill5	R	4	50	1	556
5405	8	7	97.000	  36.433	  81.000	  43.630	  62.000	  57.000	Com1	R	4	49	3	657
5405	8	8	96.000	  38.063	  81.000	  45.111	  63.000	  58.000	Com1	R	2	50	3	721
5405	8	9	76.000	  45.789	  73.000	  41.205	  79.000	  37.772	Fill2	R	6	51	1	1407
5405	8	10	75.000	  46.400	  74.000	  41.041	  76.000	  39.539	Fill2	R	4	50	1	1281
5405	8	11	97.000	  37.072	  80.000	  44.950	  62.000	  58.000	Com1	R	5	50	3	1320
5405	8	12	79.000	  44.051	  60.000	  58.000	  39.545	  88.000	Com2	R	1	50	2	799
5405	8	13	93.000	  39.355	  91.000	  34.769	  95.000	  33.642	Fill1	R	3	50	1	601
5405	8	14	96.000	  37.458	  81.000	  44.395	  62.000	  58.000	Com1	R	3	49	2	1004
5405	8	15	56.000	  61.000	  53.000	  55.340	  57.000	  51.439	Fill3	R	6	51	1	1296
5405	8	16	76.000	  45.789	  74.000	  40.608	  77.000	  39.610	Fill2	R	3	50	1	967
5405	8	17	94.000	  37.021	  79.000	  44.051	  60.000	  58.000	Com1	R	1	51	3	1049
5405	8	18	82.000	  45.329	  63.000	  59.000	  42.239	  88.000	Com2	R	5	49	2	921
5405	8	19	60.000	  58.000	  58.000	  51.828	  63.000	  47.349	Fill3	R	6	51	1	1071
5405	8	20	94.000	  40.234	  91.000	  36.132	  97.000	  34.134	Fill1	R	5	51	1	719
5405	8	21	75.000	  46.400	  72.000	  41.625	  78.000	  38.821	Fill2	R	2	49	1	908
5405	8	22	81.000	  45.889	  63.000	  59.000	  41.300	  90.000	Com2	R	2	51	2	1392
5405	8	23	81.000	  44.395	  62.000	  58.000	  40.864	  88.000	Com2	R	5	49	2	659
5405	8	24	95.000	  38.505	  79.000	  46.304	  62.000	  59.000	Com1	R	2	50	3	787
5405	8	25	81.000	  44.395	  62.000	  58.000	  40.404	  89.000	Com2	R	5	49	2	750
5405	8	26	93.000	  38.699	  92.000	  34.228	  96.000	  33.188	Fill1	R	6	51	1	1036
5405	8	27	81.000	  44.395	  62.000	  58.000	  40.864	  88.000	Com2	R	2	51	2	1165
5405	8	28	51.176	  68.000	  48.176	  62.188	  53.176	  57.826	Fill4	R	2	49	1	649
5405	8	29	60.000	  58.000	  57.000	  52.895	  63.000	  48.762	Fill3	R	1	49	1	825
5405	8	30	80.000	  44.950	  62.000	  58.000	  40.404	  89.000	Com2	R	5	49	2	804
5405	8	31	95.000	  37.242	  78.000	  45.359	  61.000	  58.000	Com1	R	4	49	3	591
5405	8	32	96.000	  38.719	  82.000	  45.329	  63.000	  59.000	Com1	R	5	50	3	625
5405	8	33	80.000	  44.225	  61.000	  58.000	  39.753	  89.000	Com2	R	2	51	2	1284
5405	8	34	97.000	  38.320	  81.000	  45.889	  63.000	  59.000	Com1	R	3	49	2	6139
5405	8	35	95.000	  37.884	  80.000	  44.987	  61.000	  59.000	Com1	R	5	50	3	1312
5405	8	36	41.560	  91.000	  38.560	  84.543	  42.560	  76.691	Fill5	R	3	50	1	1383
5405	8	37	93.000	  38.065	  76.000	  46.579	  59.000	  60.000	Com1	R	6	49	3	841
5405	8	38	52.528	  72.000	  51.528	  65.518	  53.528	  63.070	Fill4	R	4	50	1	817
5405	8	39	49.714	  70.000	  47.714	  62.937	  50.714	  59.392	Fill4	R	4	50	1	780
5405	8	40	91.000	  38.242	  89.000	  34.213	  94.000	  32.138	Fill1	R	2	49	1	663
5405	8	41	95.000	  37.200	  80.000	  44.175	  62.000	  57.000	Com1	R	5	50	3	679
5405	8	42	60.000	  58.000	  57.000	  52.965	  61.000	  50.393	Fill3	R	1	49	1	999
5405	8	43	51.549	  71.000	  50.549	  63.819	  52.549	  61.713	Fill4	R	6	50	2	968
5405	8	44	79.000	  45.557	  61.000	  59.000	  40.438	  89.000	Com2	R	3	49	2	731
5405	8	45	61.000	  59.000	  59.000	  53.000	  63.000	  50.143	Fill3	R	2	49	1	584
5405	8	46	77.000	  49.117	  75.000	  45.013	  80.000	  42.275	Fill2	R	4	50	1	667
5405	8	47	61.000	  62.000	  59.000	  56.458	  63.000	  53.333	Fill3	R	3	50	1	619
5405	8	48	97.000	  37.021	  82.000	  43.793	  63.000	  57.000	Com1	R	5	50	3	638
5405	8	49	79.000	  46.304	  62.000	  59.000	  41.568	  88.000	Com2	R	1	50	2	815
5405	8	50	88.000	  38.818	  87.000	  33.644	  89.000	  33.393	Fill1	R	5	51	1	1273
5405	8	51	40.000	  87.000	  37.000	  80.297	  41.000	  71.659	Fill5	R	4	50	1	1153
5405	8	52	96.000	  36.854	  80.000	  44.225	  61.000	  58.000	Com1	R	1	51	3	1295
5405	8	53	78.000	  46.141	  61.000	  59.000	  40.438	  89.000	Com2	R	4	49	3	695
5405	8	54	94.000	  38.287	  78.000	  46.141	  61.000	  59.000	Com1	R	1	49	1	1639
5405	8	55	81.000	  45.111	  63.000	  58.000	  41.056	  89.000	Com2	R	4	51	2	958
5405	8	56	40.000	  87.000	  38.000	  78.237	  41.000	  72.024	Fill5	R	5	49	2	1283
5405	8	57	93.000	  37.419	  92.000	  33.424	  95.000	  31.737	Fill1	R	6	51	1	1003
5405	8	58	81.000	  43.630	  62.000	  57.000	  41.093	  86.000	Com2	R	3	49	2	1038
5405	8	59	76.000	  46.579	  59.000	  60.000	  39.775	  89.000	Com2	R	6	50	2	750
5405	8	60	50.690	  71.000	  49.690	  62.809	  51.690	  61.346	Fill4	R	2	49	1	603
5405	8	61	78.000	  44.577	  61.000	  57.000	  39.966	  87.000	Com2	R	4	50	1	1470
5405	8	62	49.714	  70.000	  46.714	  65.890	  51.714	  57.818	Fill4	R	1	50	2	668
5405	8	63	76.000	  47.355	  73.000	  43.466	  78.000	  40.949	Fill2	R	4	49	3	639
5405	8	64	74.000	  49.459	  71.000	  44.803	  76.000	  42.526	Fill2	R	5	50	3	815
5405	8	65	78.000	  45.359	  61.000	  58.000	  40.205	  88.000	Com2	R	2	51	2	2265
5405	8	66	72.000	  47.444	  71.000	  41.620	  74.000	  40.581	Fill2	R	2	50	3	1224
5405	8	67	80.000	  44.987	  61.000	  59.000	  40.898	  88.000	Com2	R	6	50	2	675
5405	8	68	96.000	  37.490	  79.000	  45.557	  61.000	  59.000	Com1	R	3	51	3	931
5405	8	69	37.956	  90.000	  35.956	  81.017	  38.956	  73.776	Fill5	R	5	51	1	1464
5405	8	70	97.000	  37.072	  81.000	  44.395	  62.000	  58.000	Com1	R	3	50	1	584
5405	8	71	80.000	  44.175	  62.000	  57.000	  40.159	  88.000	Com2	R	2	49	1	1132
5405	8	72	91.000	  38.242	  89.000	  34.393	  93.000	  32.828	Fill1	R	5	50	3	616
5405	8	73	39.783	  92.000	  37.783	  83.372	  40.783	  76.945	Fill5	R	4	50	1	651
5405	8	74	92.000	  37.826	  90.000	  33.133	  94.000	  31.862	Fill1	R	2	49	1	619
5405	8	75	49.714	  70.000	  47.714	  63.189	  51.714	  58.630	Fill4	R	3	50	1	623
5405	8	76	96.000	  37.458	  81.000	  44.395	  62.000	  58.000	Com1	R	5	50	3	833
5405	8	77	60.000	  58.000	  58.000	  51.569	  61.000	  49.148	Fill3	R	2	49	1	713
5405	8	78	80.000	  44.950	  62.000	  58.000	  40.864	  88.000	Com2	R	2	51	2	791
5405	8	79	47.444	  72.000	  46.444	  63.043	  49.444	  59.258	Fill4	R	5	51	1	1760
5405	8	80	96.000	  36.219	  78.000	  44.577	  61.000	  57.000	Com1	R	2	50	3	1030
5405	9	1	80.000	  45.725	  62.000	  59.000	  41.101	  89.000	Com2	R	3	49	2	1178
5405	9	2	96.000	  37.458	  80.000	  44.950	  62.000	  58.000	Com1	R	3	51	3	1379
5405	9	3	82.000	  45.329	  63.000	  59.000	  41.300	  90.000	Com2	R	4	49	3	694
5405	9	4	98.000	  38.531	  82.000	  46.049	  64.000	  59.000	Com1	R	5	50	3	518
5405	9	5	97.000	  37.072	  79.000	  45.519	  62.000	  58.000	Com1	R	5	51	1	507
5405	9	6	94.000	  40.213	  93.000	  36.290	  96.000	  34.271	Fill1	R	3	50	1	608
5405	9	7	82.000	  44.561	  63.000	  58.000	  41.056	  89.000	Com2	R	1	49	1	1428
5405	9	8	79.000	  44.785	  61.000	  58.000	  39.753	  89.000	Com2	R	2	49	1	1334
5405	9	9	96.000	  36.854	  78.000	  45.359	  61.000	  58.000	Com1	R	4	49	3	763
5405	9	10	90.000	  39.311	  87.000	  35.356	  93.000	  33.183	Fill1	R	2	49	1	1464
5405	9	11	40.198	  91.000	  38.198	  82.178	  41.198	  76.290	Fill5	R	5	51	1	808
5405	9	12	97.000	  37.072	  81.000	  44.395	  62.000	  58.000	Com1	R	2	49	1	1075
5405	9	13	50.690	  71.000	  47.690	  66.974	  52.690	  59.537	Fill4	R	3	50	1	740
5405	9	14	78.000	  45.359	  61.000	  58.000	  40.205	  88.000	Com2	R	2	50	3	928
5405	9	15	96.000	  37.458	  81.000	  44.395	  62.000	  58.000	Com1	R	3	49	2	1366
5405	9	16	79.000	  45.519	  62.000	  58.000	  41.333	  87.000	Com2	R	3	50	1	696
5405	9	17	38.879	  91.000	  37.879	  80.123	  39.879	  74.926	Fill5	R	4	50	1	872
5405	9	18	82.000	  44.561	  63.000	  58.000	  41.523	  88.000	Com2	R	1	50	2	704
5405	9	19	58.000	  63.000	  57.000	  56.649	  61.000	  51.852	Fill3	R	2	49	1	750
5405	9	20	63.000	  60.000	  61.000	  54.967	  65.000	  51.262	Fill3	R	3	50	1	635
5405	9	21	48.720	  75.000	  47.720	  66.241	  50.720	  63.131	Fill4	R	5	51	1	715
5405	9	22	96.000	  36.854	  79.000	  44.785	  61.000	  58.000	Com1	R	5	50	3	584
5405	9	23	98.000	  37.286	  80.000	  45.675	  63.000	  58.000	Com1	R	2	49	1	1195
5405	9	24	93.000	  38.710	  91.000	  34.747	  95.000	  33.432	Fill1	R	4	50	1	918
5405	9	25	53.239	  71.000	  51.239	  64.130	  54.239	  61.800	Fill4	R	5	51	1	1163
5405	9	26	94.000	  37.638	  78.000	  45.359	  61.000	  58.000	Com1	R	3	49	2	744
5405	9	27	39.989	  90.000	  38.989	  78.997	  41.989	  72.757	Fill5	R	4	50	1	646
5405	9	28	93.000	  38.699	  90.000	  35.456	  95.000	  33.621	Fill1	R	3	50	1	646
5405	9	29	96.000	  38.104	  79.000	  46.304	  62.000	  59.000	Com1	R	2	49	1	758
5405	9	30	74.000	  49.432	  71.000	  45.451	  77.000	  41.636	Fill2	R	4	50	1	547
5405	9	31	59.000	  62.000	  56.000	  57.821	  62.000	  52.468	Fill3	R	1	49	1	616
5405	9	32	78.000	  45.359	  61.000	  58.000	  40.205	  88.000	Com2	R	6	50	2	555
5405	9	33	59.000	  62.000	  58.000	  54.741	  62.000	  51.903	Fill3	R	4	50	1	624
5405	9	34	98.000	  37.286	  81.000	  45.111	  63.000	  58.000	Com1	R	3	49	2	675
5405	9	35	96.000	  36.813	  81.000	  43.630	  62.000	  57.000	Com1	R	2	50	3	563
5405	9	36	96.000	  38.104	  80.000	  45.725	  62.000	  59.000	Com1	R	4	49	3	776
5405	9	37	78.000	  45.359	  61.000	  58.000	  40.205	  88.000	Com2	R	6	50	2	723
5405	9	38	91.000	  40.154	  90.000	  35.444	  94.000	  34.011	Fill1	R	2	49	1	480
5405	9	39	63.000	  60.000	  60.000	  56.267	  66.000	  51.167	Fill3	R	2	49	1	872
5405	9	40	81.000	  42.778	  63.000	  55.000	  40.765	  85.000	Com2	R	5	49	2	737
5405	9	41	79.000	  45.519	  62.000	  58.000	  40.404	  89.000	Com2	R	2	49	1	1150
5405	9	42	49.432	  74.000	  46.432	  69.650	  50.432	  64.026	Fill4	R	6	51	1	1659
5405	9	43	72.000	  49.139	  69.000	  44.899	  75.000	  41.760	Fill2	R	2	49	1	691
5405	9	44	94.000	  37.638	  78.000	  45.359	  61.000	  58.000	Com1	R	3	49	2	899
5405	9	45	80.000	  45.675	  63.000	  58.000	  41.523	  88.000	Com2	R	2	51	2	1275
5405	9	46	81.000	  44.395	  62.000	  58.000	  41.333	  87.000	Com2	R	1	49	1	547
5405	9	47	52.500	  72.000	  50.500	  65.069	  53.500	  62.729	Fill4	R	5	50	3	759
5405	9	48	80.000	  44.950	  62.000	  58.000	  41.333	  87.000	Com2	R	6	50	2	805
5405	9	49	42.000	  90.000	  39.000	  84.077	  43.000	  75.558	Fill5	R	4	50	1	928
5405	9	50	96.000	  38.719	  82.000	  45.329	  63.000	  59.000	Com1	R	3	49	2	1366
5405	9	51	58.000	  61.000	  55.000	  56.291	  59.000	  52.542	Fill3	R	5	49	2	795
5405	9	52	48.466	  73.000	  46.466	  65.984	  50.466	  62.002	Fill4	R	5	49	2	999
5405	9	53	38.872	  94.000	  36.872	  84.643	  40.872	  76.262	Fill5	R	4	50	1	600
5405	9	54	51.429	  70.000	  48.429	  64.982	  52.429	  59.624	Fill4	R	4	50	1	555
5405	9	55	81.000	  43.630	  62.000	  57.000	  40.621	  87.000	Com2	R	2	51	2	1872
5405	9	56	91.000	  40.198	  88.000	  36.534	  92.000	  35.130	Fill1	R	4	50	1	512
5405	9	57	61.000	  59.000	  59.000	  53.017	  62.000	  51.194	Fill3	R	2	49	1	630
5405	9	58	82.000	  46.049	  64.000	  59.000	  42.909	  88.000	Com2	R	3	49	2	776
5405	9	59	39.761	  92.000	  38.761	  81.061	  40.761	  76.421	Fill5	R	4	50	1	611
5405	9	60	96.000	  38.063	  82.000	  44.561	  63.000	  58.000	Com1	R	5	50	3	629
5405	9	61	91.000	  40.198	  89.000	  36.506	  93.000	  34.839	Fill1	R	2	49	1	551
5405	9	62	81.000	  44.395	  62.000	  58.000	  40.404	  89.000	Com2	R	4	49	3	845
5405	9	63	74.000	  49.432	  73.000	  43.753	  76.000	  42.276	Fill2	R	4	50	1	613
5405	9	64	79.000	  46.304	  62.000	  59.000	  41.101	  89.000	Com2	R	5	49	2	824
5405	9	65	96.000	  37.458	  79.000	  45.519	  62.000	  58.000	Com1	R	2	50	3	691
5405	9	66	81.000	  45.111	  63.000	  58.000	  41.056	  89.000	Com2	R	4	49	3	1203
5405	9	67	41.538	  91.000	  39.538	  81.693	  42.538	  76.213	Fill5	R	2	49	1	734
5405	9	68	76.000	  47.368	  75.000	  41.533	  78.000	  40.154	Fill2	R	1	49	1	699
5405	9	69	96.000	  38.063	  82.000	  44.561	  63.000	  58.000	Com1	R	3	49	2	667
5405	9	70	78.000	  48.462	  76.000	  43.579	  80.000	  42.163	Fill2	R	5	50	3	1003
5405	9	71	78.000	  48.462	  77.000	  43.260	  79.000	  41.646	Fill2	R	4	50	1	542
5405	9	72	95.000	  39.789	  92.000	  36.685	  97.000	  34.392	Fill1	R	2	49	1	595
5405	9	73	60.000	  60.000	  59.000	  52.559	  63.000	  50.397	Fill3	R	4	50	1	1093
5405	9	74	95.000	  37.242	  78.000	  45.359	  61.000	  58.000	Com1	R	2	49	1	773
5405	9	75	49.432	  74.000	  48.432	  65.307	  51.432	  61.576	Fill4	R	5	51	1	863
5405	9	76	74.000	  49.378	  72.000	  44.236	  76.000	  42.474	Fill2	R	4	51	2	1223
5405	9	77	78.000	  45.359	  61.000	  58.000	  39.753	  89.000	Com2	R	3	49	2	962
5405	9	78	40.000	  90.000	  38.000	  81.132	  41.000	  74.902	Fill5	R	6	51	1	1000
5405	9	79	75.000	  47.987	  72.000	  43.903	  78.000	  40.705	Fill2	R	1	50	2	603
5405	9	80	98.000	  35.357	  81.000	  42.778	  63.000	  55.000	Com1	R	6	50	2	526
