username: 5668, Experiment time (minutes): 42
Operating system: Windows 7
Manufacturer: Adobe Windows
Player type: PlugIn
Version: WIN 10,3,183,10

username	blkNum	trlNum	Rect1Height	Rect1Width	Rect2Height	Rect2Width	Rect3Height	Rect3Width	Effect	StimType	StimPosition	rawResp	response	RT
5668	0	1	92.000	  41.109	  76.000	  49.763	  61.000	  62.000	Com1	R	3	51	3	5903
5668	0	2	73.000	  50.110	  59.000	  62.000	  50.110	  73.000	Com2	R	4	51	2	5517
5668	0	3	59.000	  59.000	  58.000	  52.224	  60.000	  49.917	Fill3	R	5	51	1	4540
5668	1	1	80.000	  46.500	  62.000	  60.000	  40.879	  91.000	Com2	R	2	51	2	5091
5668	1	2	63.000	  60.000	  61.000	  54.754	  64.000	  52.578	Fill3	R	2	49	1	5614
5668	1	3	96.000	  39.375	  95.000	  35.400	  97.000	  33.938	Fill1	R	5	51	1	4441
5668	1	4	60.000	  58.000	  59.000	  52.017	  63.000	  48.873	Fill3	R	2	50	3	2351
5668	1	5	76.000	  45.789	  74.000	  40.743	  78.000	  39.077	Fill2	R	3	50	1	1853
5668	1	6	96.000	  36.219	  80.000	  43.462	  61.000	  57.000	Com1	R	5	50	3	2925
5668	1	7	94.000	  38.287	  78.000	  46.141	  61.000	  59.000	Com1	R	1	51	3	3075
5668	1	8	82.000	  45.329	  63.000	  59.000	  42.239	  88.000	Com2	R	2	51	2	3140
5668	1	9	54.000	  70.000	  53.000	  62.075	  55.000	  60.891	Fill4	R	2	49	1	2992
5668	1	10	90.000	  39.989	  87.000	  35.897	  93.000	  34.172	Fill1	R	6	51	1	2914
5668	1	11	98.000	  37.286	  80.000	  45.675	  63.000	  58.000	Com1	R	3	49	2	3991
5668	1	12	94.000	  37.638	  79.000	  44.785	  61.000	  58.000	Com1	R	4	49	3	2786
5668	1	13	97.000	  36.433	  80.000	  44.175	  62.000	  57.000	Com1	R	3	51	3	2413
5668	1	14	97.000	  36.433	  80.000	  44.175	  62.000	  57.000	Com1	R	2	50	3	3639
5668	1	15	75.000	  47.987	  74.000	  42.122	  78.000	  40.859	Fill2	R	5	51	1	4703
5668	1	16	52.352	  71.000	  51.352	  63.425	  54.352	  59.556	Fill4	R	2	49	1	1837
5668	1	17	77.000	  45.974	  60.000	  59.000	  40.227	  88.000	Com2	R	6	51	1	4334
5668	1	18	47.884	  69.000	  44.884	  63.541	  49.884	  57.233	Fill4	R	2	49	1	2890
5668	1	19	82.000	  45.329	  63.000	  59.000	  41.300	  90.000	Com2	R	6	51	1	1617
5668	1	20	74.000	  48.635	  72.000	  43.250	  76.000	  40.895	Fill2	R	1	49	1	1773
5668	1	21	96.000	  37.406	  80.000	  44.888	  63.000	  57.000	Com1	R	1	51	3	2047
5668	1	22	39.989	  90.000	  38.989	  78.535	  40.989	  74.581	Fill5	R	4	50	1	1335
5668	1	23	78.000	  46.141	  61.000	  59.000	  39.989	  90.000	Com2	R	6	51	1	2525
5668	1	24	81.000	  44.395	  62.000	  58.000	  40.404	  89.000	Com2	R	3	50	1	2114
5668	1	25	80.000	  44.175	  62.000	  57.000	  40.621	  87.000	Com2	R	5	49	2	1335
5668	1	26	95.000	  39.126	  94.000	  34.543	  96.000	  34.000	Fill1	R	6	51	1	2236
5668	1	27	96.000	  37.490	  80.000	  44.987	  61.000	  59.000	Com1	R	1	51	3	3004
5668	1	28	56.000	  59.000	  55.000	  52.073	  58.000	  49.069	Fill3	R	2	51	2	862
5668	1	29	40.667	  90.000	  39.667	  78.908	  42.667	  73.453	Fill5	R	4	49	3	790
5668	1	30	96.000	  37.458	  81.000	  44.395	  62.000	  58.000	Com1	R	4	49	3	2353
5668	1	31	79.000	  44.785	  61.000	  58.000	  39.753	  89.000	Com2	R	3	49	2	2608
5668	1	32	79.000	  43.241	  61.000	  56.000	  39.264	  87.000	Com2	R	6	50	2	2082
5668	1	33	95.000	  37.200	  81.000	  43.630	  62.000	  57.000	Com1	R	2	50	3	1785
5668	1	34	80.000	  45.675	  63.000	  58.000	  42.000	  87.000	Com2	R	4	51	2	1276
5668	1	35	97.000	  37.021	  81.000	  44.333	  63.000	  57.000	Com1	R	3	49	2	2724
5668	1	36	41.276	  87.000	  40.276	  76.398	  42.276	  73.115	Fill5	R	4	50	1	1681
5668	1	37	49.986	  72.000	  46.986	  66.786	  50.986	  61.056	Fill4	R	2	49	1	1609
5668	1	38	39.989	  90.000	  37.989	  80.445	  40.989	  75.142	Fill5	R	3	50	1	1461
5668	1	39	49.714	  70.000	  47.714	  64.299	  50.714	  59.431	Fill4	R	4	50	1	1780
5668	1	40	78.000	  46.038	  77.000	  40.169	  79.000	  40.253	Fill2	R	3	50	1	2311
5668	1	41	75.000	  48.800	  74.000	  42.757	  78.000	  41.474	Fill2	R	2	49	1	1508
5668	1	42	96.000	  35.583	  79.000	  43.241	  61.000	  56.000	Com1	R	3	51	3	2369
5668	1	43	97.000	  37.072	  80.000	  44.950	  62.000	  58.000	Com1	R	5	50	3	956
5668	1	44	79.000	  47.051	  76.000	  43.197	  81.000	  40.654	Fill2	R	5	49	2	801
5668	1	45	90.000	  39.989	  88.000	  35.773	  92.000	  33.967	Fill1	R	5	51	1	5341
5668	1	46	49.986	  72.000	  47.986	  66.144	  50.986	  61.370	Fill4	R	2	49	1	2641
5668	1	47	81.000	  44.395	  62.000	  58.000	  41.333	  87.000	Com2	R	2	51	2	2992
5668	1	48	50.833	  72.000	  48.833	  65.119	  52.833	  60.473	Fill4	R	2	49	1	931
5668	1	49	72.000	  45.889	  69.000	  40.928	  74.000	  39.068	Fill2	R	2	49	1	1241
5668	1	50	80.000	  44.888	  63.000	  57.000	  41.276	  87.000	Com2	R	3	49	2	1409
5668	1	51	95.000	  37.853	  81.000	  44.395	  62.000	  58.000	Com1	R	3	51	3	1508
5668	1	52	53.597	  67.000	  52.597	  59.908	  54.597	  57.897	Fill4	R	1	49	1	817
5668	1	53	96.000	  38.719	  82.000	  45.329	  63.000	  59.000	Com1	R	1	51	3	1244
5668	1	54	60.000	  61.000	  59.000	  55.153	  61.000	  52.475	Fill3	R	1	49	1	1444
5668	1	55	81.000	  43.630	  62.000	  57.000	  40.159	  88.000	Com2	R	2	51	2	1316
5668	1	56	80.000	  44.987	  61.000	  59.000	  40.898	  88.000	Com2	R	5	49	2	1656
5668	1	57	88.000	  37.545	  87.000	  32.379	  89.000	  31.607	Fill1	R	5	51	1	1760
5668	1	58	95.000	  39.158	  80.000	  46.500	  62.000	  60.000	Com1	R	3	51	3	2453
5668	1	59	95.000	  37.263	  77.000	  45.974	  60.000	  59.000	Com1	R	1	49	1	2909
5668	1	60	79.000	  47.848	  77.000	  42.935	  82.000	  40.756	Fill2	R	1	49	1	869
5668	1	61	91.000	  38.242	  90.000	  33.956	  94.000	  31.851	Fill1	R	5	51	1	2140
5668	1	62	96.000	  38.063	  82.000	  44.561	  63.000	  58.000	Com1	R	1	51	3	2145
5668	1	63	96.000	  36.854	  79.000	  44.785	  61.000	  58.000	Com1	R	3	51	3	1429
5668	1	64	42.239	  88.000	  41.239	  77.937	  43.239	  73.476	Fill5	R	6	50	2	1160
5668	1	65	80.000	  44.950	  62.000	  58.000	  41.333	  87.000	Com2	R	4	49	3	1509
5668	1	66	93.000	  39.355	  91.000	  35.022	  94.000	  33.681	Fill1	R	5	51	1	1024
5668	1	67	96.000	  37.406	  95.000	  33.063	  99.000	  31.576	Fill1	R	4	50	1	2341
5668	1	68	39.101	  89.000	  37.101	  79.566	  41.101	  72.188	Fill5	R	4	50	1	1508
5668	1	69	79.000	  44.785	  61.000	  58.000	  40.205	  88.000	Com2	R	4	49	3	1856
5668	1	70	63.000	  57.000	  61.000	  51.656	  66.000	  47.879	Fill3	R	6	51	1	1296
5668	1	71	37.124	  89.000	  36.124	  77.595	  38.124	  72.501	Fill5	R	4	50	1	1815
5668	1	72	41.538	  91.000	  38.538	  84.928	  42.538	  77.013	Fill5	R	4	50	1	1275
5668	1	73	59.000	  61.000	  57.000	  55.491	  62.000	  51.194	Fill3	R	1	49	1	1091
5668	1	74	59.000	  61.000	  58.000	  54.052	  61.000	  50.967	Fill3	R	3	50	1	1507
5668	1	75	97.000	  38.320	  82.000	  45.329	  63.000	  59.000	Com1	R	3	49	2	1712
5668	1	76	82.000	  44.561	  63.000	  58.000	  41.056	  89.000	Com2	R	2	51	2	1141
5668	1	77	63.000	  59.000	  62.000	  51.984	  64.000	  51.750	Fill3	R	3	50	1	1796
5668	1	78	80.000	  43.462	  61.000	  57.000	  40.430	  86.000	Com2	R	4	49	3	1445
5668	1	79	80.000	  44.175	  62.000	  57.000	  40.159	  88.000	Com2	R	1	49	1	773
5668	1	80	81.000	  44.333	  63.000	  57.000	  41.276	  87.000	Com2	R	3	49	2	928
5668	2	1	97.000	  37.072	  81.000	  44.395	  62.000	  58.000	Com1	R	5	50	3	3499
5668	2	2	60.000	  61.000	  59.000	  54.542	  62.000	  52.548	Fill3	R	2	49	1	1093
5668	2	3	76.000	  46.579	  59.000	  60.000	  39.775	  89.000	Com2	R	6	50	2	1189
5668	2	4	95.000	  38.505	  79.000	  46.304	  62.000	  59.000	Com1	R	3	51	3	1200
5668	2	5	75.000	  46.400	  72.000	  41.625	  78.000	  38.821	Fill2	R	2	49	1	1067
5668	2	6	96.000	  37.458	  81.000	  44.395	  62.000	  58.000	Com1	R	4	49	3	1915
5668	2	7	78.000	  44.577	  61.000	  57.000	  39.966	  87.000	Com2	R	4	51	2	1047
5668	2	8	49.714	  70.000	  47.714	  62.937	  50.714	  59.392	Fill4	R	3	50	1	1303
5668	2	9	95.000	  37.200	  80.000	  44.175	  62.000	  57.000	Com1	R	3	49	2	2460
5668	2	10	81.000	  45.111	  63.000	  58.000	  41.056	  89.000	Com2	R	3	49	2	1252
5668	2	11	96.000	  38.063	  81.000	  45.111	  63.000	  58.000	Com1	R	2	50	3	1244
5668	2	12	72.000	  47.444	  71.000	  41.620	  74.000	  40.581	Fill2	R	5	51	1	1028
5668	2	13	47.444	  72.000	  46.444	  63.043	  49.444	  59.258	Fill4	R	4	50	1	1207
5668	2	14	52.528	  72.000	  51.528	  65.518	  53.528	  63.070	Fill4	R	5	51	1	1298
5668	2	15	39.101	  89.000	  36.101	  82.103	  41.101	  71.774	Fill5	R	2	49	1	843
5668	2	16	60.000	  58.000	  57.000	  52.895	  63.000	  48.762	Fill3	R	6	51	1	1170
5668	2	17	81.000	  44.395	  62.000	  58.000	  40.404	  89.000	Com2	R	1	49	1	860
5668	2	18	91.000	  38.242	  89.000	  34.393	  93.000	  32.828	Fill1	R	6	50	2	1236
5668	2	19	39.989	  90.000	  38.989	  78.946	  40.989	  74.874	Fill5	R	2	49	1	1260
5668	2	20	97.000	  37.072	  80.000	  44.950	  62.000	  58.000	Com1	R	5	50	3	1476
5668	2	21	80.000	  44.950	  62.000	  58.000	  40.864	  88.000	Com2	R	4	50	1	1556
5668	2	22	61.000	  62.000	  59.000	  56.458	  63.000	  53.333	Fill3	R	5	51	1	2163
5668	2	23	61.000	  59.000	  59.000	  53.000	  63.000	  50.143	Fill3	R	3	50	1	1543
5668	2	24	80.000	  44.225	  61.000	  58.000	  39.753	  89.000	Com2	R	2	49	1	1780
5668	2	25	81.000	  44.395	  62.000	  58.000	  40.864	  88.000	Com2	R	5	51	1	1766
5668	2	26	74.000	  49.459	  71.000	  44.803	  76.000	  42.526	Fill2	R	5	51	1	1673
5668	2	27	37.956	  90.000	  35.956	  81.017	  38.956	  73.776	Fill5	R	4	50	1	1858
5668	2	28	41.560	  91.000	  38.560	  84.543	  42.560	  76.691	Fill5	R	5	51	1	1746
5668	2	29	75.000	  46.400	  74.000	  41.041	  76.000	  39.539	Fill2	R	2	49	1	1655
5668	2	30	94.000	  38.287	  78.000	  46.141	  61.000	  59.000	Com1	R	6	50	2	1248
5668	2	31	93.000	  37.419	  92.000	  33.424	  95.000	  31.737	Fill1	R	3	50	1	1415
5668	2	32	76.000	  47.355	  73.000	  43.466	  78.000	  40.949	Fill2	R	3	50	1	1114
5668	2	33	93.000	  38.065	  76.000	  46.579	  59.000	  60.000	Com1	R	4	50	1	1159
5668	2	34	56.000	  61.000	  53.000	  55.340	  57.000	  51.439	Fill3	R	5	51	1	1107
5668	2	35	79.000	  45.557	  61.000	  59.000	  40.438	  89.000	Com2	R	4	51	2	2465
5668	2	36	96.000	  36.219	  78.000	  44.577	  61.000	  57.000	Com1	R	3	50	1	857
5668	2	37	78.000	  46.141	  61.000	  59.000	  40.438	  89.000	Com2	R	2	51	2	993
5668	2	38	76.000	  45.789	  73.000	  41.205	  79.000	  37.772	Fill2	R	3	50	1	915
5668	2	39	40.000	  87.000	  37.000	  80.297	  41.000	  71.659	Fill5	R	1	51	3	1785
5668	2	40	80.000	  44.950	  62.000	  58.000	  40.404	  89.000	Com2	R	3	49	2	1164
5668	2	41	39.783	  92.000	  37.783	  83.372	  40.783	  76.945	Fill5	R	4	50	1	1514
5668	2	42	39.545	  88.000	  37.545	  79.104	  40.545	  73.473	Fill5	R	5	51	1	1127
5668	2	43	94.000	  37.021	  79.000	  44.051	  60.000	  58.000	Com1	R	5	51	1	1507
5668	2	44	81.000	  44.395	  62.000	  58.000	  40.864	  88.000	Com2	R	2	49	1	913
5668	2	45	51.176	  68.000	  48.176	  62.188	  53.176	  57.826	Fill4	R	2	49	1	1142
5668	2	46	97.000	  38.320	  81.000	  45.889	  63.000	  59.000	Com1	R	2	50	3	1267
5668	2	47	79.000	  46.304	  62.000	  59.000	  41.568	  88.000	Com2	R	6	51	1	1499
5668	2	48	77.000	  49.117	  75.000	  45.013	  80.000	  42.275	Fill2	R	5	49	2	873
5668	2	49	96.000	  37.458	  81.000	  44.395	  62.000	  58.000	Com1	R	2	50	3	1041
5668	2	50	51.549	  71.000	  50.549	  63.819	  52.549	  61.713	Fill4	R	3	51	3	1329
5668	2	51	97.000	  36.433	  81.000	  43.630	  62.000	  57.000	Com1	R	5	50	3	902
5668	2	52	82.000	  45.329	  63.000	  59.000	  42.239	  88.000	Com2	R	5	49	2	748
5668	2	53	96.000	  38.719	  82.000	  45.329	  63.000	  59.000	Com1	R	4	49	3	810
5668	2	54	80.000	  44.987	  61.000	  59.000	  40.898	  88.000	Com2	R	5	50	3	883
5668	2	55	78.000	  45.359	  61.000	  58.000	  40.205	  88.000	Com2	R	4	50	1	699
5668	2	56	96.000	  36.854	  80.000	  44.225	  61.000	  58.000	Com1	R	4	49	3	1097
5668	2	57	92.000	  37.826	  90.000	  33.133	  94.000	  31.862	Fill1	R	4	50	1	937
5668	2	58	93.000	  38.699	  92.000	  34.228	  96.000	  33.188	Fill1	R	1	49	1	1918
5668	2	59	91.000	  38.242	  89.000	  34.213	  94.000	  32.138	Fill1	R	5	51	1	1083
5668	2	60	49.714	  70.000	  46.714	  65.890	  51.714	  57.818	Fill4	R	6	51	1	1147
5668	2	61	97.000	  37.021	  82.000	  43.793	  63.000	  57.000	Com1	R	2	51	2	1081
5668	2	62	60.000	  58.000	  58.000	  51.828	  63.000	  47.349	Fill3	R	4	50	1	1529
5668	2	63	88.000	  38.818	  87.000	  33.644	  89.000	  33.393	Fill1	R	2	49	1	822
5668	2	64	49.714	  70.000	  47.714	  63.189	  51.714	  58.630	Fill4	R	2	50	3	1009
5668	2	65	95.000	  37.242	  78.000	  45.359	  61.000	  58.000	Com1	R	4	51	2	882
5668	2	66	96.000	  37.490	  79.000	  45.557	  61.000	  59.000	Com1	R	4	51	2	986
5668	2	67	80.000	  44.175	  62.000	  57.000	  40.159	  88.000	Com2	R	4	51	2	813
5668	2	68	76.000	  45.789	  74.000	  40.608	  77.000	  39.610	Fill2	R	6	51	1	1016
5668	2	69	40.000	  87.000	  38.000	  78.237	  41.000	  72.024	Fill5	R	2	49	1	795
5668	2	70	94.000	  40.234	  91.000	  36.132	  97.000	  34.134	Fill1	R	3	50	1	870
5668	2	71	60.000	  58.000	  57.000	  52.965	  61.000	  50.393	Fill3	R	4	49	3	798
5668	2	72	50.690	  71.000	  49.690	  62.809	  51.690	  61.346	Fill4	R	6	51	1	1018
5668	2	73	95.000	  37.853	  80.000	  44.950	  62.000	  58.000	Com1	R	3	50	1	1163
5668	2	74	60.000	  58.000	  58.000	  51.569	  61.000	  49.148	Fill3	R	3	50	1	953
5668	2	75	82.000	  43.793	  63.000	  57.000	  41.276	  87.000	Com2	R	3	49	2	926
5668	2	76	93.000	  39.355	  91.000	  34.769	  95.000	  33.642	Fill1	R	5	51	1	1522
5668	2	77	81.000	  43.630	  62.000	  57.000	  41.093	  86.000	Com2	R	4	50	1	3040
5668	2	78	95.000	  37.884	  80.000	  44.987	  61.000	  59.000	Com1	R	5	49	2	768
5668	2	79	81.000	  45.889	  63.000	  59.000	  41.300	  90.000	Com2	R	1	49	1	1290
5668	2	80	79.000	  44.051	  60.000	  58.000	  39.545	  88.000	Com2	R	5	51	1	866
5668	3	1	91.000	  40.198	  88.000	  36.534	  92.000	  35.130	Fill1	R	2	49	1	2148
5668	3	2	75.000	  47.987	  72.000	  43.903	  78.000	  40.705	Fill2	R	3	50	1	670
5668	3	3	40.000	  90.000	  38.000	  81.132	  41.000	  74.902	Fill5	R	5	51	1	637
5668	3	4	39.761	  92.000	  38.761	  81.061	  40.761	  76.421	Fill5	R	3	50	1	685
5668	3	5	82.000	  46.049	  64.000	  59.000	  42.909	  88.000	Com2	R	4	50	1	890
5668	3	6	48.720	  75.000	  47.720	  66.241	  50.720	  63.131	Fill4	R	1	49	1	709
5668	3	7	82.000	  44.561	  63.000	  58.000	  41.523	  88.000	Com2	R	2	49	1	1330
5668	3	8	78.000	  48.462	  76.000	  43.579	  80.000	  42.163	Fill2	R	4	50	1	584
5668	3	9	74.000	  49.432	  71.000	  45.451	  77.000	  41.636	Fill2	R	3	50	1	602
5668	3	10	72.000	  49.139	  69.000	  44.899	  75.000	  41.760	Fill2	R	3	50	1	653
5668	3	11	97.000	  37.072	  81.000	  44.395	  62.000	  58.000	Com1	R	2	49	1	717
5668	3	12	95.000	  37.242	  78.000	  45.359	  61.000	  58.000	Com1	R	2	50	3	810
5668	3	13	96.000	  38.063	  82.000	  44.561	  63.000	  58.000	Com1	R	4	51	2	981
5668	3	14	63.000	  60.000	  60.000	  56.267	  66.000	  51.167	Fill3	R	2	49	1	824
5668	3	15	61.000	  59.000	  59.000	  53.017	  62.000	  51.194	Fill3	R	2	51	2	866
5668	3	16	98.000	  37.286	  81.000	  45.111	  63.000	  58.000	Com1	R	3	49	2	1225
5668	3	17	79.000	  44.785	  61.000	  58.000	  39.753	  89.000	Com2	R	2	51	2	708
5668	3	18	93.000	  38.699	  90.000	  35.456	  95.000	  33.621	Fill1	R	2	49	1	754
5668	3	19	81.000	  44.395	  62.000	  58.000	  40.404	  89.000	Com2	R	3	50	1	832
5668	3	20	49.432	  74.000	  48.432	  65.307	  51.432	  61.576	Fill4	R	4	50	1	970
5668	3	21	59.000	  62.000	  56.000	  57.821	  62.000	  52.468	Fill3	R	4	50	1	845
5668	3	22	94.000	  40.213	  93.000	  36.290	  96.000	  34.271	Fill1	R	5	51	1	1205
5668	3	23	78.000	  45.359	  61.000	  58.000	  40.205	  88.000	Com2	R	3	49	2	992
5668	3	24	58.000	  63.000	  57.000	  56.649	  61.000	  51.852	Fill3	R	1	50	2	706
5668	3	25	96.000	  38.063	  82.000	  44.561	  63.000	  58.000	Com1	R	2	51	2	1024
5668	3	26	81.000	  45.111	  63.000	  58.000	  41.056	  89.000	Com2	R	4	50	1	978
5668	3	27	74.000	  49.378	  72.000	  44.236	  76.000	  42.474	Fill2	R	4	49	3	1285
5668	3	28	96.000	  36.854	  79.000	  44.785	  61.000	  58.000	Com1	R	6	50	2	924
5668	3	29	80.000	  44.950	  62.000	  58.000	  41.333	  87.000	Com2	R	2	51	2	1105
5668	3	30	96.000	  36.854	  78.000	  45.359	  61.000	  58.000	Com1	R	6	49	3	751
5668	3	31	81.000	  42.778	  63.000	  55.000	  40.765	  85.000	Com2	R	5	50	3	1292
5668	3	32	74.000	  49.432	  73.000	  43.753	  76.000	  42.276	Fill2	R	2	49	1	772
5668	3	33	93.000	  38.710	  91.000	  34.747	  95.000	  33.432	Fill1	R	1	49	1	1023
5668	3	34	79.000	  45.519	  62.000	  58.000	  40.404	  89.000	Com2	R	1	50	2	850
5668	3	35	90.000	  39.311	  87.000	  35.356	  93.000	  33.183	Fill1	R	3	49	2	859
5668	3	36	58.000	  61.000	  55.000	  56.291	  59.000	  52.542	Fill3	R	4	50	1	818
5668	3	37	78.000	  45.359	  61.000	  58.000	  40.205	  88.000	Com2	R	5	50	3	1373
5668	3	38	63.000	  60.000	  61.000	  54.967	  65.000	  51.262	Fill3	R	5	51	1	848
5668	3	39	91.000	  40.154	  90.000	  35.444	  94.000	  34.011	Fill1	R	2	50	3	744
5668	3	40	79.000	  45.519	  62.000	  58.000	  41.333	  87.000	Com2	R	3	49	2	1300
5668	3	41	49.432	  74.000	  46.432	  69.650	  50.432	  64.026	Fill4	R	4	50	1	681
5668	3	42	41.538	  91.000	  39.538	  81.693	  42.538	  76.213	Fill5	R	6	49	3	1161
5668	3	43	78.000	  45.359	  61.000	  58.000	  39.753	  89.000	Com2	R	5	51	1	1047
5668	3	44	51.429	  70.000	  48.429	  64.982	  52.429	  59.624	Fill4	R	3	51	3	695
5668	3	45	52.500	  72.000	  50.500	  65.069	  53.500	  62.729	Fill4	R	1	51	3	551
5668	3	46	48.466	  73.000	  46.466	  65.984	  50.466	  62.002	Fill4	R	5	49	2	716
5668	3	47	78.000	  48.462	  77.000	  43.260	  79.000	  41.646	Fill2	R	5	49	2	1002
5668	3	48	53.239	  71.000	  51.239	  64.130	  54.239	  61.800	Fill4	R	3	51	3	748
5668	3	49	98.000	  37.286	  80.000	  45.675	  63.000	  58.000	Com1	R	6	49	3	1705
5668	3	50	96.000	  37.458	  81.000	  44.395	  62.000	  58.000	Com1	R	6	49	3	1375
5668	3	51	79.000	  46.304	  62.000	  59.000	  41.101	  89.000	Com2	R	5	49	2	737
5668	3	52	96.000	  37.458	  80.000	  44.950	  62.000	  58.000	Com1	R	4	49	3	799
5668	3	53	82.000	  45.329	  63.000	  59.000	  41.300	  90.000	Com2	R	4	51	2	1065
5668	3	54	95.000	  39.789	  92.000	  36.685	  97.000	  34.392	Fill1	R	1	49	1	809
5668	3	55	96.000	  37.458	  79.000	  45.519	  62.000	  58.000	Com1	R	5	50	3	692
5668	3	56	42.000	  90.000	  39.000	  84.077	  43.000	  75.558	Fill5	R	4	50	1	868
5668	3	57	50.690	  71.000	  47.690	  66.974	  52.690	  59.537	Fill4	R	2	49	1	860
5668	3	58	97.000	  37.072	  79.000	  45.519	  62.000	  58.000	Com1	R	5	50	3	692
5668	3	59	91.000	  40.198	  89.000	  36.506	  93.000	  34.839	Fill1	R	1	50	2	1349
5668	3	60	94.000	  37.638	  78.000	  45.359	  61.000	  58.000	Com1	R	2	50	3	1753
5668	3	61	96.000	  36.813	  81.000	  43.630	  62.000	  57.000	Com1	R	3	51	3	1071
5668	3	62	81.000	  44.395	  62.000	  58.000	  41.333	  87.000	Com2	R	5	49	2	863
5668	3	63	38.872	  94.000	  36.872	  84.643	  40.872	  76.262	Fill5	R	1	49	1	1702
5668	3	64	40.198	  91.000	  38.198	  82.178	  41.198	  76.290	Fill5	R	3	50	1	1691
5668	3	65	59.000	  62.000	  58.000	  54.741	  62.000	  51.903	Fill3	R	2	49	1	1347
5668	3	66	98.000	  35.357	  81.000	  42.778	  63.000	  55.000	Com1	R	3	49	2	1401
5668	3	67	96.000	  38.104	  80.000	  45.725	  62.000	  59.000	Com1	R	3	51	3	1116
5668	3	68	98.000	  38.531	  82.000	  46.049	  64.000	  59.000	Com1	R	5	49	2	1674
5668	3	69	96.000	  38.104	  79.000	  46.304	  62.000	  59.000	Com1	R	2	49	1	865
5668	3	70	82.000	  44.561	  63.000	  58.000	  41.056	  89.000	Com2	R	2	51	2	1225
5668	3	71	38.879	  91.000	  37.879	  80.123	  39.879	  74.926	Fill5	R	5	51	1	836
5668	3	72	76.000	  47.368	  75.000	  41.533	  78.000	  40.154	Fill2	R	6	51	1	1355
5668	3	73	94.000	  37.638	  78.000	  45.359	  61.000	  58.000	Com1	R	5	50	3	1008
5668	3	74	80.000	  45.675	  63.000	  58.000	  41.523	  88.000	Com2	R	1	49	1	771
5668	3	75	78.000	  45.359	  61.000	  58.000	  40.205	  88.000	Com2	R	3	49	2	782
5668	3	76	60.000	  60.000	  59.000	  52.559	  63.000	  50.397	Fill3	R	4	50	1	808
5668	3	77	81.000	  43.630	  62.000	  57.000	  40.621	  87.000	Com2	R	4	49	3	819
5668	3	78	39.989	  90.000	  38.989	  78.997	  41.989	  72.757	Fill5	R	5	49	2	798
5668	3	79	80.000	  45.725	  62.000	  59.000	  41.101	  89.000	Com2	R	1	49	1	792
5668	3	80	96.000	  38.719	  82.000	  45.329	  63.000	  59.000	Com1	R	4	49	3	1252
5668	4	1	95.000	  39.158	  80.000	  46.500	  62.000	  60.000	Com1	R	6	50	2	1467
5668	4	2	39.101	  89.000	  37.101	  79.566	  41.101	  72.188	Fill5	R	3	51	3	971
5668	4	3	74.000	  48.635	  72.000	  43.250	  76.000	  40.895	Fill2	R	4	49	3	1294
5668	4	4	59.000	  61.000	  57.000	  55.491	  62.000	  51.194	Fill3	R	4	49	3	918
5668	4	5	53.597	  67.000	  52.597	  59.908	  54.597	  57.897	Fill4	R	5	49	2	987
5668	4	6	49.986	  72.000	  46.986	  66.786	  50.986	  61.056	Fill4	R	1	49	1	974
5668	4	7	96.000	  37.490	  80.000	  44.987	  61.000	  59.000	Com1	R	6	50	2	1264
5668	4	8	41.276	  87.000	  40.276	  76.398	  42.276	  73.115	Fill5	R	5	51	1	792
5668	4	9	95.000	  37.200	  81.000	  43.630	  62.000	  57.000	Com1	R	3	49	2	1475
5668	4	10	60.000	  58.000	  59.000	  52.017	  63.000	  48.873	Fill3	R	4	50	1	1059
5668	4	11	81.000	  44.333	  63.000	  57.000	  41.276	  87.000	Com2	R	1	49	1	675
5668	4	12	59.000	  61.000	  58.000	  54.052	  61.000	  50.967	Fill3	R	2	49	1	738
5668	4	13	82.000	  45.329	  63.000	  59.000	  42.239	  88.000	Com2	R	4	50	1	1024
5668	4	14	39.989	  90.000	  38.989	  78.535	  40.989	  74.581	Fill5	R	6	51	1	1619
5668	4	15	95.000	  37.853	  81.000	  44.395	  62.000	  58.000	Com1	R	4	49	3	670
5668	4	16	80.000	  44.950	  62.000	  58.000	  41.333	  87.000	Com2	R	2	49	1	1982
5668	4	17	98.000	  37.286	  80.000	  45.675	  63.000	  58.000	Com1	R	6	50	2	856
5668	4	18	76.000	  45.789	  74.000	  40.743	  78.000	  39.077	Fill2	R	6	50	2	816
5668	4	19	96.000	  37.406	  95.000	  33.063	  99.000	  31.576	Fill1	R	3	49	2	1051
5668	4	20	96.000	  39.375	  95.000	  35.400	  97.000	  33.938	Fill1	R	3	50	1	1339
5668	4	21	60.000	  61.000	  59.000	  55.153	  61.000	  52.475	Fill3	R	3	50	1	1040
5668	4	22	81.000	  44.395	  62.000	  58.000	  40.404	  89.000	Com2	R	3	50	1	960
5668	4	23	82.000	  44.561	  63.000	  58.000	  41.056	  89.000	Com2	R	4	49	3	1173
5668	4	24	96.000	  38.719	  82.000	  45.329	  63.000	  59.000	Com1	R	5	50	3	719
5668	4	25	63.000	  59.000	  62.000	  51.984	  64.000	  51.750	Fill3	R	1	49	1	749
5668	4	26	40.667	  90.000	  39.667	  78.908	  42.667	  73.453	Fill5	R	2	49	1	1178
5668	4	27	90.000	  39.989	  88.000	  35.773	  92.000	  33.967	Fill1	R	3	50	1	933
5668	4	28	97.000	  36.433	  80.000	  44.175	  62.000	  57.000	Com1	R	4	49	3	747
5668	4	29	96.000	  37.406	  80.000	  44.888	  63.000	  57.000	Com1	R	3	51	3	952
5668	4	30	82.000	  45.329	  63.000	  59.000	  41.300	  90.000	Com2	R	2	51	2	1247
5668	4	31	79.000	  47.848	  77.000	  42.935	  82.000	  40.756	Fill2	R	1	49	1	630
5668	4	32	80.000	  44.175	  62.000	  57.000	  40.621	  87.000	Com2	R	5	51	1	664
5668	4	33	96.000	  37.458	  81.000	  44.395	  62.000	  58.000	Com1	R	6	50	2	744
5668	4	34	39.989	  90.000	  37.989	  80.445	  40.989	  75.142	Fill5	R	5	49	2	726
5668	4	35	96.000	  35.583	  79.000	  43.241	  61.000	  56.000	Com1	R	2	49	1	738
5668	4	36	37.124	  89.000	  36.124	  77.595	  38.124	  72.501	Fill5	R	6	49	3	703
5668	4	37	80.000	  44.888	  63.000	  57.000	  41.276	  87.000	Com2	R	2	50	3	989
5668	4	38	56.000	  59.000	  55.000	  52.073	  58.000	  49.069	Fill3	R	6	51	1	703
5668	4	39	47.884	  69.000	  44.884	  63.541	  49.884	  57.233	Fill4	R	2	49	1	669
5668	4	40	96.000	  38.063	  82.000	  44.561	  63.000	  58.000	Com1	R	3	50	1	733
5668	4	41	63.000	  57.000	  61.000	  51.656	  66.000	  47.879	Fill3	R	4	51	2	874
5668	4	42	41.538	  91.000	  38.538	  84.928	  42.538	  77.013	Fill5	R	5	49	2	994
5668	4	43	49.714	  70.000	  47.714	  64.299	  50.714	  59.431	Fill4	R	4	49	3	838
5668	4	44	97.000	  38.320	  82.000	  45.329	  63.000	  59.000	Com1	R	2	50	3	989
5668	4	45	94.000	  37.638	  79.000	  44.785	  61.000	  58.000	Com1	R	5	49	2	1151
5668	4	46	81.000	  43.630	  62.000	  57.000	  40.159	  88.000	Com2	R	4	50	1	990
5668	4	47	63.000	  60.000	  61.000	  54.754	  64.000	  52.578	Fill3	R	4	50	1	1151
5668	4	48	81.000	  44.395	  62.000	  58.000	  41.333	  87.000	Com2	R	4	49	3	829
5668	4	49	93.000	  39.355	  91.000	  35.022	  94.000	  33.681	Fill1	R	5	50	3	1143
5668	4	50	49.986	  72.000	  47.986	  66.144	  50.986	  61.370	Fill4	R	5	51	1	789
5668	4	51	50.833	  72.000	  48.833	  65.119	  52.833	  60.473	Fill4	R	4	49	3	751
5668	4	52	97.000	  37.021	  81.000	  44.333	  63.000	  57.000	Com1	R	5	50	3	957
5668	4	53	96.000	  36.854	  79.000	  44.785	  61.000	  58.000	Com1	R	5	49	2	1042
5668	4	54	52.352	  71.000	  51.352	  63.425	  54.352	  59.556	Fill4	R	6	51	1	850
5668	4	55	79.000	  44.785	  61.000	  58.000	  39.753	  89.000	Com2	R	2	51	2	1531
5668	4	56	77.000	  45.974	  60.000	  59.000	  40.227	  88.000	Com2	R	6	51	1	823
5668	4	57	79.000	  43.241	  61.000	  56.000	  39.264	  87.000	Com2	R	1	49	1	946
5668	4	58	80.000	  44.175	  62.000	  57.000	  40.159	  88.000	Com2	R	3	50	1	759
5668	4	59	78.000	  46.038	  77.000	  40.169	  79.000	  40.253	Fill2	R	3	50	1	820
5668	4	60	91.000	  38.242	  90.000	  33.956	  94.000	  31.851	Fill1	R	3	51	3	1150
5668	4	61	80.000	  45.675	  63.000	  58.000	  42.000	  87.000	Com2	R	5	49	2	1548
5668	4	62	80.000	  43.462	  61.000	  57.000	  40.430	  86.000	Com2	R	5	49	2	1450
5668	4	63	42.239	  88.000	  41.239	  77.937	  43.239	  73.476	Fill5	R	2	49	1	1866
5668	4	64	95.000	  37.263	  77.000	  45.974	  60.000	  59.000	Com1	R	5	51	1	1450
5668	4	65	97.000	  37.072	  80.000	  44.950	  62.000	  58.000	Com1	R	3	51	3	1050
5668	4	66	79.000	  47.051	  76.000	  43.197	  81.000	  40.654	Fill2	R	2	49	1	1402
5668	4	67	79.000	  44.785	  61.000	  58.000	  40.205	  88.000	Com2	R	3	49	2	941
5668	4	68	75.000	  48.800	  74.000	  42.757	  78.000	  41.474	Fill2	R	3	50	1	1282
5668	4	69	88.000	  37.545	  87.000	  32.379	  89.000	  31.607	Fill1	R	2	51	2	2729
5668	4	70	94.000	  38.287	  78.000	  46.141	  61.000	  59.000	Com1	R	6	49	3	1862
5668	4	71	80.000	  44.987	  61.000	  59.000	  40.898	  88.000	Com2	R	4	49	3	1302
5668	4	72	97.000	  36.433	  80.000	  44.175	  62.000	  57.000	Com1	R	1	51	3	4445
5668	4	73	90.000	  39.989	  87.000	  35.897	  93.000	  34.172	Fill1	R	5	51	1	965
5668	4	74	80.000	  46.500	  62.000	  60.000	  40.879	  91.000	Com2	R	3	49	2	1354
5668	4	75	54.000	  70.000	  53.000	  62.075	  55.000	  60.891	Fill4	R	1	49	1	1502
5668	4	76	78.000	  46.141	  61.000	  59.000	  39.989	  90.000	Com2	R	5	51	1	1436
5668	4	77	72.000	  45.889	  69.000	  40.928	  74.000	  39.068	Fill2	R	3	50	1	1276
5668	4	78	96.000	  36.219	  80.000	  43.462	  61.000	  57.000	Com1	R	3	51	3	2068
5668	4	79	75.000	  47.987	  74.000	  42.122	  78.000	  40.859	Fill2	R	2	49	1	2156
5668	4	80	95.000	  39.126	  94.000	  34.543	  96.000	  34.000	Fill1	R	6	49	3	929
5668	5	1	95.000	  38.505	  79.000	  46.304	  62.000	  59.000	Com1	R	4	49	3	900
5668	5	2	50.690	  71.000	  49.690	  62.809	  51.690	  61.346	Fill4	R	3	50	1	1109
5668	5	3	40.000	  87.000	  38.000	  78.237	  41.000	  72.024	Fill5	R	4	50	1	820
5668	5	4	80.000	  44.987	  61.000	  59.000	  40.898	  88.000	Com2	R	6	50	2	1358
5668	5	5	60.000	  58.000	  57.000	  52.965	  61.000	  50.393	Fill3	R	6	51	1	900
5668	5	6	39.101	  89.000	  36.101	  82.103	  41.101	  71.774	Fill5	R	3	50	1	1385
5668	5	7	93.000	  38.699	  92.000	  34.228	  96.000	  33.188	Fill1	R	5	49	2	1164
5668	5	8	93.000	  39.355	  91.000	  34.769	  95.000	  33.642	Fill1	R	4	50	1	937
5668	5	9	94.000	  40.234	  91.000	  36.132	  97.000	  34.134	Fill1	R	2	49	1	735
5668	5	10	92.000	  37.826	  90.000	  33.133	  94.000	  31.862	Fill1	R	5	49	2	1100
5668	5	11	49.714	  70.000	  46.714	  65.890	  51.714	  57.818	Fill4	R	5	49	2	889
5668	5	12	81.000	  44.395	  62.000	  58.000	  40.864	  88.000	Com2	R	4	51	2	817
5668	5	13	75.000	  46.400	  74.000	  41.041	  76.000	  39.539	Fill2	R	2	49	1	764
5668	5	14	82.000	  43.793	  63.000	  57.000	  41.276	  87.000	Com2	R	5	49	2	968
5668	5	15	81.000	  44.395	  62.000	  58.000	  40.404	  89.000	Com2	R	4	51	2	795
5668	5	16	97.000	  37.021	  82.000	  43.793	  63.000	  57.000	Com1	R	3	51	3	837
5668	5	17	60.000	  61.000	  59.000	  54.542	  62.000	  52.548	Fill3	R	1	51	3	1053
5668	5	18	76.000	  45.789	  73.000	  41.205	  79.000	  37.772	Fill2	R	4	49	3	925
5668	5	19	81.000	  43.630	  62.000	  57.000	  41.093	  86.000	Com2	R	6	50	2	977
5668	5	20	81.000	  45.111	  63.000	  58.000	  41.056	  89.000	Com2	R	1	51	3	918
5668	5	21	76.000	  46.579	  59.000	  60.000	  39.775	  89.000	Com2	R	5	49	2	732
5668	5	22	60.000	  58.000	  57.000	  52.895	  63.000	  48.762	Fill3	R	6	51	1	713
5668	5	23	97.000	  37.072	  81.000	  44.395	  62.000	  58.000	Com1	R	5	51	1	1670
5668	5	24	95.000	  37.200	  80.000	  44.175	  62.000	  57.000	Com1	R	5	50	3	958
5668	5	25	39.989	  90.000	  38.989	  78.946	  40.989	  74.874	Fill5	R	5	50	3	1220
5668	5	26	72.000	  47.444	  71.000	  41.620	  74.000	  40.581	Fill2	R	2	49	1	621
5668	5	27	81.000	  45.889	  63.000	  59.000	  41.300	  90.000	Com2	R	2	50	3	800
5668	5	28	76.000	  45.789	  74.000	  40.608	  77.000	  39.610	Fill2	R	5	51	1	1163
5668	5	29	95.000	  37.242	  78.000	  45.359	  61.000	  58.000	Com1	R	3	49	2	968
5668	5	30	61.000	  59.000	  59.000	  53.000	  63.000	  50.143	Fill3	R	5	51	1	715
5668	5	31	97.000	  36.433	  81.000	  43.630	  62.000	  57.000	Com1	R	2	49	1	632
5668	5	32	77.000	  49.117	  75.000	  45.013	  80.000	  42.275	Fill2	R	5	51	1	808
5668	5	33	96.000	  37.490	  79.000	  45.557	  61.000	  59.000	Com1	R	6	51	1	884
5668	5	34	49.714	  70.000	  47.714	  62.937	  50.714	  59.392	Fill4	R	5	49	2	603
5668	5	35	93.000	  37.419	  92.000	  33.424	  95.000	  31.737	Fill1	R	5	49	2	861
5668	5	36	60.000	  58.000	  58.000	  51.569	  61.000	  49.148	Fill3	R	2	50	3	582
5668	5	37	79.000	  46.304	  62.000	  59.000	  41.568	  88.000	Com2	R	5	51	1	1209
5668	5	38	81.000	  44.395	  62.000	  58.000	  40.864	  88.000	Com2	R	2	49	1	708
5668	5	39	96.000	  36.854	  80.000	  44.225	  61.000	  58.000	Com1	R	3	51	3	720
5668	5	40	82.000	  45.329	  63.000	  59.000	  42.239	  88.000	Com2	R	3	49	2	605
5668	5	41	80.000	  44.225	  61.000	  58.000	  39.753	  89.000	Com2	R	6	49	3	704
5668	5	42	41.560	  91.000	  38.560	  84.543	  42.560	  76.691	Fill5	R	4	50	1	797
5668	5	43	94.000	  37.021	  79.000	  44.051	  60.000	  58.000	Com1	R	2	49	1	888
5668	5	44	97.000	  37.072	  80.000	  44.950	  62.000	  58.000	Com1	R	4	50	1	1088
5668	5	45	76.000	  47.355	  73.000	  43.466	  78.000	  40.949	Fill2	R	5	50	3	576
5668	5	46	97.000	  38.320	  81.000	  45.889	  63.000	  59.000	Com1	R	5	49	2	787
5668	5	47	78.000	  45.359	  61.000	  58.000	  40.205	  88.000	Com2	R	5	49	2	749
5668	5	48	95.000	  37.853	  80.000	  44.950	  62.000	  58.000	Com1	R	1	49	1	731
5668	5	49	96.000	  37.458	  81.000	  44.395	  62.000	  58.000	Com1	R	5	51	1	1032
5668	5	50	80.000	  44.950	  62.000	  58.000	  40.864	  88.000	Com2	R	3	51	3	859
5668	5	51	52.528	  72.000	  51.528	  65.518	  53.528	  63.070	Fill4	R	5	51	1	1394
5668	5	52	95.000	  37.884	  80.000	  44.987	  61.000	  59.000	Com1	R	4	50	1	1717
5668	5	53	94.000	  38.287	  78.000	  46.141	  61.000	  59.000	Com1	R	1	50	2	1323
5668	5	54	78.000	  44.577	  61.000	  57.000	  39.966	  87.000	Com2	R	4	49	3	1648
5668	5	55	91.000	  38.242	  89.000	  34.393	  93.000	  32.828	Fill1	R	3	50	1	1608
5668	5	56	51.176	  68.000	  48.176	  62.188	  53.176	  57.826	Fill4	R	4	51	2	893
5668	5	57	80.000	  44.950	  62.000	  58.000	  40.404	  89.000	Com2	R	3	49	2	892
5668	5	58	56.000	  61.000	  53.000	  55.340	  57.000	  51.439	Fill3	R	6	49	3	627
5668	5	59	74.000	  49.459	  71.000	  44.803	  76.000	  42.526	Fill2	R	4	49	3	26
5668	5	60	96.000	  36.219	  78.000	  44.577	  61.000	  57.000	Com1	R	2	51	2	1440
5668	5	61	60.000	  58.000	  58.000	  51.828	  63.000	  47.349	Fill3	R	2	49	1	864
5668	5	62	88.000	  38.818	  87.000	  33.644	  89.000	  33.393	Fill1	R	4	50	1	1031
5668	5	63	80.000	  44.175	  62.000	  57.000	  40.159	  88.000	Com2	R	5	51	1	906
5668	5	64	79.000	  45.557	  61.000	  59.000	  40.438	  89.000	Com2	R	4	49	3	1311
5668	5	65	61.000	  62.000	  59.000	  56.458	  63.000	  53.333	Fill3	R	2	49	1	741
5668	5	66	93.000	  38.065	  76.000	  46.579	  59.000	  60.000	Com1	R	1	49	1	755
5668	5	67	96.000	  37.458	  81.000	  44.395	  62.000	  58.000	Com1	R	5	50	3	848
5668	5	68	78.000	  46.141	  61.000	  59.000	  40.438	  89.000	Com2	R	6	50	2	824
5668	5	69	49.714	  70.000	  47.714	  63.189	  51.714	  58.630	Fill4	R	1	49	1	531
5668	5	70	96.000	  38.063	  81.000	  45.111	  63.000	  58.000	Com1	R	5	49	2	616
5668	5	71	39.783	  92.000	  37.783	  83.372	  40.783	  76.945	Fill5	R	4	51	2	603
5668	5	72	40.000	  87.000	  37.000	  80.297	  41.000	  71.659	Fill5	R	6	51	1	605
5668	5	73	79.000	  44.051	  60.000	  58.000	  39.545	  88.000	Com2	R	6	50	2	656
5668	5	74	75.000	  46.400	  72.000	  41.625	  78.000	  38.821	Fill2	R	5	51	1	1392
5668	5	75	91.000	  38.242	  89.000	  34.213	  94.000	  32.138	Fill1	R	1	49	1	611
5668	5	76	47.444	  72.000	  46.444	  63.043	  49.444	  59.258	Fill4	R	1	49	1	1092
5668	5	77	51.549	  71.000	  50.549	  63.819	  52.549	  61.713	Fill4	R	6	51	1	788
5668	5	78	96.000	  38.719	  82.000	  45.329	  63.000	  59.000	Com1	R	4	49	3	799
5668	5	79	39.545	  88.000	  37.545	  79.104	  40.545	  73.473	Fill5	R	3	50	1	890
5668	5	80	37.956	  90.000	  35.956	  81.017	  38.956	  73.776	Fill5	R	3	50	1	642
5668	6	1	40.000	  90.000	  38.000	  81.132	  41.000	  74.902	Fill5	R	4	51	2	1140
5668	6	2	81.000	  42.778	  63.000	  55.000	  40.765	  85.000	Com2	R	5	50	3	611
5668	6	3	91.000	  40.154	  90.000	  35.444	  94.000	  34.011	Fill1	R	3	50	1	702
5668	6	4	80.000	  44.950	  62.000	  58.000	  41.333	  87.000	Com2	R	4	51	2	947
5668	6	5	93.000	  38.699	  90.000	  35.456	  95.000	  33.621	Fill1	R	3	50	1	696
5668	6	6	39.761	  92.000	  38.761	  81.061	  40.761	  76.421	Fill5	R	4	50	1	727
5668	6	7	51.429	  70.000	  48.429	  64.982	  52.429	  59.624	Fill4	R	6	51	1	788
5668	6	8	82.000	  44.561	  63.000	  58.000	  41.056	  89.000	Com2	R	5	50	3	799
5668	6	9	63.000	  60.000	  60.000	  56.267	  66.000	  51.167	Fill3	R	2	49	1	730
5668	6	10	82.000	  45.329	  63.000	  59.000	  41.300	  90.000	Com2	R	2	49	1	1015
5668	6	11	79.000	  45.519	  62.000	  58.000	  41.333	  87.000	Com2	R	3	49	2	874
5668	6	12	58.000	  61.000	  55.000	  56.291	  59.000	  52.542	Fill3	R	6	51	1	850
5668	6	13	78.000	  45.359	  61.000	  58.000	  40.205	  88.000	Com2	R	6	49	3	987
5668	6	14	96.000	  38.104	  79.000	  46.304	  62.000	  59.000	Com1	R	3	51	3	796
5668	6	15	72.000	  49.139	  69.000	  44.899	  75.000	  41.760	Fill2	R	5	51	1	807
5668	6	16	78.000	  45.359	  61.000	  58.000	  39.753	  89.000	Com2	R	3	51	3	786
5668	6	17	74.000	  49.378	  72.000	  44.236	  76.000	  42.474	Fill2	R	2	50	3	700
5668	6	18	96.000	  36.854	  78.000	  45.359	  61.000	  58.000	Com1	R	5	50	3	666
5668	6	19	74.000	  49.432	  73.000	  43.753	  76.000	  42.276	Fill2	R	3	50	1	905
5668	6	20	81.000	  45.111	  63.000	  58.000	  41.056	  89.000	Com2	R	5	49	2	1054
5668	6	21	91.000	  40.198	  89.000	  36.506	  93.000	  34.839	Fill1	R	5	49	2	686
5668	6	22	75.000	  47.987	  72.000	  43.903	  78.000	  40.705	Fill2	R	2	50	3	943
5668	6	23	97.000	  37.072	  79.000	  45.519	  62.000	  58.000	Com1	R	5	49	2	852
5668	6	24	81.000	  43.630	  62.000	  57.000	  40.621	  87.000	Com2	R	6	50	2	796
5668	6	25	49.432	  74.000	  48.432	  65.307	  51.432	  61.576	Fill4	R	3	50	1	786
5668	6	26	79.000	  45.519	  62.000	  58.000	  40.404	  89.000	Com2	R	4	51	2	963
5668	6	27	98.000	  35.357	  81.000	  42.778	  63.000	  55.000	Com1	R	2	50	3	919
5668	6	28	90.000	  39.311	  87.000	  35.356	  93.000	  33.183	Fill1	R	2	49	1	1308
5668	6	29	49.432	  74.000	  46.432	  69.650	  50.432	  64.026	Fill4	R	1	51	3	946
5668	6	30	95.000	  37.242	  78.000	  45.359	  61.000	  58.000	Com1	R	4	49	3	807
5668	6	31	96.000	  37.458	  79.000	  45.519	  62.000	  58.000	Com1	R	1	51	3	881
5668	6	32	94.000	  37.638	  78.000	  45.359	  61.000	  58.000	Com1	R	4	49	3	777
5668	6	33	79.000	  46.304	  62.000	  59.000	  41.101	  89.000	Com2	R	5	49	2	1187
5668	6	34	39.989	  90.000	  38.989	  78.997	  41.989	  72.757	Fill5	R	6	51	1	734
5668	6	35	63.000	  60.000	  61.000	  54.967	  65.000	  51.262	Fill3	R	1	49	1	1355
5668	6	36	48.720	  75.000	  47.720	  66.241	  50.720	  63.131	Fill4	R	3	51	3	785
5668	6	37	98.000	  37.286	  80.000	  45.675	  63.000	  58.000	Com1	R	3	51	3	987
5668	6	38	94.000	  37.638	  78.000	  45.359	  61.000	  58.000	Com1	R	6	49	3	638
5668	6	39	82.000	  44.561	  63.000	  58.000	  41.523	  88.000	Com2	R	2	51	2	798
5668	6	40	98.000	  38.531	  82.000	  46.049	  64.000	  59.000	Com1	R	2	50	3	698
5668	6	41	96.000	  36.854	  79.000	  44.785	  61.000	  58.000	Com1	R	6	49	3	650
5668	6	42	80.000	  45.675	  63.000	  58.000	  41.523	  88.000	Com2	R	3	49	2	1178
5668	6	43	41.538	  91.000	  39.538	  81.693	  42.538	  76.213	Fill5	R	3	50	1	963
5668	6	44	78.000	  48.462	  76.000	  43.579	  80.000	  42.163	Fill2	R	3	50	1	1209
5668	6	45	91.000	  40.198	  88.000	  36.534	  92.000	  35.130	Fill1	R	2	49	1	723
5668	6	46	78.000	  45.359	  61.000	  58.000	  40.205	  88.000	Com2	R	5	49	2	993
5668	6	47	58.000	  63.000	  57.000	  56.649	  61.000	  51.852	Fill3	R	5	51	1	1011
5668	6	48	60.000	  60.000	  59.000	  52.559	  63.000	  50.397	Fill3	R	2	49	1	790
5668	6	49	82.000	  46.049	  64.000	  59.000	  42.909	  88.000	Com2	R	4	51	2	977
5668	6	50	96.000	  38.719	  82.000	  45.329	  63.000	  59.000	Com1	R	3	51	3	996
5668	6	51	78.000	  45.359	  61.000	  58.000	  40.205	  88.000	Com2	R	6	49	3	1174
5668	6	52	52.500	  72.000	  50.500	  65.069	  53.500	  62.729	Fill4	R	2	51	2	881
5668	6	53	93.000	  38.710	  91.000	  34.747	  95.000	  33.432	Fill1	R	3	50	1	729
5668	6	54	78.000	  48.462	  77.000	  43.260	  79.000	  41.646	Fill2	R	5	51	1	1366
5668	6	55	42.000	  90.000	  39.000	  84.077	  43.000	  75.558	Fill5	R	1	49	1	650
5668	6	56	38.872	  94.000	  36.872	  84.643	  40.872	  76.262	Fill5	R	2	49	1	731
5668	6	57	48.466	  73.000	  46.466	  65.984	  50.466	  62.002	Fill4	R	4	51	2	825
5668	6	58	95.000	  39.789	  92.000	  36.685	  97.000	  34.392	Fill1	R	4	50	1	739
5668	6	59	40.198	  91.000	  38.198	  82.178	  41.198	  76.290	Fill5	R	5	51	1	721
5668	6	60	96.000	  38.104	  80.000	  45.725	  62.000	  59.000	Com1	R	4	49	3	654
5668	6	61	96.000	  38.063	  82.000	  44.561	  63.000	  58.000	Com1	R	5	50	3	766
5668	6	62	96.000	  37.458	  80.000	  44.950	  62.000	  58.000	Com1	R	2	50	3	1163
5668	6	63	76.000	  47.368	  75.000	  41.533	  78.000	  40.154	Fill2	R	4	51	2	633
5668	6	64	96.000	  36.813	  81.000	  43.630	  62.000	  57.000	Com1	R	4	49	3	731
5668	6	65	94.000	  40.213	  93.000	  36.290	  96.000	  34.271	Fill1	R	3	50	1	777
5668	6	66	98.000	  37.286	  81.000	  45.111	  63.000	  58.000	Com1	R	5	50	3	547
5668	6	67	79.000	  44.785	  61.000	  58.000	  39.753	  89.000	Com2	R	6	49	3	713
5668	6	68	53.239	  71.000	  51.239	  64.130	  54.239	  61.800	Fill4	R	3	49	2	805
5668	6	69	81.000	  44.395	  62.000	  58.000	  41.333	  87.000	Com2	R	4	51	2	768
5668	6	70	50.690	  71.000	  47.690	  66.974	  52.690	  59.537	Fill4	R	1	50	2	586
5668	6	71	74.000	  49.432	  71.000	  45.451	  77.000	  41.636	Fill2	R	2	49	1	525
5668	6	72	61.000	  59.000	  59.000	  53.017	  62.000	  51.194	Fill3	R	5	51	1	722
5668	6	73	59.000	  62.000	  56.000	  57.821	  62.000	  52.468	Fill3	R	5	49	2	512
5668	6	74	81.000	  44.395	  62.000	  58.000	  40.404	  89.000	Com2	R	2	50	3	693
5668	6	75	96.000	  38.063	  82.000	  44.561	  63.000	  58.000	Com1	R	2	50	3	1109
5668	6	76	38.879	  91.000	  37.879	  80.123	  39.879	  74.926	Fill5	R	2	50	3	899
5668	6	77	80.000	  45.725	  62.000	  59.000	  41.101	  89.000	Com2	R	2	49	1	699
5668	6	78	96.000	  37.458	  81.000	  44.395	  62.000	  58.000	Com1	R	4	49	3	2023
5668	6	79	59.000	  62.000	  58.000	  54.741	  62.000	  51.903	Fill3	R	4	51	2	870
5668	6	80	97.000	  37.072	  81.000	  44.395	  62.000	  58.000	Com1	R	2	50	3	750
5668	7	1	97.000	  36.433	  80.000	  44.175	  62.000	  57.000	Com1	R	3	50	1	1436
5668	7	2	60.000	  58.000	  59.000	  52.017	  63.000	  48.873	Fill3	R	5	51	1	898
5668	7	3	98.000	  37.286	  80.000	  45.675	  63.000	  58.000	Com1	R	3	49	2	986
5668	7	4	60.000	  61.000	  59.000	  55.153	  61.000	  52.475	Fill3	R	2	49	1	941
5668	7	5	93.000	  39.355	  91.000	  35.022	  94.000	  33.681	Fill1	R	3	50	1	1315
5668	7	6	80.000	  45.675	  63.000	  58.000	  42.000	  87.000	Com2	R	3	49	2	1208
5668	7	7	95.000	  37.200	  81.000	  43.630	  62.000	  57.000	Com1	R	2	50	3	690
5668	7	8	63.000	  57.000	  61.000	  51.656	  66.000	  47.879	Fill3	R	4	50	1	659
5668	7	9	96.000	  37.406	  80.000	  44.888	  63.000	  57.000	Com1	R	3	49	2	819
5668	7	10	63.000	  60.000	  61.000	  54.754	  64.000	  52.578	Fill3	R	5	50	3	1053
5668	7	11	96.000	  39.375	  95.000	  35.400	  97.000	  33.938	Fill1	R	3	50	1	781
5668	7	12	97.000	  36.433	  80.000	  44.175	  62.000	  57.000	Com1	R	3	51	3	920
5668	7	13	41.276	  87.000	  40.276	  76.398	  42.276	  73.115	Fill5	R	4	50	1	941
5668	7	14	97.000	  38.320	  82.000	  45.329	  63.000	  59.000	Com1	R	5	49	2	786
5668	7	15	96.000	  37.458	  81.000	  44.395	  62.000	  58.000	Com1	R	6	50	2	829
5668	7	16	75.000	  48.800	  74.000	  42.757	  78.000	  41.474	Fill2	R	5	51	1	712
5668	7	17	90.000	  39.989	  88.000	  35.773	  92.000	  33.967	Fill1	R	4	49	3	1158
5668	7	18	59.000	  61.000	  58.000	  54.052	  61.000	  50.967	Fill3	R	3	50	1	850
5668	7	19	42.239	  88.000	  41.239	  77.937	  43.239	  73.476	Fill5	R	1	49	1	762
5668	7	20	63.000	  59.000	  62.000	  51.984	  64.000	  51.750	Fill3	R	6	49	3	712
5668	7	21	97.000	  37.021	  81.000	  44.333	  63.000	  57.000	Com1	R	2	50	3	789
5668	7	22	95.000	  37.263	  77.000	  45.974	  60.000	  59.000	Com1	R	3	51	3	1199
5668	7	23	95.000	  37.853	  81.000	  44.395	  62.000	  58.000	Com1	R	1	51	3	857
5668	7	24	54.000	  70.000	  53.000	  62.075	  55.000	  60.891	Fill4	R	6	51	1	673
5668	7	25	95.000	  39.158	  80.000	  46.500	  62.000	  60.000	Com1	R	3	51	3	801
5668	7	26	37.124	  89.000	  36.124	  77.595	  38.124	  72.501	Fill5	R	2	49	1	669
5668	7	27	76.000	  45.789	  74.000	  40.743	  78.000	  39.077	Fill2	R	1	49	1	1005
5668	7	28	80.000	  46.500	  62.000	  60.000	  40.879	  91.000	Com2	R	3	49	2	1232
5668	7	29	79.000	  47.848	  77.000	  42.935	  82.000	  40.756	Fill2	R	1	50	2	843
5668	7	30	80.000	  44.888	  63.000	  57.000	  41.276	  87.000	Com2	R	3	49	2	706
5668	7	31	79.000	  44.785	  61.000	  58.000	  39.753	  89.000	Com2	R	5	51	1	864
5668	7	32	81.000	  43.630	  62.000	  57.000	  40.159	  88.000	Com2	R	5	51	1	680
5668	7	33	96.000	  37.406	  95.000	  33.063	  99.000	  31.576	Fill1	R	5	51	1	708
5668	7	34	49.986	  72.000	  46.986	  66.786	  50.986	  61.056	Fill4	R	2	50	3	997
5668	7	35	39.989	  90.000	  38.989	  78.535	  40.989	  74.581	Fill5	R	3	51	3	919
5668	7	36	82.000	  45.329	  63.000	  59.000	  41.300	  90.000	Com2	R	5	49	2	1372
5668	7	37	94.000	  37.638	  79.000	  44.785	  61.000	  58.000	Com1	R	5	50	3	943
5668	7	38	74.000	  48.635	  72.000	  43.250	  76.000	  40.895	Fill2	R	4	50	1	820
5668	7	39	90.000	  39.989	  87.000	  35.897	  93.000	  34.172	Fill1	R	3	51	3	1439
5668	7	40	81.000	  44.395	  62.000	  58.000	  41.333	  87.000	Com2	R	5	49	2	911
5668	7	41	91.000	  38.242	  90.000	  33.956	  94.000	  31.851	Fill1	R	6	51	1	1077
5668	7	42	96.000	  36.854	  79.000	  44.785	  61.000	  58.000	Com1	R	4	51	2	1013
5668	7	43	96.000	  37.490	  80.000	  44.987	  61.000	  59.000	Com1	R	6	51	1	728
5668	7	44	96.000	  38.719	  82.000	  45.329	  63.000	  59.000	Com1	R	5	50	3	1365
5668	7	45	96.000	  35.583	  79.000	  43.241	  61.000	  56.000	Com1	R	2	49	1	922
5668	7	46	72.000	  45.889	  69.000	  40.928	  74.000	  39.068	Fill2	R	1	49	1	927
5668	7	47	53.597	  67.000	  52.597	  59.908	  54.597	  57.897	Fill4	R	2	49	1	772
5668	7	48	80.000	  44.175	  62.000	  57.000	  40.621	  87.000	Com2	R	3	49	2	1487
5668	7	49	81.000	  44.333	  63.000	  57.000	  41.276	  87.000	Com2	R	5	50	3	975
5668	7	50	75.000	  47.987	  74.000	  42.122	  78.000	  40.859	Fill2	R	6	51	1	753
5668	7	51	79.000	  47.051	  76.000	  43.197	  81.000	  40.654	Fill2	R	5	51	1	1103
5668	7	52	96.000	  38.063	  82.000	  44.561	  63.000	  58.000	Com1	R	4	49	3	908
5668	7	53	78.000	  46.141	  61.000	  59.000	  39.989	  90.000	Com2	R	5	51	1	1169
5668	7	54	59.000	  61.000	  57.000	  55.491	  62.000	  51.194	Fill3	R	5	51	1	700
5668	7	55	49.714	  70.000	  47.714	  64.299	  50.714	  59.431	Fill4	R	2	49	1	1177
5668	7	56	81.000	  44.395	  62.000	  58.000	  40.404	  89.000	Com2	R	3	49	2	1108
5668	7	57	79.000	  44.785	  61.000	  58.000	  40.205	  88.000	Com2	R	2	51	2	1088
5668	7	58	88.000	  37.545	  87.000	  32.379	  89.000	  31.607	Fill1	R	1	49	1	1105
5668	7	59	94.000	  38.287	  78.000	  46.141	  61.000	  59.000	Com1	R	1	50	2	959
5668	7	60	79.000	  43.241	  61.000	  56.000	  39.264	  87.000	Com2	R	4	51	2	1380
5668	7	61	49.986	  72.000	  47.986	  66.144	  50.986	  61.370	Fill4	R	4	51	2	1063
5668	7	62	80.000	  44.987	  61.000	  59.000	  40.898	  88.000	Com2	R	3	51	3	1399
5668	7	63	80.000	  44.175	  62.000	  57.000	  40.159	  88.000	Com2	R	3	51	3	1130
5668	7	64	82.000	  44.561	  63.000	  58.000	  41.056	  89.000	Com2	R	5	51	1	903
5668	7	65	40.667	  90.000	  39.667	  78.908	  42.667	  73.453	Fill5	R	5	49	2	1036
5668	7	66	50.833	  72.000	  48.833	  65.119	  52.833	  60.473	Fill4	R	3	51	3	780
5668	7	67	41.538	  91.000	  38.538	  84.928	  42.538	  77.013	Fill5	R	4	50	1	996
5668	7	68	56.000	  59.000	  55.000	  52.073	  58.000	  49.069	Fill3	R	4	50	1	920
5668	7	69	47.884	  69.000	  44.884	  63.541	  49.884	  57.233	Fill4	R	3	49	2	990
5668	7	70	80.000	  44.950	  62.000	  58.000	  41.333	  87.000	Com2	R	1	49	1	880
5668	7	71	78.000	  46.038	  77.000	  40.169	  79.000	  40.253	Fill2	R	1	49	1	584
5668	7	72	82.000	  45.329	  63.000	  59.000	  42.239	  88.000	Com2	R	2	49	1	875
5668	7	73	52.352	  71.000	  51.352	  63.425	  54.352	  59.556	Fill4	R	4	50	1	980
5668	7	74	39.101	  89.000	  37.101	  79.566	  41.101	  72.188	Fill5	R	5	51	1	711
5668	7	75	95.000	  39.126	  94.000	  34.543	  96.000	  34.000	Fill1	R	3	50	1	661
5668	7	76	77.000	  45.974	  60.000	  59.000	  40.227	  88.000	Com2	R	2	51	2	932
5668	7	77	97.000	  37.072	  80.000	  44.950	  62.000	  58.000	Com1	R	3	50	1	521
5668	7	78	39.989	  90.000	  37.989	  80.445	  40.989	  75.142	Fill5	R	1	49	1	783
5668	7	79	96.000	  36.219	  80.000	  43.462	  61.000	  57.000	Com1	R	5	50	3	1049
5668	7	80	80.000	  43.462	  61.000	  57.000	  40.430	  86.000	Com2	R	5	51	1	953
5668	8	1	80.000	  44.987	  61.000	  59.000	  40.898	  88.000	Com2	R	5	50	3	980
5668	8	2	51.549	  71.000	  50.549	  63.819	  52.549	  61.713	Fill4	R	5	49	2	728
5668	8	3	56.000	  61.000	  53.000	  55.340	  57.000	  51.439	Fill3	R	4	50	1	758
5668	8	4	80.000	  44.950	  62.000	  58.000	  40.864	  88.000	Com2	R	3	49	2	771
5668	8	5	49.714	  70.000	  46.714	  65.890	  51.714	  57.818	Fill4	R	6	51	1	735
5668	8	6	96.000	  38.719	  82.000	  45.329	  63.000	  59.000	Com1	R	5	50	3	635
5668	8	7	94.000	  38.287	  78.000	  46.141	  61.000	  59.000	Com1	R	4	49	3	619
5668	8	8	93.000	  39.355	  91.000	  34.769	  95.000	  33.642	Fill1	R	6	49	3	703
5668	8	9	39.989	  90.000	  38.989	  78.946	  40.989	  74.874	Fill5	R	4	50	1	716
5668	8	10	79.000	  44.051	  60.000	  58.000	  39.545	  88.000	Com2	R	4	50	1	649
5668	8	11	93.000	  38.065	  76.000	  46.579	  59.000	  60.000	Com1	R	5	50	3	856
5668	8	12	37.956	  90.000	  35.956	  81.017	  38.956	  73.776	Fill5	R	5	51	1	848
5668	8	13	39.101	  89.000	  36.101	  82.103	  41.101	  71.774	Fill5	R	5	51	1	648
5668	8	14	81.000	  44.395	  62.000	  58.000	  40.864	  88.000	Com2	R	1	49	1	664
5668	8	15	96.000	  37.490	  79.000	  45.557	  61.000	  59.000	Com1	R	3	51	3	1048
5668	8	16	91.000	  38.242	  89.000	  34.393	  93.000	  32.828	Fill1	R	2	49	1	648
5668	8	17	96.000	  37.458	  81.000	  44.395	  62.000	  58.000	Com1	R	5	50	3	584
5668	8	18	82.000	  45.329	  63.000	  59.000	  42.239	  88.000	Com2	R	3	50	1	971
5668	8	19	96.000	  36.854	  80.000	  44.225	  61.000	  58.000	Com1	R	2	50	3	830
5668	8	20	47.444	  72.000	  46.444	  63.043	  49.444	  59.258	Fill4	R	6	51	1	856
5668	8	21	93.000	  38.699	  92.000	  34.228	  96.000	  33.188	Fill1	R	2	49	1	768
5668	8	22	60.000	  58.000	  57.000	  52.965	  61.000	  50.393	Fill3	R	2	49	1	843
5668	8	23	97.000	  37.072	  81.000	  44.395	  62.000	  58.000	Com1	R	2	51	2	1026
5668	8	24	79.000	  45.557	  61.000	  59.000	  40.438	  89.000	Com2	R	6	51	1	885
5668	8	25	60.000	  58.000	  58.000	  51.569	  61.000	  49.148	Fill3	R	3	50	1	718
5668	8	26	94.000	  40.234	  91.000	  36.132	  97.000	  34.134	Fill1	R	4	49	3	763
5668	8	27	78.000	  44.577	  61.000	  57.000	  39.966	  87.000	Com2	R	5	49	2	856
5668	8	28	74.000	  49.459	  71.000	  44.803	  76.000	  42.526	Fill2	R	4	50	1	960
5668	8	29	80.000	  44.175	  62.000	  57.000	  40.159	  88.000	Com2	R	1	49	1	662
5668	8	30	41.560	  91.000	  38.560	  84.543	  42.560	  76.691	Fill5	R	5	50	3	806
5668	8	31	77.000	  49.117	  75.000	  45.013	  80.000	  42.275	Fill2	R	4	50	1	672
5668	8	32	82.000	  43.793	  63.000	  57.000	  41.276	  87.000	Com2	R	1	49	1	944
5668	8	33	80.000	  44.950	  62.000	  58.000	  40.404	  89.000	Com2	R	2	51	2	1366
5668	8	34	61.000	  62.000	  59.000	  56.458	  63.000	  53.333	Fill3	R	2	50	3	779
5668	8	35	92.000	  37.826	  90.000	  33.133	  94.000	  31.862	Fill1	R	3	50	1	662
5668	8	36	78.000	  45.359	  61.000	  58.000	  40.205	  88.000	Com2	R	4	51	2	902
5668	8	37	94.000	  37.021	  79.000	  44.051	  60.000	  58.000	Com1	R	6	50	2	858
5668	8	38	97.000	  36.433	  81.000	  43.630	  62.000	  57.000	Com1	R	6	49	3	786
5668	8	39	79.000	  46.304	  62.000	  59.000	  41.568	  88.000	Com2	R	3	49	2	605
5668	8	40	95.000	  37.200	  80.000	  44.175	  62.000	  57.000	Com1	R	5	50	3	815
5668	8	41	50.690	  71.000	  49.690	  62.809	  51.690	  61.346	Fill4	R	2	51	2	1050
5668	8	42	96.000	  38.063	  81.000	  45.111	  63.000	  58.000	Com1	R	1	49	1	1226
5668	8	43	81.000	  45.889	  63.000	  59.000	  41.300	  90.000	Com2	R	3	50	1	662
5668	8	44	60.000	  61.000	  59.000	  54.542	  62.000	  52.548	Fill3	R	3	49	2	567
5668	8	45	75.000	  46.400	  72.000	  41.625	  78.000	  38.821	Fill2	R	4	50	1	731
5668	8	46	78.000	  46.141	  61.000	  59.000	  40.438	  89.000	Com2	R	3	50	1	488
5668	8	47	95.000	  37.884	  80.000	  44.987	  61.000	  59.000	Com1	R	5	51	1	656
5668	8	48	60.000	  58.000	  57.000	  52.895	  63.000	  48.762	Fill3	R	5	50	3	672
5668	8	49	40.000	  87.000	  38.000	  78.237	  41.000	  72.024	Fill5	R	3	49	2	768
5668	8	50	96.000	  37.458	  81.000	  44.395	  62.000	  58.000	Com1	R	5	50	3	667
5668	8	51	80.000	  44.225	  61.000	  58.000	  39.753	  89.000	Com2	R	4	50	1	1146
5668	8	52	72.000	  47.444	  71.000	  41.620	  74.000	  40.581	Fill2	R	4	50	1	743
5668	8	53	95.000	  38.505	  79.000	  46.304	  62.000	  59.000	Com1	R	6	50	2	901
5668	8	54	91.000	  38.242	  89.000	  34.213	  94.000	  32.138	Fill1	R	3	49	2	714
5668	8	55	88.000	  38.818	  87.000	  33.644	  89.000	  33.393	Fill1	R	2	49	1	695
5668	8	56	97.000	  37.021	  82.000	  43.793	  63.000	  57.000	Com1	R	5	49	2	1479
5668	8	57	75.000	  46.400	  74.000	  41.041	  76.000	  39.539	Fill2	R	2	49	1	744
5668	8	58	76.000	  47.355	  73.000	  43.466	  78.000	  40.949	Fill2	R	5	51	1	1157
5668	8	59	76.000	  46.579	  59.000	  60.000	  39.775	  89.000	Com2	R	6	49	3	1122
5668	8	60	51.176	  68.000	  48.176	  62.188	  53.176	  57.826	Fill4	R	2	49	1	1199
5668	8	61	95.000	  37.242	  78.000	  45.359	  61.000	  58.000	Com1	R	4	49	3	1243
5668	8	62	39.783	  92.000	  37.783	  83.372	  40.783	  76.945	Fill5	R	1	51	3	882
5668	8	63	49.714	  70.000	  47.714	  62.937	  50.714	  59.392	Fill4	R	4	50	1	586
5668	8	64	96.000	  36.219	  78.000	  44.577	  61.000	  57.000	Com1	R	1	51	3	941
5668	8	65	93.000	  37.419	  92.000	  33.424	  95.000	  31.737	Fill1	R	4	50	1	786
5668	8	66	97.000	  38.320	  81.000	  45.889	  63.000	  59.000	Com1	R	6	49	3	1037
5668	8	67	97.000	  37.072	  80.000	  44.950	  62.000	  58.000	Com1	R	4	49	3	973
5668	8	68	40.000	  87.000	  37.000	  80.297	  41.000	  71.659	Fill5	R	5	51	1	783
5668	8	69	81.000	  45.111	  63.000	  58.000	  41.056	  89.000	Com2	R	3	49	2	875
5668	8	70	49.714	  70.000	  47.714	  63.189	  51.714	  58.630	Fill4	R	4	50	1	1058
5668	8	71	76.000	  45.789	  73.000	  41.205	  79.000	  37.772	Fill2	R	2	49	1	1202
5668	8	72	95.000	  37.853	  80.000	  44.950	  62.000	  58.000	Com1	R	2	50	3	829
5668	8	73	61.000	  59.000	  59.000	  53.000	  63.000	  50.143	Fill3	R	1	51	3	855
5668	8	74	39.545	  88.000	  37.545	  79.104	  40.545	  73.473	Fill5	R	5	51	1	846
5668	8	75	81.000	  44.395	  62.000	  58.000	  40.404	  89.000	Com2	R	3	50	1	790
5668	8	76	81.000	  44.395	  62.000	  58.000	  40.864	  88.000	Com2	R	3	50	1	577
5668	8	77	52.528	  72.000	  51.528	  65.518	  53.528	  63.070	Fill4	R	1	49	1	628
5668	8	78	60.000	  58.000	  58.000	  51.828	  63.000	  47.349	Fill3	R	4	50	1	743
5668	8	79	81.000	  43.630	  62.000	  57.000	  41.093	  86.000	Com2	R	2	51	2	1557
5668	8	80	76.000	  45.789	  74.000	  40.608	  77.000	  39.610	Fill2	R	1	50	2	834
5668	9	1	96.000	  38.063	  82.000	  44.561	  63.000	  58.000	Com1	R	2	50	3	884
5668	9	2	79.000	  45.519	  62.000	  58.000	  40.404	  89.000	Com2	R	1	50	2	714
5668	9	3	61.000	  59.000	  59.000	  53.017	  62.000	  51.194	Fill3	R	3	50	1	615
5668	9	4	38.879	  91.000	  37.879	  80.123	  39.879	  74.926	Fill5	R	4	49	3	714
5668	9	5	96.000	  37.458	  80.000	  44.950	  62.000	  58.000	Com1	R	3	51	3	902
5668	9	6	90.000	  39.311	  87.000	  35.356	  93.000	  33.183	Fill1	R	5	51	1	780
5668	9	7	49.432	  74.000	  46.432	  69.650	  50.432	  64.026	Fill4	R	5	49	2	646
5668	9	8	78.000	  45.359	  61.000	  58.000	  40.205	  88.000	Com2	R	3	50	1	694
5668	9	9	96.000	  38.104	  80.000	  45.725	  62.000	  59.000	Com1	R	2	50	3	982
5668	9	10	40.000	  90.000	  38.000	  81.132	  41.000	  74.902	Fill5	R	1	49	1	761
5668	9	11	59.000	  62.000	  58.000	  54.741	  62.000	  51.903	Fill3	R	3	50	1	646
5668	9	12	72.000	  49.139	  69.000	  44.899	  75.000	  41.760	Fill2	R	4	50	1	759
5668	9	13	52.500	  72.000	  50.500	  65.069	  53.500	  62.729	Fill4	R	2	49	1	677
5668	9	14	79.000	  46.304	  62.000	  59.000	  41.101	  89.000	Com2	R	5	50	3	741
5668	9	15	96.000	  37.458	  81.000	  44.395	  62.000	  58.000	Com1	R	5	50	3	626
5668	9	16	76.000	  47.368	  75.000	  41.533	  78.000	  40.154	Fill2	R	3	50	1	821
5668	9	17	82.000	  44.561	  63.000	  58.000	  41.523	  88.000	Com2	R	3	50	1	975
5668	9	18	91.000	  40.198	  89.000	  36.506	  93.000	  34.839	Fill1	R	5	50	3	753
5668	9	19	93.000	  38.710	  91.000	  34.747	  95.000	  33.432	Fill1	R	3	51	3	894
5668	9	20	78.000	  45.359	  61.000	  58.000	  40.205	  88.000	Com2	R	3	49	2	758
5668	9	21	81.000	  42.778	  63.000	  55.000	  40.765	  85.000	Com2	R	5	49	2	820
5668	9	22	60.000	  60.000	  59.000	  52.559	  63.000	  50.397	Fill3	R	2	49	1	638
5668	9	23	79.000	  45.519	  62.000	  58.000	  41.333	  87.000	Com2	R	2	51	2	862
5668	9	24	96.000	  36.813	  81.000	  43.630	  62.000	  57.000	Com1	R	2	50	3	646
5668	9	25	94.000	  37.638	  78.000	  45.359	  61.000	  58.000	Com1	R	1	49	1	454
5668	9	26	97.000	  37.072	  79.000	  45.519	  62.000	  58.000	Com1	R	3	49	2	735
5668	9	27	78.000	  48.462	  77.000	  43.260	  79.000	  41.646	Fill2	R	2	51	2	844
5668	9	28	79.000	  44.785	  61.000	  58.000	  39.753	  89.000	Com2	R	1	49	1	916
5668	9	29	82.000	  44.561	  63.000	  58.000	  41.056	  89.000	Com2	R	3	50	1	729
5668	9	30	96.000	  36.854	  78.000	  45.359	  61.000	  58.000	Com1	R	4	49	3	598
5668	9	31	96.000	  38.719	  82.000	  45.329	  63.000	  59.000	Com1	R	5	50	3	744
5668	9	32	39.989	  90.000	  38.989	  78.997	  41.989	  72.757	Fill5	R	5	51	1	821
5668	9	33	81.000	  44.395	  62.000	  58.000	  41.333	  87.000	Com2	R	4	51	2	769
5668	9	34	75.000	  47.987	  72.000	  43.903	  78.000	  40.705	Fill2	R	4	50	1	604
5668	9	35	38.872	  94.000	  36.872	  84.643	  40.872	  76.262	Fill5	R	4	49	3	654
5668	9	36	98.000	  38.531	  82.000	  46.049	  64.000	  59.000	Com1	R	3	50	1	1038
5668	9	37	81.000	  44.395	  62.000	  58.000	  40.404	  89.000	Com2	R	1	51	3	1038
5668	9	38	81.000	  43.630	  62.000	  57.000	  40.621	  87.000	Com2	R	5	50	3	1177
5668	9	39	96.000	  36.854	  79.000	  44.785	  61.000	  58.000	Com1	R	4	49	3	762
5668	9	40	58.000	  61.000	  55.000	  56.291	  59.000	  52.542	Fill3	R	3	50	1	598
5668	9	41	78.000	  48.462	  76.000	  43.579	  80.000	  42.163	Fill2	R	6	51	1	953
5668	9	42	91.000	  40.154	  90.000	  35.444	  94.000	  34.011	Fill1	R	4	50	1	862
5668	9	43	78.000	  45.359	  61.000	  58.000	  39.753	  89.000	Com2	R	3	49	2	678
5668	9	44	74.000	  49.378	  72.000	  44.236	  76.000	  42.474	Fill2	R	2	50	3	614
5668	9	45	94.000	  37.638	  78.000	  45.359	  61.000	  58.000	Com1	R	5	51	1	696
5668	9	46	95.000	  39.789	  92.000	  36.685	  97.000	  34.392	Fill1	R	2	49	1	424
5668	9	47	63.000	  60.000	  60.000	  56.267	  66.000	  51.167	Fill3	R	5	50	3	739
5668	9	48	51.429	  70.000	  48.429	  64.982	  52.429	  59.624	Fill4	R	1	51	3	1168
5668	9	49	98.000	  37.286	  80.000	  45.675	  63.000	  58.000	Com1	R	3	51	3	1163
5668	9	50	91.000	  40.198	  88.000	  36.534	  92.000	  35.130	Fill1	R	3	49	2	504
5668	9	51	98.000	  35.357	  81.000	  42.778	  63.000	  55.000	Com1	R	5	51	1	909
5668	9	52	81.000	  45.111	  63.000	  58.000	  41.056	  89.000	Com2	R	3	50	1	997
5668	9	53	95.000	  37.242	  78.000	  45.359	  61.000	  58.000	Com1	R	2	50	3	1046
5668	9	54	82.000	  45.329	  63.000	  59.000	  41.300	  90.000	Com2	R	6	50	2	710
5668	9	55	96.000	  38.104	  79.000	  46.304	  62.000	  59.000	Com1	R	2	49	1	868
5668	9	56	39.761	  92.000	  38.761	  81.061	  40.761	  76.421	Fill5	R	1	50	2	940
5668	9	57	82.000	  46.049	  64.000	  59.000	  42.909	  88.000	Com2	R	3	50	1	784
5668	9	58	59.000	  62.000	  56.000	  57.821	  62.000	  52.468	Fill3	R	3	51	3	1019
5668	9	59	97.000	  37.072	  81.000	  44.395	  62.000	  58.000	Com1	R	5	51	1	989
5668	9	60	48.720	  75.000	  47.720	  66.241	  50.720	  63.131	Fill4	R	2	50	3	992
5668	9	61	48.466	  73.000	  46.466	  65.984	  50.466	  62.002	Fill4	R	6	51	1	851
5668	9	62	94.000	  40.213	  93.000	  36.290	  96.000	  34.271	Fill1	R	3	50	1	1243
5668	9	63	98.000	  37.286	  81.000	  45.111	  63.000	  58.000	Com1	R	1	49	1	563
5668	9	64	96.000	  38.063	  82.000	  44.561	  63.000	  58.000	Com1	R	5	51	1	905
5668	9	65	53.239	  71.000	  51.239	  64.130	  54.239	  61.800	Fill4	R	6	51	1	1933
5668	9	66	74.000	  49.432	  73.000	  43.753	  76.000	  42.276	Fill2	R	4	50	1	651
5668	9	67	58.000	  63.000	  57.000	  56.649	  61.000	  51.852	Fill3	R	5	51	1	731
5668	9	68	80.000	  45.725	  62.000	  59.000	  41.101	  89.000	Com2	R	6	50	2	905
5668	9	69	49.432	  74.000	  48.432	  65.307	  51.432	  61.576	Fill4	R	3	50	1	1293
5668	9	70	78.000	  45.359	  61.000	  58.000	  40.205	  88.000	Com2	R	2	49	1	757
5668	9	71	96.000	  37.458	  79.000	  45.519	  62.000	  58.000	Com1	R	5	49	2	451
5668	9	72	80.000	  44.950	  62.000	  58.000	  41.333	  87.000	Com2	R	3	51	3	459
5668	9	73	80.000	  45.675	  63.000	  58.000	  41.523	  88.000	Com2	R	4	50	1	467
5668	9	74	63.000	  60.000	  61.000	  54.967	  65.000	  51.262	Fill3	R	1	50	2	1
5668	9	75	50.690	  71.000	  47.690	  66.974	  52.690	  59.537	Fill4	R	3	50	1	27
5668	9	76	40.198	  91.000	  38.198	  82.178	  41.198	  76.290	Fill5	R	6	50	2	1152
5668	9	77	74.000	  49.432	  71.000	  45.451	  77.000	  41.636	Fill2	R	4	50	1	1085
5668	9	78	41.538	  91.000	  39.538	  81.693	  42.538	  76.213	Fill5	R	4	50	1	749
5668	9	79	42.000	  90.000	  39.000	  84.077	  43.000	  75.558	Fill5	R	4	49	3	619
5668	9	80	93.000	  38.699	  90.000	  35.456	  95.000	  33.621	Fill1	R	4	50	1	589
