username: 6061, Experiment time (minutes): 32
Operating system: Windows 7
Manufacturer: Adobe Windows
Player type: PlugIn
Version: WIN 10,3,183,10

username	blkNum	trlNum	Rect1Height	Rect1Width	Rect2Height	Rect2Width	Rect3Height	Rect3Width	Effect	StimType	StimPosition	rawResp	response	RT
6061	0	1	73.000	  50.110	  59.000	  62.000	  50.110	  73.000	Com2	R	4	51	2	6364
6061	0	2	92.000	  41.109	  76.000	  49.763	  61.000	  62.000	Com1	R	5	49	2	3787
6061	0	3	59.000	  59.000	  58.000	  52.224	  60.000	  49.917	Fill3	R	3	50	1	3936
6061	1	1	82.000	  44.561	  63.000	  58.000	  41.056	  89.000	Com2	R	5	49	2	5873
6061	1	2	96.000	  38.063	  82.000	  44.561	  63.000	  58.000	Com1	R	5	49	2	5388
6061	1	3	80.000	  44.987	  61.000	  59.000	  40.898	  88.000	Com2	R	6	50	2	5615
6061	1	4	96.000	  38.719	  82.000	  45.329	  63.000	  59.000	Com1	R	2	49	1	5819
6061	1	5	75.000	  47.987	  74.000	  42.122	  78.000	  40.859	Fill2	R	4	50	1	2812
6061	1	6	50.833	  72.000	  48.833	  65.119	  52.833	  60.473	Fill4	R	5	51	1	2903
6061	1	7	52.352	  71.000	  51.352	  63.425	  54.352	  59.556	Fill4	R	2	49	1	3100
6061	1	8	82.000	  45.329	  63.000	  59.000	  42.239	  88.000	Com2	R	2	51	2	3290
6061	1	9	63.000	  57.000	  61.000	  51.656	  66.000	  47.879	Fill3	R	6	51	1	1857
6061	1	10	60.000	  58.000	  59.000	  52.017	  63.000	  48.873	Fill3	R	2	49	1	6721
6061	1	11	77.000	  45.974	  60.000	  59.000	  40.227	  88.000	Com2	R	2	49	1	3471
6061	1	12	97.000	  37.072	  80.000	  44.950	  62.000	  58.000	Com1	R	5	49	2	1903
6061	1	13	81.000	  44.395	  62.000	  58.000	  40.404	  89.000	Com2	R	5	49	2	3324
6061	1	14	76.000	  45.789	  74.000	  40.743	  78.000	  39.077	Fill2	R	1	49	1	1024
6061	1	15	82.000	  45.329	  63.000	  59.000	  41.300	  90.000	Com2	R	5	51	1	1987
6061	1	16	97.000	  37.021	  81.000	  44.333	  63.000	  57.000	Com1	R	4	49	3	4734
6061	1	17	79.000	  43.241	  61.000	  56.000	  39.264	  87.000	Com2	R	3	49	2	4253
6061	1	18	80.000	  44.175	  62.000	  57.000	  40.159	  88.000	Com2	R	6	50	2	2364
6061	1	19	49.714	  70.000	  47.714	  64.299	  50.714	  59.431	Fill4	R	3	50	1	2456
6061	1	20	72.000	  45.889	  69.000	  40.928	  74.000	  39.068	Fill2	R	2	49	1	1520
6061	1	21	75.000	  48.800	  74.000	  42.757	  78.000	  41.474	Fill2	R	6	51	1	1470
6061	1	22	95.000	  37.200	  81.000	  43.630	  62.000	  57.000	Com1	R	5	49	2	1438
6061	1	23	40.667	  90.000	  39.667	  78.908	  42.667	  73.453	Fill5	R	4	50	1	1422
6061	1	24	96.000	  36.219	  80.000	  43.462	  61.000	  57.000	Com1	R	2	51	2	1392
6061	1	25	56.000	  59.000	  55.000	  52.073	  58.000	  49.069	Fill3	R	3	50	1	2709
6061	1	26	74.000	  48.635	  72.000	  43.250	  76.000	  40.895	Fill2	R	3	50	1	865
6061	1	27	95.000	  39.126	  94.000	  34.543	  96.000	  34.000	Fill1	R	3	50	1	1608
6061	1	28	90.000	  39.989	  87.000	  35.897	  93.000	  34.172	Fill1	R	5	51	1	915
6061	1	29	90.000	  39.989	  88.000	  35.773	  92.000	  33.967	Fill1	R	2	49	1	1432
6061	1	30	42.239	  88.000	  41.239	  77.937	  43.239	  73.476	Fill5	R	1	49	1	1064
6061	1	31	97.000	  38.320	  82.000	  45.329	  63.000	  59.000	Com1	R	5	49	2	7785
6061	1	32	79.000	  47.051	  76.000	  43.197	  81.000	  40.654	Fill2	R	5	51	1	2891
6061	1	33	63.000	  60.000	  61.000	  54.754	  64.000	  52.578	Fill3	R	2	49	1	1906
6061	1	34	95.000	  37.853	  81.000	  44.395	  62.000	  58.000	Com1	R	5	49	2	1152
6061	1	35	81.000	  44.333	  63.000	  57.000	  41.276	  87.000	Com2	R	4	51	2	2430
6061	1	36	96.000	  35.583	  79.000	  43.241	  61.000	  56.000	Com1	R	6	49	3	1048
6061	1	37	80.000	  43.462	  61.000	  57.000	  40.430	  86.000	Com2	R	4	49	3	2440
6061	1	38	91.000	  38.242	  90.000	  33.956	  94.000	  31.851	Fill1	R	2	49	1	1457
6061	1	39	78.000	  46.038	  77.000	  40.169	  79.000	  40.253	Fill2	R	5	51	1	1184
6061	1	40	80.000	  44.950	  62.000	  58.000	  41.333	  87.000	Com2	R	1	49	1	1355
6061	1	41	96.000	  37.458	  81.000	  44.395	  62.000	  58.000	Com1	R	2	51	2	1423
6061	1	42	81.000	  44.395	  62.000	  58.000	  41.333	  87.000	Com2	R	4	51	2	2418
6061	1	43	93.000	  39.355	  91.000	  35.022	  94.000	  33.681	Fill1	R	2	49	1	1421
6061	1	44	81.000	  43.630	  62.000	  57.000	  40.159	  88.000	Com2	R	1	51	3	3311
6061	1	45	80.000	  44.175	  62.000	  57.000	  40.621	  87.000	Com2	R	2	51	2	1975
6061	1	46	49.986	  72.000	  47.986	  66.144	  50.986	  61.370	Fill4	R	1	49	1	912
6061	1	47	80.000	  44.888	  63.000	  57.000	  41.276	  87.000	Com2	R	5	51	1	2438
6061	1	48	59.000	  61.000	  58.000	  54.052	  61.000	  50.967	Fill3	R	3	50	1	2029
6061	1	49	39.101	  89.000	  37.101	  79.566	  41.101	  72.188	Fill5	R	2	49	1	1063
6061	1	50	98.000	  37.286	  80.000	  45.675	  63.000	  58.000	Com1	R	6	49	3	903
6061	1	51	94.000	  37.638	  79.000	  44.785	  61.000	  58.000	Com1	R	1	50	2	1885
6061	1	52	63.000	  59.000	  62.000	  51.984	  64.000	  51.750	Fill3	R	4	50	1	1098
6061	1	53	39.989	  90.000	  38.989	  78.535	  40.989	  74.581	Fill5	R	2	49	1	1354
6061	1	54	96.000	  37.490	  80.000	  44.987	  61.000	  59.000	Com1	R	5	49	2	3024
6061	1	55	94.000	  38.287	  78.000	  46.141	  61.000	  59.000	Com1	R	5	49	2	1619
6061	1	56	80.000	  45.675	  63.000	  58.000	  42.000	  87.000	Com2	R	5	49	2	1101
6061	1	57	47.884	  69.000	  44.884	  63.541	  49.884	  57.233	Fill4	R	2	49	1	1866
6061	1	58	96.000	  37.406	  95.000	  33.063	  99.000	  31.576	Fill1	R	2	49	1	1482
6061	1	59	96.000	  39.375	  95.000	  35.400	  97.000	  33.938	Fill1	R	1	49	1	890
6061	1	60	49.986	  72.000	  46.986	  66.786	  50.986	  61.056	Fill4	R	5	51	1	3218
6061	1	61	37.124	  89.000	  36.124	  77.595	  38.124	  72.501	Fill5	R	1	49	1	4574
6061	1	62	53.597	  67.000	  52.597	  59.908	  54.597	  57.897	Fill4	R	4	50	1	1438
6061	1	63	39.989	  90.000	  37.989	  80.445	  40.989	  75.142	Fill5	R	2	49	1	814
6061	1	64	97.000	  36.433	  80.000	  44.175	  62.000	  57.000	Com1	R	6	49	3	825
6061	1	65	79.000	  44.785	  61.000	  58.000	  39.753	  89.000	Com2	R	3	50	1	2804
6061	1	66	41.538	  91.000	  38.538	  84.928	  42.538	  77.013	Fill5	R	3	50	1	2127
6061	1	67	96.000	  36.854	  79.000	  44.785	  61.000	  58.000	Com1	R	2	50	3	4438
6061	1	68	79.000	  44.785	  61.000	  58.000	  40.205	  88.000	Com2	R	5	51	1	2045
6061	1	69	54.000	  70.000	  53.000	  62.075	  55.000	  60.891	Fill4	R	6	51	1	1476
6061	1	70	95.000	  39.158	  80.000	  46.500	  62.000	  60.000	Com1	R	3	51	3	1748
6061	1	71	95.000	  37.263	  77.000	  45.974	  60.000	  59.000	Com1	R	3	49	2	1145
6061	1	72	78.000	  46.141	  61.000	  59.000	  39.989	  90.000	Com2	R	2	51	2	12054
6061	1	73	60.000	  61.000	  59.000	  55.153	  61.000	  52.475	Fill3	R	5	51	1	5230
6061	1	74	80.000	  46.500	  62.000	  60.000	  40.879	  91.000	Com2	R	1	50	2	10026
6061	1	75	41.276	  87.000	  40.276	  76.398	  42.276	  73.115	Fill5	R	3	51	3	1091
6061	1	76	88.000	  37.545	  87.000	  32.379	  89.000	  31.607	Fill1	R	4	50	1	1620
6061	1	77	79.000	  47.848	  77.000	  42.935	  82.000	  40.756	Fill2	R	3	50	1	1614
6061	1	78	96.000	  37.406	  80.000	  44.888	  63.000	  57.000	Com1	R	3	49	2	1097
6061	1	79	59.000	  61.000	  57.000	  55.491	  62.000	  51.194	Fill3	R	2	50	3	1209
6061	1	80	97.000	  36.433	  80.000	  44.175	  62.000	  57.000	Com1	R	2	51	2	1236
6061	2	1	96.000	  37.458	  81.000	  44.395	  62.000	  58.000	Com1	R	3	49	2	5455
6061	2	2	91.000	  38.242	  89.000	  34.393	  93.000	  32.828	Fill1	R	4	50	1	981
6061	2	3	93.000	  38.065	  76.000	  46.579	  59.000	  60.000	Com1	R	3	49	2	2568
6061	2	4	95.000	  37.884	  80.000	  44.987	  61.000	  59.000	Com1	R	4	49	3	1916
6061	2	5	95.000	  38.505	  79.000	  46.304	  62.000	  59.000	Com1	R	5	50	3	1338
6061	2	6	76.000	  45.789	  73.000	  41.205	  79.000	  37.772	Fill2	R	1	49	1	686
6061	2	7	80.000	  44.225	  61.000	  58.000	  39.753	  89.000	Com2	R	6	50	2	1374
6061	2	8	94.000	  37.021	  79.000	  44.051	  60.000	  58.000	Com1	R	3	51	3	1040
6061	2	9	39.545	  88.000	  37.545	  79.104	  40.545	  73.473	Fill5	R	2	49	1	2768
6061	2	10	91.000	  38.242	  89.000	  34.213	  94.000	  32.138	Fill1	R	4	50	1	811
6061	2	11	97.000	  37.072	  80.000	  44.950	  62.000	  58.000	Com1	R	3	51	3	1317
6061	2	12	75.000	  46.400	  72.000	  41.625	  78.000	  38.821	Fill2	R	4	50	1	843
6061	2	13	88.000	  38.818	  87.000	  33.644	  89.000	  33.393	Fill1	R	6	51	1	931
6061	2	14	51.176	  68.000	  48.176	  62.188	  53.176	  57.826	Fill4	R	4	50	1	1432
6061	2	15	78.000	  44.577	  61.000	  57.000	  39.966	  87.000	Com2	R	6	51	1	1209
6061	2	16	80.000	  44.950	  62.000	  58.000	  40.404	  89.000	Com2	R	5	49	2	916
6061	2	17	96.000	  38.063	  81.000	  45.111	  63.000	  58.000	Com1	R	2	51	2	1209
6061	2	18	81.000	  44.395	  62.000	  58.000	  40.864	  88.000	Com2	R	4	51	2	2051
6061	2	19	96.000	  36.854	  80.000	  44.225	  61.000	  58.000	Com1	R	6	49	3	3947
6061	2	20	37.956	  90.000	  35.956	  81.017	  38.956	  73.776	Fill5	R	4	50	1	3480
6061	2	21	52.528	  72.000	  51.528	  65.518	  53.528	  63.070	Fill4	R	4	50	1	1961
6061	2	22	80.000	  44.175	  62.000	  57.000	  40.159	  88.000	Com2	R	4	51	2	4852
6061	2	23	81.000	  45.889	  63.000	  59.000	  41.300	  90.000	Com2	R	3	50	1	3324
6061	2	24	39.101	  89.000	  36.101	  82.103	  41.101	  71.774	Fill5	R	4	50	1	1955
6061	2	25	61.000	  59.000	  59.000	  53.000	  63.000	  50.143	Fill3	R	4	50	1	3504
6061	2	26	93.000	  39.355	  91.000	  34.769	  95.000	  33.642	Fill1	R	3	50	1	878
6061	2	27	81.000	  44.395	  62.000	  58.000	  40.404	  89.000	Com2	R	6	50	2	4852
6061	2	28	95.000	  37.200	  80.000	  44.175	  62.000	  57.000	Com1	R	2	50	3	1164
6061	2	29	94.000	  40.234	  91.000	  36.132	  97.000	  34.134	Fill1	R	3	50	1	1194
6061	2	30	77.000	  49.117	  75.000	  45.013	  80.000	  42.275	Fill2	R	5	51	1	1012
6061	2	31	97.000	  36.433	  81.000	  43.630	  62.000	  57.000	Com1	R	1	51	3	2471
6061	2	32	95.000	  37.242	  78.000	  45.359	  61.000	  58.000	Com1	R	4	49	3	1056
6061	2	33	78.000	  45.359	  61.000	  58.000	  40.205	  88.000	Com2	R	3	49	2	1040
6061	2	34	95.000	  37.853	  80.000	  44.950	  62.000	  58.000	Com1	R	6	50	2	2017
6061	2	35	60.000	  58.000	  58.000	  51.569	  61.000	  49.148	Fill3	R	5	51	1	1643
6061	2	36	97.000	  37.072	  81.000	  44.395	  62.000	  58.000	Com1	R	3	49	2	1506
6061	2	37	93.000	  38.699	  92.000	  34.228	  96.000	  33.188	Fill1	R	2	49	1	1071
6061	2	38	56.000	  61.000	  53.000	  55.340	  57.000	  51.439	Fill3	R	2	49	1	1775
6061	2	39	76.000	  46.579	  59.000	  60.000	  39.775	  89.000	Com2	R	5	49	2	1170
6061	2	40	49.714	  70.000	  47.714	  63.189	  51.714	  58.630	Fill4	R	4	50	1	1148
6061	2	41	79.000	  44.051	  60.000	  58.000	  39.545	  88.000	Com2	R	2	51	2	1354
6061	2	42	47.444	  72.000	  46.444	  63.043	  49.444	  59.258	Fill4	R	3	50	1	1711
6061	2	43	78.000	  46.141	  61.000	  59.000	  40.438	  89.000	Com2	R	3	51	3	4372
6061	2	44	79.000	  45.557	  61.000	  59.000	  40.438	  89.000	Com2	R	2	51	2	1103
6061	2	45	60.000	  58.000	  58.000	  51.828	  63.000	  47.349	Fill3	R	3	50	1	1516
6061	2	46	81.000	  44.395	  62.000	  58.000	  40.864	  88.000	Com2	R	2	49	1	5578
6061	2	47	97.000	  38.320	  81.000	  45.889	  63.000	  59.000	Com1	R	2	51	2	1428
6061	2	48	96.000	  38.719	  82.000	  45.329	  63.000	  59.000	Com1	R	4	49	3	936
6061	2	49	50.690	  71.000	  49.690	  62.809	  51.690	  61.346	Fill4	R	1	51	3	2140
6061	2	50	49.714	  70.000	  46.714	  65.890	  51.714	  57.818	Fill4	R	5	51	1	1921
6061	2	51	97.000	  37.021	  82.000	  43.793	  63.000	  57.000	Com1	R	5	50	3	2430
6061	2	52	72.000	  47.444	  71.000	  41.620	  74.000	  40.581	Fill2	R	2	49	1	4473
6061	2	53	51.549	  71.000	  50.549	  63.819	  52.549	  61.713	Fill4	R	4	50	1	802
6061	2	54	79.000	  46.304	  62.000	  59.000	  41.568	  88.000	Com2	R	6	50	2	1548
6061	2	55	81.000	  45.111	  63.000	  58.000	  41.056	  89.000	Com2	R	6	50	2	1834
6061	2	56	96.000	  37.458	  81.000	  44.395	  62.000	  58.000	Com1	R	3	49	2	1114
6061	2	57	60.000	  58.000	  57.000	  52.965	  61.000	  50.393	Fill3	R	2	49	1	1271
6061	2	58	60.000	  61.000	  59.000	  54.542	  62.000	  52.548	Fill3	R	2	49	1	1262
6061	2	59	75.000	  46.400	  74.000	  41.041	  76.000	  39.539	Fill2	R	2	49	1	1206
6061	2	60	92.000	  37.826	  90.000	  33.133	  94.000	  31.862	Fill1	R	5	51	1	705
6061	2	61	61.000	  62.000	  59.000	  56.458	  63.000	  53.333	Fill3	R	2	49	1	5294
6061	2	62	96.000	  36.219	  78.000	  44.577	  61.000	  57.000	Com1	R	1	50	2	1080
6061	2	63	80.000	  44.987	  61.000	  59.000	  40.898	  88.000	Com2	R	3	51	3	2948
6061	2	64	82.000	  43.793	  63.000	  57.000	  41.276	  87.000	Com2	R	3	49	2	1228
6061	2	65	81.000	  43.630	  62.000	  57.000	  41.093	  86.000	Com2	R	2	51	2	1878
6061	2	66	40.000	  87.000	  37.000	  80.297	  41.000	  71.659	Fill5	R	4	50	1	3014
6061	2	67	94.000	  38.287	  78.000	  46.141	  61.000	  59.000	Com1	R	5	49	2	1785
6061	2	68	74.000	  49.459	  71.000	  44.803	  76.000	  42.526	Fill2	R	1	49	1	907
6061	2	69	80.000	  44.950	  62.000	  58.000	  40.864	  88.000	Com2	R	4	51	2	1729
6061	2	70	39.783	  92.000	  37.783	  83.372	  40.783	  76.945	Fill5	R	2	49	1	1750
6061	2	71	49.714	  70.000	  47.714	  62.937	  50.714	  59.392	Fill4	R	5	51	1	1083
6061	2	72	40.000	  87.000	  38.000	  78.237	  41.000	  72.024	Fill5	R	5	51	1	1818
6061	2	73	82.000	  45.329	  63.000	  59.000	  42.239	  88.000	Com2	R	2	51	2	1038
6061	2	74	41.560	  91.000	  38.560	  84.543	  42.560	  76.691	Fill5	R	4	49	3	1022
6061	2	75	93.000	  37.419	  92.000	  33.424	  95.000	  31.737	Fill1	R	3	50	1	849
6061	2	76	96.000	  37.490	  79.000	  45.557	  61.000	  59.000	Com1	R	6	49	3	3081
6061	2	77	39.989	  90.000	  38.989	  78.946	  40.989	  74.874	Fill5	R	5	50	3	2537
6061	2	78	60.000	  58.000	  57.000	  52.895	  63.000	  48.762	Fill3	R	3	50	1	2046
6061	2	79	76.000	  47.355	  73.000	  43.466	  78.000	  40.949	Fill2	R	3	50	1	1302
6061	2	80	76.000	  45.789	  74.000	  40.608	  77.000	  39.610	Fill2	R	3	50	1	1338
6061	3	1	50.690	  71.000	  47.690	  66.974	  52.690	  59.537	Fill4	R	2	49	1	9240
6061	3	2	78.000	  45.359	  61.000	  58.000	  40.205	  88.000	Com2	R	3	49	2	4397
6061	3	3	98.000	  37.286	  80.000	  45.675	  63.000	  58.000	Com1	R	1	50	2	1528
6061	3	4	41.538	  91.000	  39.538	  81.693	  42.538	  76.213	Fill5	R	2	49	1	1109
6061	3	5	78.000	  45.359	  61.000	  58.000	  40.205	  88.000	Com2	R	4	51	2	1698
6061	3	6	49.432	  74.000	  48.432	  65.307	  51.432	  61.576	Fill4	R	4	50	1	1162
6061	3	7	61.000	  59.000	  59.000	  53.017	  62.000	  51.194	Fill3	R	2	49	1	3000
6061	3	8	79.000	  45.519	  62.000	  58.000	  40.404	  89.000	Com2	R	3	49	2	1178
6061	3	9	93.000	  38.699	  90.000	  35.456	  95.000	  33.621	Fill1	R	4	50	1	837
6061	3	10	82.000	  44.561	  63.000	  58.000	  41.523	  88.000	Com2	R	3	49	2	1069
6061	3	11	51.429	  70.000	  48.429	  64.982	  52.429	  59.624	Fill4	R	2	49	1	1581
6061	3	12	40.000	  90.000	  38.000	  81.132	  41.000	  74.902	Fill5	R	2	49	1	1272
6061	3	13	81.000	  45.111	  63.000	  58.000	  41.056	  89.000	Com2	R	4	51	2	5921
6061	3	14	81.000	  43.630	  62.000	  57.000	  40.621	  87.000	Com2	R	5	49	2	1868
6061	3	15	40.198	  91.000	  38.198	  82.178	  41.198	  76.290	Fill5	R	4	49	3	1388
6061	3	16	52.500	  72.000	  50.500	  65.069	  53.500	  62.729	Fill4	R	2	49	1	1071
6061	3	17	82.000	  45.329	  63.000	  59.000	  41.300	  90.000	Com2	R	5	49	2	1792
6061	3	18	80.000	  45.725	  62.000	  59.000	  41.101	  89.000	Com2	R	4	51	2	1586
6061	3	19	94.000	  37.638	  78.000	  45.359	  61.000	  58.000	Com1	R	5	50	3	1117
6061	3	20	76.000	  47.368	  75.000	  41.533	  78.000	  40.154	Fill2	R	6	51	1	1627
6061	3	21	74.000	  49.378	  72.000	  44.236	  76.000	  42.474	Fill2	R	3	50	1	805
6061	3	22	82.000	  46.049	  64.000	  59.000	  42.909	  88.000	Com2	R	2	51	2	1072
6061	3	23	79.000	  45.519	  62.000	  58.000	  41.333	  87.000	Com2	R	1	50	2	2751
6061	3	24	96.000	  37.458	  79.000	  45.519	  62.000	  58.000	Com1	R	1	51	3	2076
6061	3	25	81.000	  42.778	  63.000	  55.000	  40.765	  85.000	Com2	R	5	50	3	1684
6061	3	26	98.000	  35.357	  81.000	  42.778	  63.000	  55.000	Com1	R	6	49	3	1068
6061	3	27	38.872	  94.000	  36.872	  84.643	  40.872	  76.262	Fill5	R	4	50	1	1708
6061	3	28	79.000	  44.785	  61.000	  58.000	  39.753	  89.000	Com2	R	4	51	2	2291
6061	3	29	98.000	  37.286	  81.000	  45.111	  63.000	  58.000	Com1	R	1	50	2	1410
6061	3	30	81.000	  44.395	  62.000	  58.000	  41.333	  87.000	Com2	R	4	51	2	1444
6061	3	31	82.000	  44.561	  63.000	  58.000	  41.056	  89.000	Com2	R	3	51	3	3172
6061	3	32	48.720	  75.000	  47.720	  66.241	  50.720	  63.131	Fill4	R	2	49	1	4335
6061	3	33	59.000	  62.000	  58.000	  54.741	  62.000	  51.903	Fill3	R	2	51	2	2300
6061	3	34	91.000	  40.198	  89.000	  36.506	  93.000	  34.839	Fill1	R	2	49	1	602
6061	3	35	96.000	  37.458	  80.000	  44.950	  62.000	  58.000	Com1	R	2	51	2	892
6061	3	36	49.432	  74.000	  46.432	  69.650	  50.432	  64.026	Fill4	R	5	51	1	1012
6061	3	37	60.000	  60.000	  59.000	  52.559	  63.000	  50.397	Fill3	R	5	51	1	839
6061	3	38	80.000	  44.950	  62.000	  58.000	  41.333	  87.000	Com2	R	4	49	3	1166
6061	3	39	95.000	  37.242	  78.000	  45.359	  61.000	  58.000	Com1	R	5	50	3	809
6061	3	40	59.000	  62.000	  56.000	  57.821	  62.000	  52.468	Fill3	R	6	51	1	708
6061	3	41	48.466	  73.000	  46.466	  65.984	  50.466	  62.002	Fill4	R	3	50	1	769
6061	3	42	38.879	  91.000	  37.879	  80.123	  39.879	  74.926	Fill5	R	4	49	3	956
6061	3	43	95.000	  39.789	  92.000	  36.685	  97.000	  34.392	Fill1	R	4	50	1	1825
6061	3	44	97.000	  37.072	  79.000	  45.519	  62.000	  58.000	Com1	R	5	49	2	1700
6061	3	45	98.000	  38.531	  82.000	  46.049	  64.000	  59.000	Com1	R	6	49	3	3130
6061	3	46	63.000	  60.000	  61.000	  54.967	  65.000	  51.262	Fill3	R	5	51	1	1015
6061	3	47	53.239	  71.000	  51.239	  64.130	  54.239	  61.800	Fill4	R	4	50	1	1352
6061	3	48	78.000	  48.462	  77.000	  43.260	  79.000	  41.646	Fill2	R	5	51	1	1422
6061	3	49	74.000	  49.432	  73.000	  43.753	  76.000	  42.276	Fill2	R	3	50	1	4304
6061	3	50	58.000	  63.000	  57.000	  56.649	  61.000	  51.852	Fill3	R	3	50	1	1375
6061	3	51	97.000	  37.072	  81.000	  44.395	  62.000	  58.000	Com1	R	2	50	3	1921
6061	3	52	81.000	  44.395	  62.000	  58.000	  40.404	  89.000	Com2	R	2	49	1	1807
6061	3	53	91.000	  40.154	  90.000	  35.444	  94.000	  34.011	Fill1	R	2	49	1	369
6061	3	54	72.000	  49.139	  69.000	  44.899	  75.000	  41.760	Fill2	R	2	49	1	1036
6061	3	55	96.000	  36.854	  78.000	  45.359	  61.000	  58.000	Com1	R	2	50	3	763
6061	3	56	63.000	  60.000	  60.000	  56.267	  66.000	  51.167	Fill3	R	3	50	1	1624
6061	3	57	42.000	  90.000	  39.000	  84.077	  43.000	  75.558	Fill5	R	4	50	1	6579
6061	3	58	78.000	  45.359	  61.000	  58.000	  40.205	  88.000	Com2	R	3	49	2	1030
6061	3	59	39.989	  90.000	  38.989	  78.997	  41.989	  72.757	Fill5	R	5	49	2	3065
6061	3	60	90.000	  39.311	  87.000	  35.356	  93.000	  33.183	Fill1	R	4	50	1	841
6061	3	61	96.000	  36.854	  79.000	  44.785	  61.000	  58.000	Com1	R	2	50	3	5040
6061	3	62	96.000	  38.063	  82.000	  44.561	  63.000	  58.000	Com1	R	6	49	3	1712
6061	3	63	79.000	  46.304	  62.000	  59.000	  41.101	  89.000	Com2	R	1	50	2	1590
6061	3	64	96.000	  36.813	  81.000	  43.630	  62.000	  57.000	Com1	R	1	51	3	6177
6061	3	65	96.000	  38.719	  82.000	  45.329	  63.000	  59.000	Com1	R	5	50	3	1826
6061	3	66	96.000	  38.104	  79.000	  46.304	  62.000	  59.000	Com1	R	5	49	2	1493
6061	3	67	94.000	  40.213	  93.000	  36.290	  96.000	  34.271	Fill1	R	5	51	1	981
6061	3	68	78.000	  45.359	  61.000	  58.000	  39.753	  89.000	Com2	R	5	49	2	1048
6061	3	69	74.000	  49.432	  71.000	  45.451	  77.000	  41.636	Fill2	R	2	49	1	1288
6061	3	70	80.000	  45.675	  63.000	  58.000	  41.523	  88.000	Com2	R	1	50	2	1568
6061	3	71	94.000	  37.638	  78.000	  45.359	  61.000	  58.000	Com1	R	6	49	3	987
6061	3	72	91.000	  40.198	  88.000	  36.534	  92.000	  35.130	Fill1	R	3	50	1	735
6061	3	73	75.000	  47.987	  72.000	  43.903	  78.000	  40.705	Fill2	R	4	50	1	891
6061	3	74	39.761	  92.000	  38.761	  81.061	  40.761	  76.421	Fill5	R	3	50	1	1187
6061	3	75	96.000	  38.063	  82.000	  44.561	  63.000	  58.000	Com1	R	4	49	3	3341
6061	3	76	78.000	  48.462	  76.000	  43.579	  80.000	  42.163	Fill2	R	4	50	1	786
6061	3	77	58.000	  61.000	  55.000	  56.291	  59.000	  52.542	Fill3	R	6	51	1	1149
6061	3	78	96.000	  38.104	  80.000	  45.725	  62.000	  59.000	Com1	R	5	49	2	1274
6061	3	79	96.000	  37.458	  81.000	  44.395	  62.000	  58.000	Com1	R	2	51	2	1698
6061	3	80	93.000	  38.710	  91.000	  34.747	  95.000	  33.432	Fill1	R	2	49	1	698
6061	4	1	96.000	  35.583	  79.000	  43.241	  61.000	  56.000	Com1	R	2	50	3	4696
6061	4	2	96.000	  37.406	  95.000	  33.063	  99.000	  31.576	Fill1	R	5	51	1	581
6061	4	3	95.000	  39.158	  80.000	  46.500	  62.000	  60.000	Com1	R	1	50	2	952
6061	4	4	97.000	  38.320	  82.000	  45.329	  63.000	  59.000	Com1	R	2	51	2	2237
6061	4	5	91.000	  38.242	  90.000	  33.956	  94.000	  31.851	Fill1	R	1	49	1	813
6061	4	6	95.000	  39.126	  94.000	  34.543	  96.000	  34.000	Fill1	R	4	50	1	696
6061	4	7	80.000	  44.950	  62.000	  58.000	  41.333	  87.000	Com2	R	4	51	2	1079
6061	4	8	60.000	  58.000	  59.000	  52.017	  63.000	  48.873	Fill3	R	5	50	3	903
6061	4	9	96.000	  38.063	  82.000	  44.561	  63.000	  58.000	Com1	R	4	49	3	1037
6061	4	10	39.101	  89.000	  37.101	  79.566	  41.101	  72.188	Fill5	R	2	49	1	829
6061	4	11	95.000	  37.853	  81.000	  44.395	  62.000	  58.000	Com1	R	6	51	1	1159
6061	4	12	79.000	  44.785	  61.000	  58.000	  39.753	  89.000	Com2	R	2	49	1	725
6061	4	13	80.000	  46.500	  62.000	  60.000	  40.879	  91.000	Com2	R	5	49	2	658
6061	4	14	40.667	  90.000	  39.667	  78.908	  42.667	  73.453	Fill5	R	2	50	3	1186
6061	4	15	56.000	  59.000	  55.000	  52.073	  58.000	  49.069	Fill3	R	3	50	1	2893
6061	4	16	81.000	  44.333	  63.000	  57.000	  41.276	  87.000	Com2	R	3	50	1	5012
6061	4	17	80.000	  45.675	  63.000	  58.000	  42.000	  87.000	Com2	R	3	49	2	3318
6061	4	18	76.000	  45.789	  74.000	  40.743	  78.000	  39.077	Fill2	R	4	50	1	1469
6061	4	19	95.000	  37.200	  81.000	  43.630	  62.000	  57.000	Com1	R	2	51	2	3102
6061	4	20	53.597	  67.000	  52.597	  59.908	  54.597	  57.897	Fill4	R	2	49	1	2890
6061	4	21	78.000	  46.141	  61.000	  59.000	  39.989	  90.000	Com2	R	2	51	2	3057
6061	4	22	59.000	  61.000	  58.000	  54.052	  61.000	  50.967	Fill3	R	3	50	1	737
6061	4	23	54.000	  70.000	  53.000	  62.075	  55.000	  60.891	Fill4	R	5	50	3	2238
6061	4	24	37.124	  89.000	  36.124	  77.595	  38.124	  72.501	Fill5	R	2	49	1	1598
6061	4	25	63.000	  60.000	  61.000	  54.754	  64.000	  52.578	Fill3	R	5	51	1	1001
6061	4	26	88.000	  37.545	  87.000	  32.379	  89.000	  31.607	Fill1	R	4	50	1	780
6061	4	27	95.000	  37.263	  77.000	  45.974	  60.000	  59.000	Com1	R	4	49	3	3815
6061	4	28	97.000	  36.433	  80.000	  44.175	  62.000	  57.000	Com1	R	3	49	2	2905
6061	4	29	80.000	  44.175	  62.000	  57.000	  40.621	  87.000	Com2	R	3	49	2	1310
6061	4	30	72.000	  45.889	  69.000	  40.928	  74.000	  39.068	Fill2	R	4	50	1	756
6061	4	31	79.000	  47.848	  77.000	  42.935	  82.000	  40.756	Fill2	R	3	50	1	2513
6061	4	32	77.000	  45.974	  60.000	  59.000	  40.227	  88.000	Com2	R	3	49	2	1782
6061	4	33	50.833	  72.000	  48.833	  65.119	  52.833	  60.473	Fill4	R	4	50	1	7178
6061	4	34	81.000	  44.395	  62.000	  58.000	  41.333	  87.000	Com2	R	1	50	2	2579
6061	4	35	41.538	  91.000	  38.538	  84.928	  42.538	  77.013	Fill5	R	2	50	3	1286
6061	4	36	79.000	  47.051	  76.000	  43.197	  81.000	  40.654	Fill2	R	2	49	1	1278
6061	4	37	82.000	  45.329	  63.000	  59.000	  41.300	  90.000	Com2	R	2	51	2	1558
6061	4	38	97.000	  36.433	  80.000	  44.175	  62.000	  57.000	Com1	R	3	49	2	1268
6061	4	39	80.000	  44.888	  63.000	  57.000	  41.276	  87.000	Com2	R	1	51	3	2141
6061	4	40	52.352	  71.000	  51.352	  63.425	  54.352	  59.556	Fill4	R	4	50	1	833
6061	4	41	59.000	  61.000	  57.000	  55.491	  62.000	  51.194	Fill3	R	6	51	1	1721
6061	4	42	96.000	  39.375	  95.000	  35.400	  97.000	  33.938	Fill1	R	4	50	1	909
6061	4	43	82.000	  45.329	  63.000	  59.000	  42.239	  88.000	Com2	R	5	49	2	1267
6061	4	44	41.276	  87.000	  40.276	  76.398	  42.276	  73.115	Fill5	R	4	49	3	1819
6061	4	45	49.986	  72.000	  46.986	  66.786	  50.986	  61.056	Fill4	R	2	49	1	1565
6061	4	46	49.986	  72.000	  47.986	  66.144	  50.986	  61.370	Fill4	R	5	51	1	1560
6061	4	47	79.000	  44.785	  61.000	  58.000	  40.205	  88.000	Com2	R	5	49	2	1046
6061	4	48	80.000	  43.462	  61.000	  57.000	  40.430	  86.000	Com2	R	4	51	2	2615
6061	4	49	42.239	  88.000	  41.239	  77.937	  43.239	  73.476	Fill5	R	6	49	3	761
6061	4	50	74.000	  48.635	  72.000	  43.250	  76.000	  40.895	Fill2	R	5	51	1	1030
6061	4	51	90.000	  39.989	  88.000	  35.773	  92.000	  33.967	Fill1	R	5	51	1	1080
6061	4	52	94.000	  38.287	  78.000	  46.141	  61.000	  59.000	Com1	R	3	49	2	1864
6061	4	53	79.000	  43.241	  61.000	  56.000	  39.264	  87.000	Com2	R	3	49	2	1688
6061	4	54	96.000	  37.458	  81.000	  44.395	  62.000	  58.000	Com1	R	5	50	3	1088
6061	4	55	80.000	  44.175	  62.000	  57.000	  40.159	  88.000	Com2	R	3	49	2	1248
6061	4	56	96.000	  37.490	  80.000	  44.987	  61.000	  59.000	Com1	R	3	49	2	1496
6061	4	57	39.989	  90.000	  38.989	  78.535	  40.989	  74.581	Fill5	R	3	51	3	1417
6061	4	58	75.000	  47.987	  74.000	  42.122	  78.000	  40.859	Fill2	R	5	51	1	1003
6061	4	59	96.000	  38.719	  82.000	  45.329	  63.000	  59.000	Com1	R	2	51	2	1101
6061	4	60	81.000	  44.395	  62.000	  58.000	  40.404	  89.000	Com2	R	5	49	2	1243
6061	4	61	82.000	  44.561	  63.000	  58.000	  41.056	  89.000	Com2	R	6	50	2	2371
6061	4	62	63.000	  57.000	  61.000	  51.656	  66.000	  47.879	Fill3	R	2	49	1	909
6061	4	63	96.000	  36.219	  80.000	  43.462	  61.000	  57.000	Com1	R	2	50	3	947
6061	4	64	97.000	  37.021	  81.000	  44.333	  63.000	  57.000	Com1	R	5	50	3	1352
6061	4	65	93.000	  39.355	  91.000	  35.022	  94.000	  33.681	Fill1	R	4	50	1	1053
6061	4	66	90.000	  39.989	  87.000	  35.897	  93.000	  34.172	Fill1	R	5	51	1	1005
6061	4	67	96.000	  37.406	  80.000	  44.888	  63.000	  57.000	Com1	R	4	51	2	1488
6061	4	68	47.884	  69.000	  44.884	  63.541	  49.884	  57.233	Fill4	R	3	49	2	1104
6061	4	69	96.000	  36.854	  79.000	  44.785	  61.000	  58.000	Com1	R	1	51	3	3996
6061	4	70	60.000	  61.000	  59.000	  55.153	  61.000	  52.475	Fill3	R	1	49	1	1383
6061	4	71	39.989	  90.000	  37.989	  80.445	  40.989	  75.142	Fill5	R	2	49	1	1114
6061	4	72	80.000	  44.987	  61.000	  59.000	  40.898	  88.000	Com2	R	2	51	2	1464
6061	4	73	97.000	  37.072	  80.000	  44.950	  62.000	  58.000	Com1	R	2	51	2	1496
6061	4	74	78.000	  46.038	  77.000	  40.169	  79.000	  40.253	Fill2	R	5	51	1	1013
6061	4	75	94.000	  37.638	  79.000	  44.785	  61.000	  58.000	Com1	R	4	49	3	1563
6061	4	76	98.000	  37.286	  80.000	  45.675	  63.000	  58.000	Com1	R	4	49	3	1688
6061	4	77	63.000	  59.000	  62.000	  51.984	  64.000	  51.750	Fill3	R	5	51	1	768
6061	4	78	49.714	  70.000	  47.714	  64.299	  50.714	  59.431	Fill4	R	6	51	1	970
6061	4	79	75.000	  48.800	  74.000	  42.757	  78.000	  41.474	Fill2	R	2	49	1	700
6061	4	80	81.000	  43.630	  62.000	  57.000	  40.159	  88.000	Com2	R	4	51	2	1290
6061	5	1	92.000	  37.826	  90.000	  33.133	  94.000	  31.862	Fill1	R	6	51	1	2384
6061	5	2	96.000	  37.458	  81.000	  44.395	  62.000	  58.000	Com1	R	1	51	3	950
6061	5	3	50.690	  71.000	  49.690	  62.809	  51.690	  61.346	Fill4	R	5	51	1	795
6061	5	4	60.000	  58.000	  58.000	  51.569	  61.000	  49.148	Fill3	R	3	50	1	693
6061	5	5	76.000	  45.789	  74.000	  40.608	  77.000	  39.610	Fill2	R	2	49	1	821
6061	5	6	52.528	  72.000	  51.528	  65.518	  53.528	  63.070	Fill4	R	3	50	1	655
6061	5	7	96.000	  36.854	  80.000	  44.225	  61.000	  58.000	Com1	R	5	49	2	1999
6061	5	8	40.000	  87.000	  38.000	  78.237	  41.000	  72.024	Fill5	R	3	50	1	890
6061	5	9	81.000	  44.395	  62.000	  58.000	  40.864	  88.000	Com2	R	2	51	2	930
6061	5	10	80.000	  44.950	  62.000	  58.000	  40.864	  88.000	Com2	R	5	49	2	1239
6061	5	11	60.000	  58.000	  57.000	  52.965	  61.000	  50.393	Fill3	R	6	51	1	1359
6061	5	12	39.101	  89.000	  36.101	  82.103	  41.101	  71.774	Fill5	R	2	49	1	724
6061	5	13	79.000	  45.557	  61.000	  59.000	  40.438	  89.000	Com2	R	4	51	2	2883
6061	5	14	76.000	  45.789	  73.000	  41.205	  79.000	  37.772	Fill2	R	2	49	1	2122
6061	5	15	75.000	  46.400	  72.000	  41.625	  78.000	  38.821	Fill2	R	6	51	1	1566
6061	5	16	51.549	  71.000	  50.549	  63.819	  52.549	  61.713	Fill4	R	2	49	1	1018
6061	5	17	61.000	  59.000	  59.000	  53.000	  63.000	  50.143	Fill3	R	4	50	1	1116
6061	5	18	97.000	  37.021	  82.000	  43.793	  63.000	  57.000	Com1	R	1	51	3	906
6061	5	19	91.000	  38.242	  89.000	  34.393	  93.000	  32.828	Fill1	R	6	51	1	1183
6061	5	20	60.000	  61.000	  59.000	  54.542	  62.000	  52.548	Fill3	R	2	50	3	954
6061	5	21	95.000	  37.853	  80.000	  44.950	  62.000	  58.000	Com1	R	4	49	3	2704
6061	5	22	37.956	  90.000	  35.956	  81.017	  38.956	  73.776	Fill5	R	4	49	3	1244
6061	5	23	81.000	  44.395	  62.000	  58.000	  40.404	  89.000	Com2	R	3	49	2	2708
6061	5	24	39.783	  92.000	  37.783	  83.372	  40.783	  76.945	Fill5	R	5	50	3	929
6061	5	25	72.000	  47.444	  71.000	  41.620	  74.000	  40.581	Fill2	R	2	49	1	870
6061	5	26	47.444	  72.000	  46.444	  63.043	  49.444	  59.258	Fill4	R	2	49	1	894
6061	5	27	96.000	  37.458	  81.000	  44.395	  62.000	  58.000	Com1	R	2	50	3	1718
6061	5	28	97.000	  38.320	  81.000	  45.889	  63.000	  59.000	Com1	R	2	50	3	2428
6061	5	29	91.000	  38.242	  89.000	  34.213	  94.000	  32.138	Fill1	R	4	50	1	903
6061	5	30	60.000	  58.000	  58.000	  51.828	  63.000	  47.349	Fill3	R	2	50	3	4989
6061	5	31	81.000	  43.630	  62.000	  57.000	  41.093	  86.000	Com2	R	5	49	2	3374
6061	5	32	93.000	  37.419	  92.000	  33.424	  95.000	  31.737	Fill1	R	2	49	1	737
6061	5	33	95.000	  37.200	  80.000	  44.175	  62.000	  57.000	Com1	R	1	50	2	926
6061	5	34	78.000	  46.141	  61.000	  59.000	  40.438	  89.000	Com2	R	3	49	2	1763
6061	5	35	76.000	  46.579	  59.000	  60.000	  39.775	  89.000	Com2	R	5	49	2	1817
6061	5	36	95.000	  37.884	  80.000	  44.987	  61.000	  59.000	Com1	R	1	51	3	1212
6061	5	37	79.000	  44.051	  60.000	  58.000	  39.545	  88.000	Com2	R	6	50	2	1846
6061	5	38	81.000	  45.889	  63.000	  59.000	  41.300	  90.000	Com2	R	6	50	2	2823
6061	5	39	95.000	  37.242	  78.000	  45.359	  61.000	  58.000	Com1	R	2	50	3	929
6061	5	40	80.000	  44.950	  62.000	  58.000	  40.404	  89.000	Com2	R	4	51	2	1222
6061	5	41	77.000	  49.117	  75.000	  45.013	  80.000	  42.275	Fill2	R	1	49	1	1233
6061	5	42	96.000	  38.063	  81.000	  45.111	  63.000	  58.000	Com1	R	1	51	3	857
6061	5	43	95.000	  38.505	  79.000	  46.304	  62.000	  59.000	Com1	R	4	49	3	2177
6061	5	44	39.989	  90.000	  38.989	  78.946	  40.989	  74.874	Fill5	R	3	49	2	915
6061	5	45	93.000	  38.065	  76.000	  46.579	  59.000	  60.000	Com1	R	6	49	3	3130
6061	5	46	88.000	  38.818	  87.000	  33.644	  89.000	  33.393	Fill1	R	4	50	1	774
6061	5	47	51.176	  68.000	  48.176	  62.188	  53.176	  57.826	Fill4	R	5	51	1	1249
6061	5	48	82.000	  43.793	  63.000	  57.000	  41.276	  87.000	Com2	R	2	51	2	1032
6061	5	49	94.000	  40.234	  91.000	  36.132	  97.000	  34.134	Fill1	R	6	51	1	762
6061	5	50	97.000	  37.072	  80.000	  44.950	  62.000	  58.000	Com1	R	1	50	2	760
6061	5	51	94.000	  37.021	  79.000	  44.051	  60.000	  58.000	Com1	R	3	49	2	1414
6061	5	52	61.000	  62.000	  59.000	  56.458	  63.000	  53.333	Fill3	R	3	50	1	1129
6061	5	53	96.000	  38.719	  82.000	  45.329	  63.000	  59.000	Com1	R	3	49	2	1478
6061	5	54	80.000	  44.175	  62.000	  57.000	  40.159	  88.000	Com2	R	4	51	2	950
6061	5	55	94.000	  38.287	  78.000	  46.141	  61.000	  59.000	Com1	R	5	50	3	1851
6061	5	56	97.000	  36.433	  81.000	  43.630	  62.000	  57.000	Com1	R	4	49	3	811
6061	5	57	41.560	  91.000	  38.560	  84.543	  42.560	  76.691	Fill5	R	2	50	3	1078
6061	5	58	76.000	  47.355	  73.000	  43.466	  78.000	  40.949	Fill2	R	5	51	1	2069
6061	5	59	96.000	  36.219	  78.000	  44.577	  61.000	  57.000	Com1	R	4	51	2	1293
6061	5	60	75.000	  46.400	  74.000	  41.041	  76.000	  39.539	Fill2	R	6	51	1	773
6061	5	61	49.714	  70.000	  46.714	  65.890	  51.714	  57.818	Fill4	R	6	51	1	1104
6061	5	62	80.000	  44.987	  61.000	  59.000	  40.898	  88.000	Com2	R	2	51	2	2781
6061	5	63	81.000	  45.111	  63.000	  58.000	  41.056	  89.000	Com2	R	6	50	2	2602
6061	5	64	80.000	  44.225	  61.000	  58.000	  39.753	  89.000	Com2	R	5	49	2	1067
6061	5	65	79.000	  46.304	  62.000	  59.000	  41.568	  88.000	Com2	R	4	50	1	2746
6061	5	66	56.000	  61.000	  53.000	  55.340	  57.000	  51.439	Fill3	R	3	50	1	920
6061	5	67	49.714	  70.000	  47.714	  63.189	  51.714	  58.630	Fill4	R	2	49	1	1021
6061	5	68	49.714	  70.000	  47.714	  62.937	  50.714	  59.392	Fill4	R	6	51	1	800
6061	5	69	74.000	  49.459	  71.000	  44.803	  76.000	  42.526	Fill2	R	5	50	3	986
6061	5	70	40.000	  87.000	  37.000	  80.297	  41.000	  71.659	Fill5	R	4	49	3	957
6061	5	71	97.000	  37.072	  81.000	  44.395	  62.000	  58.000	Com1	R	5	49	2	1410
6061	5	72	78.000	  44.577	  61.000	  57.000	  39.966	  87.000	Com2	R	4	50	1	837
6061	5	73	39.545	  88.000	  37.545	  79.104	  40.545	  73.473	Fill5	R	2	49	1	782
6061	5	74	81.000	  44.395	  62.000	  58.000	  40.864	  88.000	Com2	R	5	49	2	808
6061	5	75	93.000	  39.355	  91.000	  34.769	  95.000	  33.642	Fill1	R	3	50	1	1730
6061	5	76	93.000	  38.699	  92.000	  34.228	  96.000	  33.188	Fill1	R	3	50	1	680
6061	5	77	78.000	  45.359	  61.000	  58.000	  40.205	  88.000	Com2	R	2	51	2	904
6061	5	78	82.000	  45.329	  63.000	  59.000	  42.239	  88.000	Com2	R	5	49	2	989
6061	5	79	96.000	  37.490	  79.000	  45.557	  61.000	  59.000	Com1	R	5	49	2	800
6061	5	80	60.000	  58.000	  57.000	  52.895	  63.000	  48.762	Fill3	R	6	51	1	1274
6061	6	1	96.000	  36.854	  78.000	  45.359	  61.000	  58.000	Com1	R	2	50	3	3839
6061	6	2	82.000	  44.561	  63.000	  58.000	  41.523	  88.000	Com2	R	2	51	2	836
6061	6	3	42.000	  90.000	  39.000	  84.077	  43.000	  75.558	Fill5	R	2	49	1	780
6061	6	4	96.000	  36.813	  81.000	  43.630	  62.000	  57.000	Com1	R	2	50	3	855
6061	6	5	80.000	  45.725	  62.000	  59.000	  41.101	  89.000	Com2	R	4	51	2	927
6061	6	6	72.000	  49.139	  69.000	  44.899	  75.000	  41.760	Fill2	R	2	49	1	933
6061	6	7	75.000	  47.987	  72.000	  43.903	  78.000	  40.705	Fill2	R	2	49	1	714
6061	6	8	58.000	  61.000	  55.000	  56.291	  59.000	  52.542	Fill3	R	3	50	1	2393
6061	6	9	82.000	  45.329	  63.000	  59.000	  41.300	  90.000	Com2	R	5	49	2	770
6061	6	10	58.000	  63.000	  57.000	  56.649	  61.000	  51.852	Fill3	R	3	50	1	829
6061	6	11	74.000	  49.432	  71.000	  45.451	  77.000	  41.636	Fill2	R	5	51	1	808
6061	6	12	38.872	  94.000	  36.872	  84.643	  40.872	  76.262	Fill5	R	4	49	3	594
6061	6	13	94.000	  40.213	  93.000	  36.290	  96.000	  34.271	Fill1	R	3	51	3	692
6061	6	14	78.000	  45.359	  61.000	  58.000	  40.205	  88.000	Com2	R	1	50	2	7012
6061	6	15	81.000	  45.111	  63.000	  58.000	  41.056	  89.000	Com2	R	4	49	3	1079
6061	6	16	79.000	  45.519	  62.000	  58.000	  41.333	  87.000	Com2	R	1	50	2	1384
6061	6	17	82.000	  44.561	  63.000	  58.000	  41.056	  89.000	Com2	R	1	50	2	425
6061	6	18	98.000	  38.531	  82.000	  46.049	  64.000	  59.000	Com1	R	5	50	3	1845
6061	6	19	59.000	  62.000	  56.000	  57.821	  62.000	  52.468	Fill3	R	4	50	1	725
6061	6	20	96.000	  37.458	  79.000	  45.519	  62.000	  58.000	Com1	R	4	49	3	754
6061	6	21	49.432	  74.000	  46.432	  69.650	  50.432	  64.026	Fill4	R	2	49	1	1071
6061	6	22	48.466	  73.000	  46.466	  65.984	  50.466	  62.002	Fill4	R	4	50	1	906
6061	6	23	82.000	  46.049	  64.000	  59.000	  42.909	  88.000	Com2	R	5	49	2	964
6061	6	24	97.000	  37.072	  79.000	  45.519	  62.000	  58.000	Com1	R	6	49	3	777
6061	6	25	93.000	  38.699	  90.000	  35.456	  95.000	  33.621	Fill1	R	6	51	1	644
6061	6	26	50.690	  71.000	  47.690	  66.974	  52.690	  59.537	Fill4	R	5	51	1	1412
6061	6	27	49.432	  74.000	  48.432	  65.307	  51.432	  61.576	Fill4	R	4	49	3	935
6061	6	28	91.000	  40.198	  89.000	  36.506	  93.000	  34.839	Fill1	R	5	51	1	797
6061	6	29	78.000	  48.462	  76.000	  43.579	  80.000	  42.163	Fill2	R	5	51	1	759
6061	6	30	98.000	  37.286	  81.000	  45.111	  63.000	  58.000	Com1	R	5	50	3	1044
6061	6	31	60.000	  60.000	  59.000	  52.559	  63.000	  50.397	Fill3	R	6	51	1	788
6061	6	32	81.000	  44.395	  62.000	  58.000	  40.404	  89.000	Com2	R	6	49	3	670
6061	6	33	98.000	  37.286	  80.000	  45.675	  63.000	  58.000	Com1	R	6	49	3	574
6061	6	34	74.000	  49.378	  72.000	  44.236	  76.000	  42.474	Fill2	R	3	50	1	688
6061	6	35	96.000	  38.104	  80.000	  45.725	  62.000	  59.000	Com1	R	6	49	3	720
6061	6	36	96.000	  36.854	  79.000	  44.785	  61.000	  58.000	Com1	R	4	49	3	655
6061	6	37	61.000	  59.000	  59.000	  53.017	  62.000	  51.194	Fill3	R	4	50	1	1039
6061	6	38	76.000	  47.368	  75.000	  41.533	  78.000	  40.154	Fill2	R	4	50	1	655
6061	6	39	39.761	  92.000	  38.761	  81.061	  40.761	  76.421	Fill5	R	5	49	2	1023
6061	6	40	48.720	  75.000	  47.720	  66.241	  50.720	  63.131	Fill4	R	4	49	3	705
6061	6	41	40.000	  90.000	  38.000	  81.132	  41.000	  74.902	Fill5	R	2	49	1	799
6061	6	42	98.000	  35.357	  81.000	  42.778	  63.000	  55.000	Com1	R	5	50	3	777
6061	6	43	79.000	  45.519	  62.000	  58.000	  40.404	  89.000	Com2	R	4	51	2	1348
6061	6	44	81.000	  43.630	  62.000	  57.000	  40.621	  87.000	Com2	R	6	50	2	2153
6061	6	45	59.000	  62.000	  58.000	  54.741	  62.000	  51.903	Fill3	R	5	51	1	814
6061	6	46	78.000	  48.462	  77.000	  43.260	  79.000	  41.646	Fill2	R	5	51	1	744
6061	6	47	91.000	  40.154	  90.000	  35.444	  94.000	  34.011	Fill1	R	5	51	1	742
6061	6	48	96.000	  38.104	  79.000	  46.304	  62.000	  59.000	Com1	R	4	49	3	611
6061	6	49	52.500	  72.000	  50.500	  65.069	  53.500	  62.729	Fill4	R	4	50	1	710
6061	6	50	81.000	  44.395	  62.000	  58.000	  41.333	  87.000	Com2	R	2	51	2	755
6061	6	51	96.000	  38.063	  82.000	  44.561	  63.000	  58.000	Com1	R	2	50	3	704
6061	6	52	79.000	  44.785	  61.000	  58.000	  39.753	  89.000	Com2	R	4	51	2	1246
6061	6	53	40.198	  91.000	  38.198	  82.178	  41.198	  76.290	Fill5	R	3	50	1	1000
6061	6	54	96.000	  38.719	  82.000	  45.329	  63.000	  59.000	Com1	R	1	51	3	889
6061	6	55	78.000	  45.359	  61.000	  58.000	  40.205	  88.000	Com2	R	2	51	2	865
6061	6	56	96.000	  37.458	  81.000	  44.395	  62.000	  58.000	Com1	R	6	49	3	1017
6061	6	57	96.000	  37.458	  80.000	  44.950	  62.000	  58.000	Com1	R	3	49	2	1419
6061	6	58	74.000	  49.432	  73.000	  43.753	  76.000	  42.276	Fill2	R	4	50	1	1582
6061	6	59	94.000	  37.638	  78.000	  45.359	  61.000	  58.000	Com1	R	6	49	3	968
6061	6	60	96.000	  38.063	  82.000	  44.561	  63.000	  58.000	Com1	R	1	51	3	1019
6061	6	61	93.000	  38.710	  91.000	  34.747	  95.000	  33.432	Fill1	R	3	50	1	638
6061	6	62	90.000	  39.311	  87.000	  35.356	  93.000	  33.183	Fill1	R	3	50	1	654
6061	6	63	80.000	  45.675	  63.000	  58.000	  41.523	  88.000	Com2	R	5	49	2	910
6061	6	64	97.000	  37.072	  81.000	  44.395	  62.000	  58.000	Com1	R	2	50	3	1588
6061	6	65	51.429	  70.000	  48.429	  64.982	  52.429	  59.624	Fill4	R	2	49	1	4222
6061	6	66	78.000	  45.359	  61.000	  58.000	  39.753	  89.000	Com2	R	3	49	2	832
6061	6	67	79.000	  46.304	  62.000	  59.000	  41.101	  89.000	Com2	R	4	51	2	1192
6061	6	68	53.239	  71.000	  51.239	  64.130	  54.239	  61.800	Fill4	R	3	50	1	1059
6061	6	69	94.000	  37.638	  78.000	  45.359	  61.000	  58.000	Com1	R	4	51	2	1347
6061	6	70	78.000	  45.359	  61.000	  58.000	  40.205	  88.000	Com2	R	3	49	2	1352
6061	6	71	95.000	  37.242	  78.000	  45.359	  61.000	  58.000	Com1	R	4	51	2	718
6061	6	72	38.879	  91.000	  37.879	  80.123	  39.879	  74.926	Fill5	R	1	49	1	939
6061	6	73	91.000	  40.198	  88.000	  36.534	  92.000	  35.130	Fill1	R	2	51	2	1489
6061	6	74	39.989	  90.000	  38.989	  78.997	  41.989	  72.757	Fill5	R	1	49	1	832
6061	6	75	63.000	  60.000	  61.000	  54.967	  65.000	  51.262	Fill3	R	5	51	1	779
6061	6	76	63.000	  60.000	  60.000	  56.267	  66.000	  51.167	Fill3	R	3	50	1	726
6061	6	77	41.538	  91.000	  39.538	  81.693	  42.538	  76.213	Fill5	R	3	50	1	1282
6061	6	78	81.000	  42.778	  63.000	  55.000	  40.765	  85.000	Com2	R	5	49	2	746
6061	6	79	95.000	  39.789	  92.000	  36.685	  97.000	  34.392	Fill1	R	4	50	1	711
6061	6	80	80.000	  44.950	  62.000	  58.000	  41.333	  87.000	Com2	R	5	49	2	997
6061	7	1	96.000	  37.490	  80.000	  44.987	  61.000	  59.000	Com1	R	4	49	3	1857
6061	7	2	95.000	  39.126	  94.000	  34.543	  96.000	  34.000	Fill1	R	5	51	1	667
6061	7	3	97.000	  38.320	  82.000	  45.329	  63.000	  59.000	Com1	R	4	49	3	571
6061	7	4	96.000	  39.375	  95.000	  35.400	  97.000	  33.938	Fill1	R	4	50	1	654
6061	7	5	80.000	  46.500	  62.000	  60.000	  40.879	  91.000	Com2	R	2	49	1	574
6061	7	6	97.000	  36.433	  80.000	  44.175	  62.000	  57.000	Com1	R	6	49	3	591
6061	7	7	52.352	  71.000	  51.352	  63.425	  54.352	  59.556	Fill4	R	3	50	1	642
6061	7	8	49.986	  72.000	  47.986	  66.144	  50.986	  61.370	Fill4	R	3	50	1	610
6061	7	9	96.000	  36.854	  79.000	  44.785	  61.000	  58.000	Com1	R	4	49	3	581
6061	7	10	53.597	  67.000	  52.597	  59.908	  54.597	  57.897	Fill4	R	1	50	2	1271
6061	7	11	63.000	  60.000	  61.000	  54.754	  64.000	  52.578	Fill3	R	2	50	3	1071
6061	7	12	39.989	  90.000	  38.989	  78.535	  40.989	  74.581	Fill5	R	2	49	1	655
6061	7	13	39.989	  90.000	  37.989	  80.445	  40.989	  75.142	Fill5	R	1	49	1	895
6061	7	14	81.000	  44.395	  62.000	  58.000	  40.404	  89.000	Com2	R	3	51	3	1704
6061	7	15	78.000	  46.141	  61.000	  59.000	  39.989	  90.000	Com2	R	6	50	2	717
6061	7	16	98.000	  37.286	  80.000	  45.675	  63.000	  58.000	Com1	R	5	50	3	651
6061	7	17	41.538	  91.000	  38.538	  84.928	  42.538	  77.013	Fill5	R	5	50	3	1035
6061	7	18	40.667	  90.000	  39.667	  78.908	  42.667	  73.453	Fill5	R	4	50	1	1115
6061	7	19	47.884	  69.000	  44.884	  63.541	  49.884	  57.233	Fill4	R	4	50	1	679
6061	7	20	50.833	  72.000	  48.833	  65.119	  52.833	  60.473	Fill4	R	4	50	1	583
6061	7	21	93.000	  39.355	  91.000	  35.022	  94.000	  33.681	Fill1	R	5	51	1	778
6061	7	22	95.000	  37.853	  81.000	  44.395	  62.000	  58.000	Com1	R	4	49	3	901
6061	7	23	79.000	  44.785	  61.000	  58.000	  40.205	  88.000	Com2	R	3	49	2	954
6061	7	24	59.000	  61.000	  58.000	  54.052	  61.000	  50.967	Fill3	R	2	49	1	1487
6061	7	25	96.000	  37.406	  80.000	  44.888	  63.000	  57.000	Com1	R	1	51	3	959
6061	7	26	79.000	  47.848	  77.000	  42.935	  82.000	  40.756	Fill2	R	2	49	1	934
6061	7	27	79.000	  44.785	  61.000	  58.000	  39.753	  89.000	Com2	R	3	50	1	634
6061	7	28	90.000	  39.989	  88.000	  35.773	  92.000	  33.967	Fill1	R	3	50	1	602
6061	7	29	49.986	  72.000	  46.986	  66.786	  50.986	  61.056	Fill4	R	5	51	1	685
6061	7	30	96.000	  38.063	  82.000	  44.561	  63.000	  58.000	Com1	R	4	49	3	605
6061	7	31	96.000	  38.719	  82.000	  45.329	  63.000	  59.000	Com1	R	4	51	2	1022
6061	7	32	37.124	  89.000	  36.124	  77.595	  38.124	  72.501	Fill5	R	4	50	1	625
6061	7	33	80.000	  45.675	  63.000	  58.000	  42.000	  87.000	Com2	R	2	51	2	772
6061	7	34	97.000	  37.072	  80.000	  44.950	  62.000	  58.000	Com1	R	3	49	2	847
6061	7	35	77.000	  45.974	  60.000	  59.000	  40.227	  88.000	Com2	R	2	51	2	711
6061	7	36	96.000	  35.583	  79.000	  43.241	  61.000	  56.000	Com1	R	5	49	2	629
6061	7	37	95.000	  39.158	  80.000	  46.500	  62.000	  60.000	Com1	R	5	50	3	855
6061	7	38	94.000	  38.287	  78.000	  46.141	  61.000	  59.000	Com1	R	4	49	3	1599
6061	7	39	54.000	  70.000	  53.000	  62.075	  55.000	  60.891	Fill4	R	4	50	1	682
6061	7	40	80.000	  44.175	  62.000	  57.000	  40.621	  87.000	Com2	R	2	51	2	810
6061	7	41	79.000	  47.051	  76.000	  43.197	  81.000	  40.654	Fill2	R	4	50	1	645
6061	7	42	60.000	  61.000	  59.000	  55.153	  61.000	  52.475	Fill3	R	5	51	1	1413
6061	7	43	80.000	  44.175	  62.000	  57.000	  40.159	  88.000	Com2	R	2	49	1	3494
6061	7	44	80.000	  43.462	  61.000	  57.000	  40.430	  86.000	Com2	R	3	49	2	742
6061	7	45	97.000	  37.021	  81.000	  44.333	  63.000	  57.000	Com1	R	2	50	3	644
6061	7	46	90.000	  39.989	  87.000	  35.897	  93.000	  34.172	Fill1	R	3	50	1	660
6061	7	47	82.000	  45.329	  63.000	  59.000	  42.239	  88.000	Com2	R	3	50	1	676
6061	7	48	81.000	  44.395	  62.000	  58.000	  41.333	  87.000	Com2	R	3	50	1	613
6061	7	49	75.000	  47.987	  74.000	  42.122	  78.000	  40.859	Fill2	R	2	49	1	583
6061	7	50	96.000	  37.406	  95.000	  33.063	  99.000	  31.576	Fill1	R	4	50	1	522
6061	7	51	39.101	  89.000	  37.101	  79.566	  41.101	  72.188	Fill5	R	2	49	1	560
6061	7	52	76.000	  45.789	  74.000	  40.743	  78.000	  39.077	Fill2	R	2	49	1	629
6061	7	53	96.000	  36.219	  80.000	  43.462	  61.000	  57.000	Com1	R	6	49	3	903
6061	7	54	80.000	  44.888	  63.000	  57.000	  41.276	  87.000	Com2	R	1	51	3	1085
6061	7	55	94.000	  37.638	  79.000	  44.785	  61.000	  58.000	Com1	R	2	50	3	669
6061	7	56	56.000	  59.000	  55.000	  52.073	  58.000	  49.069	Fill3	R	5	51	1	1740
6061	7	57	80.000	  44.987	  61.000	  59.000	  40.898	  88.000	Com2	R	2	51	2	1665
6061	7	58	88.000	  37.545	  87.000	  32.379	  89.000	  31.607	Fill1	R	5	51	1	889
6061	7	59	97.000	  36.433	  80.000	  44.175	  62.000	  57.000	Com1	R	5	50	3	1761
6061	7	60	91.000	  38.242	  90.000	  33.956	  94.000	  31.851	Fill1	R	5	51	1	806
6061	7	61	59.000	  61.000	  57.000	  55.491	  62.000	  51.194	Fill3	R	1	50	2	1745
6061	7	62	79.000	  43.241	  61.000	  56.000	  39.264	  87.000	Com2	R	3	49	2	1190
6061	7	63	72.000	  45.889	  69.000	  40.928	  74.000	  39.068	Fill2	R	2	49	1	1249
6061	7	64	81.000	  43.630	  62.000	  57.000	  40.159	  88.000	Com2	R	3	49	2	1033
6061	7	65	74.000	  48.635	  72.000	  43.250	  76.000	  40.895	Fill2	R	2	49	1	2361
6061	7	66	81.000	  44.333	  63.000	  57.000	  41.276	  87.000	Com2	R	5	49	2	1078
6061	7	67	95.000	  37.263	  77.000	  45.974	  60.000	  59.000	Com1	R	4	51	2	1222
6061	7	68	75.000	  48.800	  74.000	  42.757	  78.000	  41.474	Fill2	R	5	51	1	721
6061	7	69	95.000	  37.200	  81.000	  43.630	  62.000	  57.000	Com1	R	1	51	3	894
6061	7	70	60.000	  58.000	  59.000	  52.017	  63.000	  48.873	Fill3	R	4	50	1	742
6061	7	71	96.000	  37.458	  81.000	  44.395	  62.000	  58.000	Com1	R	4	49	3	628
6061	7	72	49.714	  70.000	  47.714	  64.299	  50.714	  59.431	Fill4	R	2	50	3	1943
6061	7	73	42.239	  88.000	  41.239	  77.937	  43.239	  73.476	Fill5	R	5	51	1	692
6061	7	74	41.276	  87.000	  40.276	  76.398	  42.276	  73.115	Fill5	R	3	50	1	1316
6061	7	75	78.000	  46.038	  77.000	  40.169	  79.000	  40.253	Fill2	R	2	49	1	729
6061	7	76	63.000	  59.000	  62.000	  51.984	  64.000	  51.750	Fill3	R	2	50	3	1109
6061	7	77	82.000	  44.561	  63.000	  58.000	  41.056	  89.000	Com2	R	2	51	2	707
6061	7	78	80.000	  44.950	  62.000	  58.000	  41.333	  87.000	Com2	R	4	51	2	1600
6061	7	79	63.000	  57.000	  61.000	  51.656	  66.000	  47.879	Fill3	R	2	49	1	668
6061	7	80	82.000	  45.329	  63.000	  59.000	  41.300	  90.000	Com2	R	2	49	1	1420
6061	8	1	96.000	  36.854	  80.000	  44.225	  61.000	  58.000	Com1	R	6	49	3	5055
6061	8	2	79.000	  45.557	  61.000	  59.000	  40.438	  89.000	Com2	R	3	49	2	904
6061	8	3	75.000	  46.400	  74.000	  41.041	  76.000	  39.539	Fill2	R	2	49	1	669
6061	8	4	80.000	  44.175	  62.000	  57.000	  40.159	  88.000	Com2	R	3	49	2	1325
6061	8	5	93.000	  39.355	  91.000	  34.769	  95.000	  33.642	Fill1	R	4	50	1	675
6061	8	6	78.000	  46.141	  61.000	  59.000	  40.438	  89.000	Com2	R	5	49	2	579
6061	8	7	97.000	  37.072	  81.000	  44.395	  62.000	  58.000	Com1	R	5	50	3	741
6061	8	8	93.000	  38.065	  76.000	  46.579	  59.000	  60.000	Com1	R	5	49	2	995
6061	8	9	96.000	  37.458	  81.000	  44.395	  62.000	  58.000	Com1	R	1	51	3	646
6061	8	10	75.000	  46.400	  72.000	  41.625	  78.000	  38.821	Fill2	R	1	49	1	550
6061	8	11	81.000	  44.395	  62.000	  58.000	  40.864	  88.000	Com2	R	3	50	1	700
6061	8	12	74.000	  49.459	  71.000	  44.803	  76.000	  42.526	Fill2	R	5	51	1	681
6061	8	13	52.528	  72.000	  51.528	  65.518	  53.528	  63.070	Fill4	R	3	50	1	825
6061	8	14	76.000	  45.789	  74.000	  40.608	  77.000	  39.610	Fill2	R	5	51	1	659
6061	8	15	92.000	  37.826	  90.000	  33.133	  94.000	  31.862	Fill1	R	3	50	1	563
6061	8	16	96.000	  37.490	  79.000	  45.557	  61.000	  59.000	Com1	R	3	51	3	856
6061	8	17	79.000	  44.051	  60.000	  58.000	  39.545	  88.000	Com2	R	1	49	1	640
6061	8	18	97.000	  37.021	  82.000	  43.793	  63.000	  57.000	Com1	R	1	51	3	736
6061	8	19	40.000	  87.000	  38.000	  78.237	  41.000	  72.024	Fill5	R	2	49	1	749
6061	8	20	50.690	  71.000	  49.690	  62.809	  51.690	  61.346	Fill4	R	4	50	1	651
6061	8	21	77.000	  49.117	  75.000	  45.013	  80.000	  42.275	Fill2	R	4	50	1	555
6061	8	22	95.000	  38.505	  79.000	  46.304	  62.000	  59.000	Com1	R	4	51	2	672
6061	8	23	41.560	  91.000	  38.560	  84.543	  42.560	  76.691	Fill5	R	5	49	2	737
6061	8	24	81.000	  44.395	  62.000	  58.000	  40.864	  88.000	Com2	R	5	49	2	1165
6061	8	25	94.000	  37.021	  79.000	  44.051	  60.000	  58.000	Com1	R	5	50	3	696
6061	8	26	39.545	  88.000	  37.545	  79.104	  40.545	  73.473	Fill5	R	4	51	2	888
6061	8	27	95.000	  37.853	  80.000	  44.950	  62.000	  58.000	Com1	R	5	50	3	832
6061	8	28	80.000	  44.225	  61.000	  58.000	  39.753	  89.000	Com2	R	4	51	2	1050
6061	8	29	51.176	  68.000	  48.176	  62.188	  53.176	  57.826	Fill4	R	3	50	1	875
6061	8	30	39.989	  90.000	  38.989	  78.946	  40.989	  74.874	Fill5	R	3	50	1	1123
6061	8	31	88.000	  38.818	  87.000	  33.644	  89.000	  33.393	Fill1	R	2	49	1	944
6061	8	32	95.000	  37.884	  80.000	  44.987	  61.000	  59.000	Com1	R	5	49	2	1010
6061	8	33	96.000	  38.719	  82.000	  45.329	  63.000	  59.000	Com1	R	2	51	2	792
6061	8	34	56.000	  61.000	  53.000	  55.340	  57.000	  51.439	Fill3	R	5	50	3	1907
6061	8	35	96.000	  37.458	  81.000	  44.395	  62.000	  58.000	Com1	R	2	50	3	768
6061	8	36	81.000	  44.395	  62.000	  58.000	  40.404	  89.000	Com2	R	4	51	2	907
6061	8	37	95.000	  37.242	  78.000	  45.359	  61.000	  58.000	Com1	R	5	49	2	1984
6061	8	38	81.000	  45.889	  63.000	  59.000	  41.300	  90.000	Com2	R	3	49	2	2730
6061	8	39	60.000	  58.000	  58.000	  51.828	  63.000	  47.349	Fill3	R	2	49	1	743
6061	8	40	97.000	  36.433	  81.000	  43.630	  62.000	  57.000	Com1	R	2	51	2	868
6061	8	41	94.000	  38.287	  78.000	  46.141	  61.000	  59.000	Com1	R	5	50	3	780
6061	8	42	76.000	  46.579	  59.000	  60.000	  39.775	  89.000	Com2	R	4	51	2	1223
6061	8	43	61.000	  59.000	  59.000	  53.000	  63.000	  50.143	Fill3	R	4	50	1	1843
6061	8	44	91.000	  38.242	  89.000	  34.213	  94.000	  32.138	Fill1	R	2	49	1	676
6061	8	45	39.783	  92.000	  37.783	  83.372	  40.783	  76.945	Fill5	R	1	51	3	867
6061	8	46	61.000	  62.000	  59.000	  56.458	  63.000	  53.333	Fill3	R	4	50	1	1947
6061	8	47	79.000	  46.304	  62.000	  59.000	  41.568	  88.000	Com2	R	1	50	2	3287
6061	8	48	81.000	  43.630	  62.000	  57.000	  41.093	  86.000	Com2	R	4	51	2	687
6061	8	49	81.000	  45.111	  63.000	  58.000	  41.056	  89.000	Com2	R	2	51	2	735
6061	8	50	82.000	  45.329	  63.000	  59.000	  42.239	  88.000	Com2	R	5	49	2	828
6061	8	51	80.000	  44.950	  62.000	  58.000	  40.404	  89.000	Com2	R	3	49	2	663
6061	8	52	94.000	  40.234	  91.000	  36.132	  97.000	  34.134	Fill1	R	4	50	1	631
6061	8	53	76.000	  45.789	  73.000	  41.205	  79.000	  37.772	Fill2	R	3	50	1	858
6061	8	54	49.714	  70.000	  47.714	  62.937	  50.714	  59.392	Fill4	R	3	50	1	754
6061	8	55	49.714	  70.000	  46.714	  65.890	  51.714	  57.818	Fill4	R	5	51	1	720
6061	8	56	82.000	  43.793	  63.000	  57.000	  41.276	  87.000	Com2	R	6	50	2	940
6061	8	57	78.000	  45.359	  61.000	  58.000	  40.205	  88.000	Com2	R	2	51	2	1074
6061	8	58	80.000	  44.987	  61.000	  59.000	  40.898	  88.000	Com2	R	6	50	2	835
6061	8	59	72.000	  47.444	  71.000	  41.620	  74.000	  40.581	Fill2	R	5	51	1	651
6061	8	60	80.000	  44.950	  62.000	  58.000	  40.864	  88.000	Com2	R	4	51	2	858
6061	8	61	60.000	  58.000	  57.000	  52.895	  63.000	  48.762	Fill3	R	5	51	1	1218
6061	8	62	96.000	  38.063	  81.000	  45.111	  63.000	  58.000	Com1	R	4	49	3	684
6061	8	63	96.000	  36.219	  78.000	  44.577	  61.000	  57.000	Com1	R	6	49	3	668
6061	8	64	37.956	  90.000	  35.956	  81.017	  38.956	  73.776	Fill5	R	1	49	1	588
6061	8	65	60.000	  61.000	  59.000	  54.542	  62.000	  52.548	Fill3	R	1	49	1	655
6061	8	66	39.101	  89.000	  36.101	  82.103	  41.101	  71.774	Fill5	R	5	51	1	671
6061	8	67	78.000	  44.577	  61.000	  57.000	  39.966	  87.000	Com2	R	6	50	2	1103
6061	8	68	47.444	  72.000	  46.444	  63.043	  49.444	  59.258	Fill4	R	3	50	1	653
6061	8	69	51.549	  71.000	  50.549	  63.819	  52.549	  61.713	Fill4	R	1	50	2	876
6061	8	70	49.714	  70.000	  47.714	  63.189	  51.714	  58.630	Fill4	R	3	50	1	708
6061	8	71	95.000	  37.200	  80.000	  44.175	  62.000	  57.000	Com1	R	3	51	3	770
6061	8	72	93.000	  37.419	  92.000	  33.424	  95.000	  31.737	Fill1	R	6	51	1	1403
6061	8	73	76.000	  47.355	  73.000	  43.466	  78.000	  40.949	Fill2	R	4	50	1	830
6061	8	74	97.000	  37.072	  80.000	  44.950	  62.000	  58.000	Com1	R	4	49	3	633
6061	8	75	97.000	  38.320	  81.000	  45.889	  63.000	  59.000	Com1	R	2	51	2	1002
6061	8	76	91.000	  38.242	  89.000	  34.393	  93.000	  32.828	Fill1	R	3	50	1	620
6061	8	77	40.000	  87.000	  37.000	  80.297	  41.000	  71.659	Fill5	R	6	51	1	1711
6061	8	78	60.000	  58.000	  58.000	  51.569	  61.000	  49.148	Fill3	R	3	50	1	756
6061	8	79	60.000	  58.000	  57.000	  52.965	  61.000	  50.393	Fill3	R	2	50	3	1843
6061	8	80	93.000	  38.699	  92.000	  34.228	  96.000	  33.188	Fill1	R	1	49	1	738
6061	9	1	40.000	  90.000	  38.000	  81.132	  41.000	  74.902	Fill5	R	3	50	1	3304
6061	9	2	98.000	  38.531	  82.000	  46.049	  64.000	  59.000	Com1	R	3	51	3	1294
6061	9	3	91.000	  40.154	  90.000	  35.444	  94.000	  34.011	Fill1	R	3	50	1	599
6061	9	4	81.000	  44.395	  62.000	  58.000	  40.404	  89.000	Com2	R	6	50	2	1034
6061	9	5	42.000	  90.000	  39.000	  84.077	  43.000	  75.558	Fill5	R	5	51	1	682
6061	9	6	79.000	  45.519	  62.000	  58.000	  40.404	  89.000	Com2	R	2	51	2	730
6061	9	7	49.432	  74.000	  46.432	  69.650	  50.432	  64.026	Fill4	R	4	50	1	2839
6061	9	8	94.000	  40.213	  93.000	  36.290	  96.000	  34.271	Fill1	R	2	49	1	750
6061	9	9	98.000	  35.357	  81.000	  42.778	  63.000	  55.000	Com1	R	4	49	3	843
6061	9	10	74.000	  49.432	  73.000	  43.753	  76.000	  42.276	Fill2	R	5	51	1	563
6061	9	11	48.466	  73.000	  46.466	  65.984	  50.466	  62.002	Fill4	R	5	51	1	1081
6061	9	12	61.000	  59.000	  59.000	  53.017	  62.000	  51.194	Fill3	R	3	50	1	761
6061	9	13	96.000	  38.719	  82.000	  45.329	  63.000	  59.000	Com1	R	4	49	3	742
6061	9	14	53.239	  71.000	  51.239	  64.130	  54.239	  61.800	Fill4	R	5	51	1	547
6061	9	15	79.000	  44.785	  61.000	  58.000	  39.753	  89.000	Com2	R	3	49	2	473
6061	9	16	41.538	  91.000	  39.538	  81.693	  42.538	  76.213	Fill5	R	1	49	1	625
6061	9	17	49.432	  74.000	  48.432	  65.307	  51.432	  61.576	Fill4	R	4	50	1	564
6061	9	18	96.000	  37.458	  80.000	  44.950	  62.000	  58.000	Com1	R	4	49	3	601
6061	9	19	78.000	  45.359	  61.000	  58.000	  40.205	  88.000	Com2	R	2	51	2	955
6061	9	20	39.761	  92.000	  38.761	  81.061	  40.761	  76.421	Fill5	R	6	49	3	1073
6061	9	21	97.000	  37.072	  79.000	  45.519	  62.000	  58.000	Com1	R	2	50	3	3568
6061	9	22	81.000	  45.111	  63.000	  58.000	  41.056	  89.000	Com2	R	3	49	2	2235
6061	9	23	96.000	  38.104	  80.000	  45.725	  62.000	  59.000	Com1	R	3	49	2	987
6061	9	24	82.000	  45.329	  63.000	  59.000	  41.300	  90.000	Com2	R	3	49	2	846
6061	9	25	96.000	  38.063	  82.000	  44.561	  63.000	  58.000	Com1	R	3	49	2	694
6061	9	26	91.000	  40.198	  89.000	  36.506	  93.000	  34.839	Fill1	R	3	50	1	2263
6061	9	27	96.000	  37.458	  79.000	  45.519	  62.000	  58.000	Com1	R	3	51	3	822
6061	9	28	74.000	  49.378	  72.000	  44.236	  76.000	  42.474	Fill2	R	2	49	1	657
6061	9	29	58.000	  61.000	  55.000	  56.291	  59.000	  52.542	Fill3	R	3	51	3	641
6061	9	30	96.000	  36.854	  78.000	  45.359	  61.000	  58.000	Com1	R	3	51	3	737
6061	9	31	59.000	  62.000	  56.000	  57.821	  62.000	  52.468	Fill3	R	3	49	2	589
6061	9	32	76.000	  47.368	  75.000	  41.533	  78.000	  40.154	Fill2	R	3	50	1	528
6061	9	33	50.690	  71.000	  47.690	  66.974	  52.690	  59.537	Fill4	R	3	50	1	677
6061	9	34	80.000	  45.675	  63.000	  58.000	  41.523	  88.000	Com2	R	5	49	2	645
6061	9	35	96.000	  37.458	  81.000	  44.395	  62.000	  58.000	Com1	R	5	51	1	693
6061	9	36	80.000	  45.725	  62.000	  59.000	  41.101	  89.000	Com2	R	5	49	2	774
6061	9	37	51.429	  70.000	  48.429	  64.982	  52.429	  59.624	Fill4	R	4	50	1	753
6061	9	38	97.000	  37.072	  81.000	  44.395	  62.000	  58.000	Com1	R	1	50	2	670
6061	9	39	90.000	  39.311	  87.000	  35.356	  93.000	  33.183	Fill1	R	3	49	2	686
6061	9	40	96.000	  38.063	  82.000	  44.561	  63.000	  58.000	Com1	R	2	50	3	607
6061	9	41	79.000	  46.304	  62.000	  59.000	  41.101	  89.000	Com2	R	5	49	2	641
6061	9	42	82.000	  44.561	  63.000	  58.000	  41.056	  89.000	Com2	R	2	51	2	625
6061	9	43	38.879	  91.000	  37.879	  80.123	  39.879	  74.926	Fill5	R	4	50	1	595
6061	9	44	98.000	  37.286	  81.000	  45.111	  63.000	  58.000	Com1	R	5	50	3	630
6061	9	45	80.000	  44.950	  62.000	  58.000	  41.333	  87.000	Com2	R	3	49	2	1080
6061	9	46	63.000	  60.000	  61.000	  54.967	  65.000	  51.262	Fill3	R	3	50	1	1000
6061	9	47	78.000	  45.359	  61.000	  58.000	  40.205	  88.000	Com2	R	5	49	2	730
6061	9	48	78.000	  48.462	  76.000	  43.579	  80.000	  42.163	Fill2	R	5	51	1	920
6061	9	49	52.500	  72.000	  50.500	  65.069	  53.500	  62.729	Fill4	R	3	50	1	589
6061	9	50	93.000	  38.699	  90.000	  35.456	  95.000	  33.621	Fill1	R	3	50	1	640
6061	9	51	91.000	  40.198	  88.000	  36.534	  92.000	  35.130	Fill1	R	5	51	1	704
6061	9	52	48.720	  75.000	  47.720	  66.241	  50.720	  63.131	Fill4	R	1	49	1	941
6061	9	53	94.000	  37.638	  78.000	  45.359	  61.000	  58.000	Com1	R	2	50	3	594
6061	9	54	78.000	  48.462	  77.000	  43.260	  79.000	  41.646	Fill2	R	3	50	1	629
6061	9	55	58.000	  63.000	  57.000	  56.649	  61.000	  51.852	Fill3	R	4	49	3	697
6061	9	56	93.000	  38.710	  91.000	  34.747	  95.000	  33.432	Fill1	R	3	50	1	553
6061	9	57	81.000	  44.395	  62.000	  58.000	  41.333	  87.000	Com2	R	5	49	2	862
6061	9	58	96.000	  38.104	  79.000	  46.304	  62.000	  59.000	Com1	R	2	50	3	646
6061	9	59	78.000	  45.359	  61.000	  58.000	  40.205	  88.000	Com2	R	4	51	2	1109
6061	9	60	94.000	  37.638	  78.000	  45.359	  61.000	  58.000	Com1	R	3	51	3	706
6061	9	61	72.000	  49.139	  69.000	  44.899	  75.000	  41.760	Fill2	R	5	51	1	1072
6061	9	62	40.198	  91.000	  38.198	  82.178	  41.198	  76.290	Fill5	R	5	49	2	672
6061	9	63	95.000	  37.242	  78.000	  45.359	  61.000	  58.000	Com1	R	3	49	2	1040
6061	9	64	39.989	  90.000	  38.989	  78.997	  41.989	  72.757	Fill5	R	1	51	3	2256
6061	9	65	95.000	  39.789	  92.000	  36.685	  97.000	  34.392	Fill1	R	2	49	1	1265
6061	9	66	79.000	  45.519	  62.000	  58.000	  41.333	  87.000	Com2	R	4	51	2	728
6061	9	67	82.000	  46.049	  64.000	  59.000	  42.909	  88.000	Com2	R	2	51	2	1845
6061	9	68	82.000	  44.561	  63.000	  58.000	  41.523	  88.000	Com2	R	6	50	2	1684
6061	9	69	98.000	  37.286	  80.000	  45.675	  63.000	  58.000	Com1	R	5	49	2	1516
6061	9	70	63.000	  60.000	  60.000	  56.267	  66.000	  51.167	Fill3	R	5	50	3	1322
6061	9	71	81.000	  42.778	  63.000	  55.000	  40.765	  85.000	Com2	R	3	49	2	896
6061	9	72	60.000	  60.000	  59.000	  52.559	  63.000	  50.397	Fill3	R	3	50	1	1304
6061	9	73	74.000	  49.432	  71.000	  45.451	  77.000	  41.636	Fill2	R	6	51	1	1053
6061	9	74	78.000	  45.359	  61.000	  58.000	  39.753	  89.000	Com2	R	6	50	2	909
6061	9	75	59.000	  62.000	  58.000	  54.741	  62.000	  51.903	Fill3	R	4	50	1	931
6061	9	76	96.000	  36.854	  79.000	  44.785	  61.000	  58.000	Com1	R	3	49	2	728
6061	9	77	75.000	  47.987	  72.000	  43.903	  78.000	  40.705	Fill2	R	2	49	1	725
6061	9	78	38.872	  94.000	  36.872	  84.643	  40.872	  76.262	Fill5	R	3	50	1	1170
6061	9	79	96.000	  36.813	  81.000	  43.630	  62.000	  57.000	Com1	R	1	51	3	727
6061	9	80	81.000	  43.630	  62.000	  57.000	  40.621	  87.000	Com2	R	4	51	2	1193
