username: 7320, Experiment time (minutes): 40
Operating system: Windows 7
Manufacturer: Adobe Windows
Player type: PlugIn
Version: WIN 10,3,183,10

username	blkNum	trlNum	Rect1Height	Rect1Width	Rect2Height	Rect2Width	Rect3Height	Rect3Width	Effect	StimType	StimPosition	rawResp	response	RT
7320	0	1	59.000	  59.000	  58.000	  52.224	  60.000	  49.917	Fill3	R	5	51	1	4709
7320	0	2	92.000	  41.109	  76.000	  49.763	  61.000	  62.000	Com1	R	3	49	2	3293
7320	0	3	73.000	  50.110	  59.000	  62.000	  50.110	  73.000	Com2	R	3	49	2	5925
7320	1	1	76.000	  45.789	  74.000	  40.743	  78.000	  39.077	Fill2	R	3	50	1	3568
7320	1	2	54.000	  70.000	  53.000	  62.075	  55.000	  60.891	Fill4	R	4	50	1	3964
7320	1	3	74.000	  48.635	  72.000	  43.250	  76.000	  40.895	Fill2	R	3	50	1	1512
7320	1	4	75.000	  48.800	  74.000	  42.757	  78.000	  41.474	Fill2	R	4	50	1	1621
7320	1	5	39.989	  90.000	  38.989	  78.535	  40.989	  74.581	Fill5	R	3	50	1	3504
7320	1	6	97.000	  36.433	  80.000	  44.175	  62.000	  57.000	Com1	R	2	51	2	6204
7320	1	7	79.000	  47.051	  76.000	  43.197	  81.000	  40.654	Fill2	R	4	50	1	1409
7320	1	8	90.000	  39.989	  88.000	  35.773	  92.000	  33.967	Fill1	R	2	49	1	1683
7320	1	9	80.000	  44.175	  62.000	  57.000	  40.621	  87.000	Com2	R	1	49	1	2987
7320	1	10	77.000	  45.974	  60.000	  59.000	  40.227	  88.000	Com2	R	3	49	2	2093
7320	1	11	49.986	  72.000	  46.986	  66.786	  50.986	  61.056	Fill4	R	2	49	1	1333
7320	1	12	88.000	  37.545	  87.000	  32.379	  89.000	  31.607	Fill1	R	4	50	1	1210
7320	1	13	78.000	  46.038	  77.000	  40.169	  79.000	  40.253	Fill2	R	2	49	1	1460
7320	1	14	97.000	  37.021	  81.000	  44.333	  63.000	  57.000	Com1	R	6	50	2	1140
7320	1	15	94.000	  37.638	  79.000	  44.785	  61.000	  58.000	Com1	R	1	50	2	1523
7320	1	16	81.000	  44.395	  62.000	  58.000	  41.333	  87.000	Com2	R	4	51	2	3760
7320	1	17	49.714	  70.000	  47.714	  64.299	  50.714	  59.431	Fill4	R	3	50	1	1253
7320	1	18	97.000	  36.433	  80.000	  44.175	  62.000	  57.000	Com1	R	2	50	3	1997
7320	1	19	79.000	  43.241	  61.000	  56.000	  39.264	  87.000	Com2	R	3	49	2	1192
7320	1	20	56.000	  59.000	  55.000	  52.073	  58.000	  49.069	Fill3	R	4	50	1	1938
7320	1	21	63.000	  59.000	  62.000	  51.984	  64.000	  51.750	Fill3	R	1	49	1	847
7320	1	22	39.101	  89.000	  37.101	  79.566	  41.101	  72.188	Fill5	R	3	50	1	1335
7320	1	23	82.000	  45.329	  63.000	  59.000	  42.239	  88.000	Com2	R	5	51	1	2925
7320	1	24	53.597	  67.000	  52.597	  59.908	  54.597	  57.897	Fill4	R	2	49	1	914
7320	1	25	80.000	  46.500	  62.000	  60.000	  40.879	  91.000	Com2	R	3	50	1	1927
7320	1	26	96.000	  35.583	  79.000	  43.241	  61.000	  56.000	Com1	R	3	49	2	1413
7320	1	27	80.000	  43.462	  61.000	  57.000	  40.430	  86.000	Com2	R	3	49	2	2344
7320	1	28	96.000	  36.854	  79.000	  44.785	  61.000	  58.000	Com1	R	1	50	2	1732
7320	1	29	95.000	  37.200	  81.000	  43.630	  62.000	  57.000	Com1	R	4	51	2	1530
7320	1	30	95.000	  37.853	  81.000	  44.395	  62.000	  58.000	Com1	R	5	49	2	1400
7320	1	31	90.000	  39.989	  87.000	  35.897	  93.000	  34.172	Fill1	R	1	49	1	1626
7320	1	32	81.000	  44.395	  62.000	  58.000	  40.404	  89.000	Com2	R	4	50	1	2340
7320	1	33	80.000	  44.987	  61.000	  59.000	  40.898	  88.000	Com2	R	4	50	1	1122
7320	1	34	96.000	  37.406	  95.000	  33.063	  99.000	  31.576	Fill1	R	3	50	1	2143
7320	1	35	81.000	  43.630	  62.000	  57.000	  40.159	  88.000	Com2	R	3	49	2	1955
7320	1	36	95.000	  39.158	  80.000	  46.500	  62.000	  60.000	Com1	R	3	50	1	1377
7320	1	37	82.000	  44.561	  63.000	  58.000	  41.056	  89.000	Com2	R	5	51	1	1684
7320	1	38	78.000	  46.141	  61.000	  59.000	  39.989	  90.000	Com2	R	1	49	1	2413
7320	1	39	93.000	  39.355	  91.000	  35.022	  94.000	  33.681	Fill1	R	2	49	1	2471
7320	1	40	59.000	  61.000	  58.000	  54.052	  61.000	  50.967	Fill3	R	3	50	1	1599
7320	1	41	80.000	  44.888	  63.000	  57.000	  41.276	  87.000	Com2	R	1	50	2	2826
7320	1	42	80.000	  45.675	  63.000	  58.000	  42.000	  87.000	Com2	R	4	50	1	2067
7320	1	43	95.000	  37.263	  77.000	  45.974	  60.000	  59.000	Com1	R	4	51	2	1531
7320	1	44	49.986	  72.000	  47.986	  66.144	  50.986	  61.370	Fill4	R	6	51	1	1785
7320	1	45	80.000	  44.950	  62.000	  58.000	  41.333	  87.000	Com2	R	5	51	1	2507
7320	1	46	96.000	  37.490	  80.000	  44.987	  61.000	  59.000	Com1	R	2	51	2	1634
7320	1	47	94.000	  38.287	  78.000	  46.141	  61.000	  59.000	Com1	R	4	51	2	1418
7320	1	48	39.989	  90.000	  37.989	  80.445	  40.989	  75.142	Fill5	R	2	49	1	1692
7320	1	49	40.667	  90.000	  39.667	  78.908	  42.667	  73.453	Fill5	R	4	50	1	2084
7320	1	50	82.000	  45.329	  63.000	  59.000	  41.300	  90.000	Com2	R	5	51	1	1611
7320	1	51	60.000	  58.000	  59.000	  52.017	  63.000	  48.873	Fill3	R	2	49	1	998
7320	1	52	59.000	  61.000	  57.000	  55.491	  62.000	  51.194	Fill3	R	6	51	1	3514
7320	1	53	42.239	  88.000	  41.239	  77.937	  43.239	  73.476	Fill5	R	1	51	3	1222
7320	1	54	37.124	  89.000	  36.124	  77.595	  38.124	  72.501	Fill5	R	3	50	1	1521
7320	1	55	72.000	  45.889	  69.000	  40.928	  74.000	  39.068	Fill2	R	6	51	1	1710
7320	1	56	79.000	  47.848	  77.000	  42.935	  82.000	  40.756	Fill2	R	5	49	2	5442
7320	1	57	52.352	  71.000	  51.352	  63.425	  54.352	  59.556	Fill4	R	6	51	1	1699
7320	1	58	63.000	  57.000	  61.000	  51.656	  66.000	  47.879	Fill3	R	2	49	1	2090
7320	1	59	50.833	  72.000	  48.833	  65.119	  52.833	  60.473	Fill4	R	5	51	1	1313
7320	1	60	96.000	  38.063	  82.000	  44.561	  63.000	  58.000	Com1	R	2	51	2	3830
7320	1	61	96.000	  36.219	  80.000	  43.462	  61.000	  57.000	Com1	R	1	50	2	1225
7320	1	62	96.000	  38.719	  82.000	  45.329	  63.000	  59.000	Com1	R	3	49	2	1315
7320	1	63	96.000	  39.375	  95.000	  35.400	  97.000	  33.938	Fill1	R	5	51	1	1605
7320	1	64	80.000	  44.175	  62.000	  57.000	  40.159	  88.000	Com2	R	5	50	3	2242
7320	1	65	79.000	  44.785	  61.000	  58.000	  40.205	  88.000	Com2	R	2	49	1	2676
7320	1	66	95.000	  39.126	  94.000	  34.543	  96.000	  34.000	Fill1	R	2	49	1	1027
7320	1	67	98.000	  37.286	  80.000	  45.675	  63.000	  58.000	Com1	R	2	49	1	3542
7320	1	68	41.276	  87.000	  40.276	  76.398	  42.276	  73.115	Fill5	R	3	50	1	3219
7320	1	69	96.000	  37.406	  80.000	  44.888	  63.000	  57.000	Com1	R	2	51	2	3261
7320	1	70	47.884	  69.000	  44.884	  63.541	  49.884	  57.233	Fill4	R	6	51	1	2166
7320	1	71	81.000	  44.333	  63.000	  57.000	  41.276	  87.000	Com2	R	4	50	1	4778
7320	1	72	96.000	  37.458	  81.000	  44.395	  62.000	  58.000	Com1	R	5	49	2	3030
7320	1	73	41.538	  91.000	  38.538	  84.928	  42.538	  77.013	Fill5	R	5	51	1	7352
7320	1	74	97.000	  37.072	  80.000	  44.950	  62.000	  58.000	Com1	R	3	49	2	1726
7320	1	75	60.000	  61.000	  59.000	  55.153	  61.000	  52.475	Fill3	R	5	51	1	1650
7320	1	76	63.000	  60.000	  61.000	  54.754	  64.000	  52.578	Fill3	R	1	49	1	1722
7320	1	77	79.000	  44.785	  61.000	  58.000	  39.753	  89.000	Com2	R	5	51	1	2128
7320	1	78	91.000	  38.242	  90.000	  33.956	  94.000	  31.851	Fill1	R	1	49	1	949
7320	1	79	97.000	  38.320	  82.000	  45.329	  63.000	  59.000	Com1	R	2	50	3	3865
7320	1	80	75.000	  47.987	  74.000	  42.122	  78.000	  40.859	Fill2	R	3	50	1	1546
7320	2	1	93.000	  38.699	  92.000	  34.228	  96.000	  33.188	Fill1	R	4	50	1	4121
7320	2	2	88.000	  38.818	  87.000	  33.644	  89.000	  33.393	Fill1	R	4	50	1	666
7320	2	3	49.714	  70.000	  47.714	  62.937	  50.714	  59.392	Fill4	R	3	50	1	2058
7320	2	4	60.000	  58.000	  57.000	  52.965	  61.000	  50.393	Fill3	R	3	50	1	1457
7320	2	5	81.000	  44.395	  62.000	  58.000	  40.864	  88.000	Com2	R	1	50	2	1473
7320	2	6	93.000	  37.419	  92.000	  33.424	  95.000	  31.737	Fill1	R	2	49	1	849
7320	2	7	94.000	  37.021	  79.000	  44.051	  60.000	  58.000	Com1	R	2	49	1	3961
7320	2	8	81.000	  44.395	  62.000	  58.000	  40.404	  89.000	Com2	R	2	49	1	1944
7320	2	9	80.000	  44.175	  62.000	  57.000	  40.159	  88.000	Com2	R	3	49	2	2165
7320	2	10	47.444	  72.000	  46.444	  63.043	  49.444	  59.258	Fill4	R	2	49	1	1354
7320	2	11	76.000	  47.355	  73.000	  43.466	  78.000	  40.949	Fill2	R	5	51	1	1327
7320	2	12	76.000	  45.789	  74.000	  40.608	  77.000	  39.610	Fill2	R	2	49	1	740
7320	2	13	39.101	  89.000	  36.101	  82.103	  41.101	  71.774	Fill5	R	4	50	1	1153
7320	2	14	82.000	  45.329	  63.000	  59.000	  42.239	  88.000	Com2	R	5	51	1	4032
7320	2	15	60.000	  58.000	  58.000	  51.569	  61.000	  49.148	Fill3	R	4	49	3	1049
7320	2	16	39.783	  92.000	  37.783	  83.372	  40.783	  76.945	Fill5	R	2	49	1	1769
7320	2	17	60.000	  58.000	  57.000	  52.895	  63.000	  48.762	Fill3	R	5	51	1	1069
7320	2	18	40.000	  87.000	  38.000	  78.237	  41.000	  72.024	Fill5	R	3	50	1	1373
7320	2	19	74.000	  49.459	  71.000	  44.803	  76.000	  42.526	Fill2	R	1	49	1	1983
7320	2	20	52.528	  72.000	  51.528	  65.518	  53.528	  63.070	Fill4	R	4	50	1	1513
7320	2	21	95.000	  37.884	  80.000	  44.987	  61.000	  59.000	Com1	R	2	51	2	3320
7320	2	22	80.000	  44.950	  62.000	  58.000	  40.404	  89.000	Com2	R	4	51	2	3996
7320	2	23	96.000	  38.719	  82.000	  45.329	  63.000	  59.000	Com1	R	4	51	2	1639
7320	2	24	61.000	  62.000	  59.000	  56.458	  63.000	  53.333	Fill3	R	2	49	1	2463
7320	2	25	72.000	  47.444	  71.000	  41.620	  74.000	  40.581	Fill2	R	4	49	3	1590
7320	2	26	96.000	  38.063	  81.000	  45.111	  63.000	  58.000	Com1	R	2	51	2	2576
7320	2	27	51.176	  68.000	  48.176	  62.188	  53.176	  57.826	Fill4	R	4	50	1	949
7320	2	28	96.000	  36.219	  78.000	  44.577	  61.000	  57.000	Com1	R	3	49	2	3289
7320	2	29	76.000	  46.579	  59.000	  60.000	  39.775	  89.000	Com2	R	5	51	1	1905
7320	2	30	81.000	  45.111	  63.000	  58.000	  41.056	  89.000	Com2	R	4	51	2	1279
7320	2	31	93.000	  38.065	  76.000	  46.579	  59.000	  60.000	Com1	R	1	50	2	1543
7320	2	32	81.000	  43.630	  62.000	  57.000	  41.093	  86.000	Com2	R	2	49	1	2691
7320	2	33	97.000	  37.072	  80.000	  44.950	  62.000	  58.000	Com1	R	4	51	2	5492
7320	2	34	56.000	  61.000	  53.000	  55.340	  57.000	  51.439	Fill3	R	4	50	1	1379
7320	2	35	95.000	  37.200	  80.000	  44.175	  62.000	  57.000	Com1	R	2	50	3	1223
7320	2	36	80.000	  44.987	  61.000	  59.000	  40.898	  88.000	Com2	R	4	51	2	2529
7320	2	37	97.000	  37.021	  82.000	  43.793	  63.000	  57.000	Com1	R	3	51	3	2279
7320	2	38	96.000	  37.490	  79.000	  45.557	  61.000	  59.000	Com1	R	1	51	3	2182
7320	2	39	96.000	  37.458	  81.000	  44.395	  62.000	  58.000	Com1	R	5	50	3	2072
7320	2	40	95.000	  37.242	  78.000	  45.359	  61.000	  58.000	Com1	R	2	50	3	2752
7320	2	41	78.000	  45.359	  61.000	  58.000	  40.205	  88.000	Com2	R	6	50	2	1790
7320	2	42	50.690	  71.000	  49.690	  62.809	  51.690	  61.346	Fill4	R	4	50	1	1168
7320	2	43	78.000	  46.141	  61.000	  59.000	  40.438	  89.000	Com2	R	6	50	2	2187
7320	2	44	37.956	  90.000	  35.956	  81.017	  38.956	  73.776	Fill5	R	2	49	1	3101
7320	2	45	79.000	  45.557	  61.000	  59.000	  40.438	  89.000	Com2	R	3	50	1	3660
7320	2	46	49.714	  70.000	  46.714	  65.890	  51.714	  57.818	Fill4	R	2	49	1	1619
7320	2	47	75.000	  46.400	  74.000	  41.041	  76.000	  39.539	Fill2	R	4	50	1	2670
7320	2	48	39.989	  90.000	  38.989	  78.946	  40.989	  74.874	Fill5	R	4	50	1	1214
7320	2	49	77.000	  49.117	  75.000	  45.013	  80.000	  42.275	Fill2	R	1	49	1	856
7320	2	50	97.000	  38.320	  81.000	  45.889	  63.000	  59.000	Com1	R	2	51	2	1520
7320	2	51	75.000	  46.400	  72.000	  41.625	  78.000	  38.821	Fill2	R	2	49	1	1309
7320	2	52	97.000	  36.433	  81.000	  43.630	  62.000	  57.000	Com1	R	1	49	1	1314
7320	2	53	76.000	  45.789	  73.000	  41.205	  79.000	  37.772	Fill2	R	3	49	2	1639
7320	2	54	96.000	  37.458	  81.000	  44.395	  62.000	  58.000	Com1	R	5	50	3	3041
7320	2	55	95.000	  37.853	  80.000	  44.950	  62.000	  58.000	Com1	R	6	50	2	1952
7320	2	56	94.000	  40.234	  91.000	  36.132	  97.000	  34.134	Fill1	R	2	49	1	1454
7320	2	57	80.000	  44.225	  61.000	  58.000	  39.753	  89.000	Com2	R	1	49	1	4957
7320	2	58	80.000	  44.950	  62.000	  58.000	  40.864	  88.000	Com2	R	1	50	2	1170
7320	2	59	39.545	  88.000	  37.545	  79.104	  40.545	  73.473	Fill5	R	4	49	3	877
7320	2	60	78.000	  44.577	  61.000	  57.000	  39.966	  87.000	Com2	R	5	49	2	2806
7320	2	61	91.000	  38.242	  89.000	  34.393	  93.000	  32.828	Fill1	R	3	50	1	783
7320	2	62	95.000	  38.505	  79.000	  46.304	  62.000	  59.000	Com1	R	3	49	2	1002
7320	2	63	81.000	  44.395	  62.000	  58.000	  40.864	  88.000	Com2	R	3	49	2	1741
7320	2	64	51.549	  71.000	  50.549	  63.819	  52.549	  61.713	Fill4	R	4	50	1	1090
7320	2	65	96.000	  36.854	  80.000	  44.225	  61.000	  58.000	Com1	R	1	50	2	1635
7320	2	66	41.560	  91.000	  38.560	  84.543	  42.560	  76.691	Fill5	R	1	49	1	826
7320	2	67	60.000	  58.000	  58.000	  51.828	  63.000	  47.349	Fill3	R	2	49	1	1269
7320	2	68	92.000	  37.826	  90.000	  33.133	  94.000	  31.862	Fill1	R	3	50	1	973
7320	2	69	79.000	  44.051	  60.000	  58.000	  39.545	  88.000	Com2	R	3	50	1	1327
7320	2	70	93.000	  39.355	  91.000	  34.769	  95.000	  33.642	Fill1	R	2	49	1	741
7320	2	71	91.000	  38.242	  89.000	  34.213	  94.000	  32.138	Fill1	R	3	50	1	770
7320	2	72	97.000	  37.072	  81.000	  44.395	  62.000	  58.000	Com1	R	3	50	1	541
7320	2	73	60.000	  61.000	  59.000	  54.542	  62.000	  52.548	Fill3	R	3	50	1	1618
7320	2	74	79.000	  46.304	  62.000	  59.000	  41.568	  88.000	Com2	R	2	50	3	2621
7320	2	75	49.714	  70.000	  47.714	  63.189	  51.714	  58.630	Fill4	R	6	49	3	2495
7320	2	76	82.000	  43.793	  63.000	  57.000	  41.276	  87.000	Com2	R	1	50	2	1623
7320	2	77	81.000	  45.889	  63.000	  59.000	  41.300	  90.000	Com2	R	6	50	2	1218
7320	2	78	61.000	  59.000	  59.000	  53.000	  63.000	  50.143	Fill3	R	2	49	1	3662
7320	2	79	40.000	  87.000	  37.000	  80.297	  41.000	  71.659	Fill5	R	4	49	3	6373
7320	2	80	94.000	  38.287	  78.000	  46.141	  61.000	  59.000	Com1	R	2	51	2	1916
7320	3	1	78.000	  45.359	  61.000	  58.000	  40.205	  88.000	Com2	R	2	50	3	3474
7320	3	2	51.429	  70.000	  48.429	  64.982	  52.429	  59.624	Fill4	R	4	50	1	652
7320	3	3	96.000	  37.458	  79.000	  45.519	  62.000	  58.000	Com1	R	5	50	3	957
7320	3	4	96.000	  38.063	  82.000	  44.561	  63.000	  58.000	Com1	R	3	49	2	1458
7320	3	5	90.000	  39.311	  87.000	  35.356	  93.000	  33.183	Fill1	R	4	50	1	1090
7320	3	6	96.000	  37.458	  81.000	  44.395	  62.000	  58.000	Com1	R	3	49	2	882
7320	3	7	74.000	  49.432	  71.000	  45.451	  77.000	  41.636	Fill2	R	4	50	1	730
7320	3	8	91.000	  40.198	  89.000	  36.506	  93.000	  34.839	Fill1	R	4	50	1	646
7320	3	9	94.000	  37.638	  78.000	  45.359	  61.000	  58.000	Com1	R	4	51	2	1814
7320	3	10	94.000	  40.213	  93.000	  36.290	  96.000	  34.271	Fill1	R	6	51	1	1161
7320	3	11	63.000	  60.000	  60.000	  56.267	  66.000	  51.167	Fill3	R	2	50	3	2006
7320	3	12	76.000	  47.368	  75.000	  41.533	  78.000	  40.154	Fill2	R	2	49	1	801
7320	3	13	82.000	  45.329	  63.000	  59.000	  41.300	  90.000	Com2	R	3	50	1	1548
7320	3	14	91.000	  40.198	  88.000	  36.534	  92.000	  35.130	Fill1	R	3	50	1	841
7320	3	15	98.000	  37.286	  80.000	  45.675	  63.000	  58.000	Com1	R	5	49	2	1233
7320	3	16	48.466	  73.000	  46.466	  65.984	  50.466	  62.002	Fill4	R	6	51	1	1641
7320	3	17	80.000	  44.950	  62.000	  58.000	  41.333	  87.000	Com2	R	5	49	2	1234
7320	3	18	82.000	  44.561	  63.000	  58.000	  41.523	  88.000	Com2	R	3	50	1	1033
7320	3	19	93.000	  38.699	  90.000	  35.456	  95.000	  33.621	Fill1	R	4	50	1	729
7320	3	20	97.000	  37.072	  81.000	  44.395	  62.000	  58.000	Com1	R	5	50	3	1254
7320	3	21	48.720	  75.000	  47.720	  66.241	  50.720	  63.131	Fill4	R	5	51	1	862
7320	3	22	96.000	  36.854	  79.000	  44.785	  61.000	  58.000	Com1	R	2	50	3	502
7320	3	23	79.000	  45.519	  62.000	  58.000	  41.333	  87.000	Com2	R	6	50	2	652
7320	3	24	78.000	  45.359	  61.000	  58.000	  39.753	  89.000	Com2	R	4	50	1	1196
7320	3	25	98.000	  35.357	  81.000	  42.778	  63.000	  55.000	Com1	R	1	50	2	982
7320	3	26	94.000	  37.638	  78.000	  45.359	  61.000	  58.000	Com1	R	3	50	1	1913
7320	3	27	79.000	  44.785	  61.000	  58.000	  39.753	  89.000	Com2	R	1	49	1	4133
7320	3	28	93.000	  38.710	  91.000	  34.747	  95.000	  33.432	Fill1	R	3	50	1	811
7320	3	29	58.000	  63.000	  57.000	  56.649	  61.000	  51.852	Fill3	R	3	50	1	1669
7320	3	30	96.000	  36.813	  81.000	  43.630	  62.000	  57.000	Com1	R	5	50	3	4542
7320	3	31	49.432	  74.000	  46.432	  69.650	  50.432	  64.026	Fill4	R	4	50	1	1652
7320	3	32	41.538	  91.000	  39.538	  81.693	  42.538	  76.213	Fill5	R	5	51	1	2076
7320	3	33	96.000	  38.063	  82.000	  44.561	  63.000	  58.000	Com1	R	6	51	1	2611
7320	3	34	96.000	  38.104	  79.000	  46.304	  62.000	  59.000	Com1	R	6	50	2	901
7320	3	35	95.000	  39.789	  92.000	  36.685	  97.000	  34.392	Fill1	R	4	50	1	1371
7320	3	36	98.000	  38.531	  82.000	  46.049	  64.000	  59.000	Com1	R	1	51	3	6654
7320	3	37	95.000	  37.242	  78.000	  45.359	  61.000	  58.000	Com1	R	1	51	3	1549
7320	3	38	78.000	  45.359	  61.000	  58.000	  40.205	  88.000	Com2	R	3	50	1	1548
7320	3	39	98.000	  37.286	  81.000	  45.111	  63.000	  58.000	Com1	R	3	51	3	1832
7320	3	40	74.000	  49.432	  73.000	  43.753	  76.000	  42.276	Fill2	R	3	50	1	776
7320	3	41	50.690	  71.000	  47.690	  66.974	  52.690	  59.537	Fill4	R	5	51	1	1331
7320	3	42	80.000	  45.725	  62.000	  59.000	  41.101	  89.000	Com2	R	2	50	3	1273
7320	3	43	63.000	  60.000	  61.000	  54.967	  65.000	  51.262	Fill3	R	2	49	1	4528
7320	3	44	80.000	  45.675	  63.000	  58.000	  41.523	  88.000	Com2	R	3	49	2	1381
7320	3	45	97.000	  37.072	  79.000	  45.519	  62.000	  58.000	Com1	R	4	51	2	1304
7320	3	46	96.000	  36.854	  78.000	  45.359	  61.000	  58.000	Com1	R	2	51	2	1037
7320	3	47	40.000	  90.000	  38.000	  81.132	  41.000	  74.902	Fill5	R	5	51	1	1468
7320	3	48	74.000	  49.378	  72.000	  44.236	  76.000	  42.474	Fill2	R	1	49	1	3660
7320	3	49	58.000	  61.000	  55.000	  56.291	  59.000	  52.542	Fill3	R	4	50	1	1686
7320	3	50	60.000	  60.000	  59.000	  52.559	  63.000	  50.397	Fill3	R	6	51	1	1581
7320	3	51	96.000	  38.104	  80.000	  45.725	  62.000	  59.000	Com1	R	3	51	3	1080
7320	3	52	81.000	  44.395	  62.000	  58.000	  40.404	  89.000	Com2	R	5	50	3	2440
7320	3	53	59.000	  62.000	  58.000	  54.741	  62.000	  51.903	Fill3	R	2	49	1	1616
7320	3	54	52.500	  72.000	  50.500	  65.069	  53.500	  62.729	Fill4	R	5	51	1	1146
7320	3	55	75.000	  47.987	  72.000	  43.903	  78.000	  40.705	Fill2	R	4	50	1	871
7320	3	56	79.000	  45.519	  62.000	  58.000	  40.404	  89.000	Com2	R	2	51	2	1087
7320	3	57	40.198	  91.000	  38.198	  82.178	  41.198	  76.290	Fill5	R	2	49	1	2800
7320	3	58	81.000	  44.395	  62.000	  58.000	  41.333	  87.000	Com2	R	3	50	1	1226
7320	3	59	53.239	  71.000	  51.239	  64.130	  54.239	  61.800	Fill4	R	5	51	1	2101
7320	3	60	61.000	  59.000	  59.000	  53.017	  62.000	  51.194	Fill3	R	4	50	1	859
7320	3	61	39.761	  92.000	  38.761	  81.061	  40.761	  76.421	Fill5	R	3	51	3	819
7320	3	62	42.000	  90.000	  39.000	  84.077	  43.000	  75.558	Fill5	R	6	51	1	765
7320	3	63	39.989	  90.000	  38.989	  78.997	  41.989	  72.757	Fill5	R	4	50	1	923
7320	3	64	81.000	  42.778	  63.000	  55.000	  40.765	  85.000	Com2	R	5	49	2	1120
7320	3	65	78.000	  48.462	  76.000	  43.579	  80.000	  42.163	Fill2	R	4	50	1	700
7320	3	66	81.000	  43.630	  62.000	  57.000	  40.621	  87.000	Com2	R	3	50	1	1578
7320	3	67	96.000	  38.719	  82.000	  45.329	  63.000	  59.000	Com1	R	5	51	1	1941
7320	3	68	38.872	  94.000	  36.872	  84.643	  40.872	  76.262	Fill5	R	3	50	1	1026
7320	3	69	79.000	  46.304	  62.000	  59.000	  41.101	  89.000	Com2	R	5	50	3	1252
7320	3	70	49.432	  74.000	  48.432	  65.307	  51.432	  61.576	Fill4	R	5	51	1	956
7320	3	71	91.000	  40.154	  90.000	  35.444	  94.000	  34.011	Fill1	R	4	50	1	834
7320	3	72	59.000	  62.000	  56.000	  57.821	  62.000	  52.468	Fill3	R	2	49	1	1594
7320	3	73	78.000	  48.462	  77.000	  43.260	  79.000	  41.646	Fill2	R	6	51	1	2053
7320	3	74	96.000	  37.458	  80.000	  44.950	  62.000	  58.000	Com1	R	1	50	2	1564
7320	3	75	82.000	  44.561	  63.000	  58.000	  41.056	  89.000	Com2	R	2	51	2	2330
7320	3	76	81.000	  45.111	  63.000	  58.000	  41.056	  89.000	Com2	R	3	49	2	1064
7320	3	77	38.879	  91.000	  37.879	  80.123	  39.879	  74.926	Fill5	R	2	49	1	1463
7320	3	78	82.000	  46.049	  64.000	  59.000	  42.909	  88.000	Com2	R	5	51	1	2647
7320	3	79	72.000	  49.139	  69.000	  44.899	  75.000	  41.760	Fill2	R	4	50	1	1015
7320	3	80	78.000	  45.359	  61.000	  58.000	  40.205	  88.000	Com2	R	4	50	1	1770
7320	4	1	97.000	  36.433	  80.000	  44.175	  62.000	  57.000	Com1	R	3	49	2	1609
7320	4	2	96.000	  37.406	  80.000	  44.888	  63.000	  57.000	Com1	R	4	51	2	1452
7320	4	3	90.000	  39.989	  87.000	  35.897	  93.000	  34.172	Fill1	R	5	51	1	2588
7320	4	4	82.000	  45.329	  63.000	  59.000	  42.239	  88.000	Com2	R	2	50	3	2687
7320	4	5	96.000	  35.583	  79.000	  43.241	  61.000	  56.000	Com1	R	4	51	2	2415
7320	4	6	80.000	  46.500	  62.000	  60.000	  40.879	  91.000	Com2	R	4	51	2	938
7320	4	7	97.000	  37.021	  81.000	  44.333	  63.000	  57.000	Com1	R	4	51	2	1774
7320	4	8	96.000	  36.854	  79.000	  44.785	  61.000	  58.000	Com1	R	6	50	2	1649
7320	4	9	41.538	  91.000	  38.538	  84.928	  42.538	  77.013	Fill5	R	1	49	1	714
7320	4	10	63.000	  60.000	  61.000	  54.754	  64.000	  52.578	Fill3	R	3	50	1	662
7320	4	11	96.000	  37.406	  95.000	  33.063	  99.000	  31.576	Fill1	R	4	50	1	614
7320	4	12	96.000	  36.219	  80.000	  43.462	  61.000	  57.000	Com1	R	3	49	2	873
7320	4	13	78.000	  46.141	  61.000	  59.000	  39.989	  90.000	Com2	R	5	49	2	2289
7320	4	14	76.000	  45.789	  74.000	  40.743	  78.000	  39.077	Fill2	R	1	49	1	1394
7320	4	15	81.000	  44.395	  62.000	  58.000	  41.333	  87.000	Com2	R	4	50	1	980
7320	4	16	80.000	  44.175	  62.000	  57.000	  40.159	  88.000	Com2	R	5	51	1	1383
7320	4	17	95.000	  37.853	  81.000	  44.395	  62.000	  58.000	Com1	R	5	51	1	1273
7320	4	18	39.989	  90.000	  37.989	  80.445	  40.989	  75.142	Fill5	R	2	49	1	1137
7320	4	19	95.000	  37.200	  81.000	  43.630	  62.000	  57.000	Com1	R	5	49	2	1551
7320	4	20	54.000	  70.000	  53.000	  62.075	  55.000	  60.891	Fill4	R	4	50	1	1371
7320	4	21	95.000	  37.263	  77.000	  45.974	  60.000	  59.000	Com1	R	4	51	2	1550
7320	4	22	63.000	  59.000	  62.000	  51.984	  64.000	  51.750	Fill3	R	1	49	1	843
7320	4	23	80.000	  44.950	  62.000	  58.000	  41.333	  87.000	Com2	R	6	51	1	1843
7320	4	24	56.000	  59.000	  55.000	  52.073	  58.000	  49.069	Fill3	R	6	49	3	1059
7320	4	25	80.000	  45.675	  63.000	  58.000	  42.000	  87.000	Com2	R	3	50	1	1811
7320	4	26	81.000	  44.395	  62.000	  58.000	  40.404	  89.000	Com2	R	6	50	2	1302
7320	4	27	42.239	  88.000	  41.239	  77.937	  43.239	  73.476	Fill5	R	1	49	1	731
7320	4	28	59.000	  61.000	  58.000	  54.052	  61.000	  50.967	Fill3	R	2	49	1	3386
7320	4	29	94.000	  37.638	  79.000	  44.785	  61.000	  58.000	Com1	R	4	51	2	2171
7320	4	30	77.000	  45.974	  60.000	  59.000	  40.227	  88.000	Com2	R	4	50	1	1070
7320	4	31	79.000	  47.051	  76.000	  43.197	  81.000	  40.654	Fill2	R	4	50	1	1294
7320	4	32	41.276	  87.000	  40.276	  76.398	  42.276	  73.115	Fill5	R	2	49	1	2006
7320	4	33	79.000	  47.848	  77.000	  42.935	  82.000	  40.756	Fill2	R	2	49	1	1473
7320	4	34	72.000	  45.889	  69.000	  40.928	  74.000	  39.068	Fill2	R	2	49	1	992
7320	4	35	79.000	  44.785	  61.000	  58.000	  40.205	  88.000	Com2	R	6	51	1	2194
7320	4	36	82.000	  45.329	  63.000	  59.000	  41.300	  90.000	Com2	R	5	51	1	1062
7320	4	37	79.000	  43.241	  61.000	  56.000	  39.264	  87.000	Com2	R	6	51	1	1030
7320	4	38	95.000	  39.158	  80.000	  46.500	  62.000	  60.000	Com1	R	4	51	2	1033
7320	4	39	80.000	  44.175	  62.000	  57.000	  40.621	  87.000	Com2	R	5	51	1	1035
7320	4	40	96.000	  38.719	  82.000	  45.329	  63.000	  59.000	Com1	R	5	51	1	731
7320	4	41	78.000	  46.038	  77.000	  40.169	  79.000	  40.253	Fill2	R	3	50	1	1945
7320	4	42	47.884	  69.000	  44.884	  63.541	  49.884	  57.233	Fill4	R	1	49	1	854
7320	4	43	79.000	  44.785	  61.000	  58.000	  39.753	  89.000	Com2	R	4	50	1	1086
7320	4	44	91.000	  38.242	  90.000	  33.956	  94.000	  31.851	Fill1	R	5	51	1	1469
7320	4	45	60.000	  61.000	  59.000	  55.153	  61.000	  52.475	Fill3	R	1	49	1	1501
7320	4	46	80.000	  43.462	  61.000	  57.000	  40.430	  86.000	Com2	R	5	49	2	2171
7320	4	47	97.000	  38.320	  82.000	  45.329	  63.000	  59.000	Com1	R	3	49	2	1581
7320	4	48	97.000	  36.433	  80.000	  44.175	  62.000	  57.000	Com1	R	5	49	2	1480
7320	4	49	50.833	  72.000	  48.833	  65.119	  52.833	  60.473	Fill4	R	2	49	1	1672
7320	4	50	49.714	  70.000	  47.714	  64.299	  50.714	  59.431	Fill4	R	4	51	2	1745
7320	4	51	88.000	  37.545	  87.000	  32.379	  89.000	  31.607	Fill1	R	4	50	1	5605
7320	4	52	53.597	  67.000	  52.597	  59.908	  54.597	  57.897	Fill4	R	4	50	1	849
7320	4	53	52.352	  71.000	  51.352	  63.425	  54.352	  59.556	Fill4	R	3	50	1	1240
7320	4	54	96.000	  39.375	  95.000	  35.400	  97.000	  33.938	Fill1	R	2	49	1	832
7320	4	55	59.000	  61.000	  57.000	  55.491	  62.000	  51.194	Fill3	R	4	50	1	810
7320	4	56	63.000	  57.000	  61.000	  51.656	  66.000	  47.879	Fill3	R	3	50	1	789
7320	4	57	97.000	  37.072	  80.000	  44.950	  62.000	  58.000	Com1	R	5	50	3	880
7320	4	58	96.000	  37.490	  80.000	  44.987	  61.000	  59.000	Com1	R	1	50	2	1240
7320	4	59	94.000	  38.287	  78.000	  46.141	  61.000	  59.000	Com1	R	3	49	2	1728
7320	4	60	81.000	  43.630	  62.000	  57.000	  40.159	  88.000	Com2	R	2	49	1	1156
7320	4	61	49.986	  72.000	  47.986	  66.144	  50.986	  61.370	Fill4	R	6	51	1	1857
7320	4	62	98.000	  37.286	  80.000	  45.675	  63.000	  58.000	Com1	R	5	50	3	1074
7320	4	63	90.000	  39.989	  88.000	  35.773	  92.000	  33.967	Fill1	R	1	49	1	1842
7320	4	64	96.000	  38.063	  82.000	  44.561	  63.000	  58.000	Com1	R	3	50	1	1938
7320	4	65	80.000	  44.987	  61.000	  59.000	  40.898	  88.000	Com2	R	6	51	1	2640
7320	4	66	49.986	  72.000	  46.986	  66.786	  50.986	  61.056	Fill4	R	3	51	3	896
7320	4	67	96.000	  37.458	  81.000	  44.395	  62.000	  58.000	Com1	R	4	51	2	1912
7320	4	68	39.989	  90.000	  38.989	  78.535	  40.989	  74.581	Fill5	R	2	49	1	1252
7320	4	69	93.000	  39.355	  91.000	  35.022	  94.000	  33.681	Fill1	R	4	50	1	700
7320	4	70	74.000	  48.635	  72.000	  43.250	  76.000	  40.895	Fill2	R	3	50	1	2362
7320	4	71	75.000	  48.800	  74.000	  42.757	  78.000	  41.474	Fill2	R	3	50	1	1447
7320	4	72	81.000	  44.333	  63.000	  57.000	  41.276	  87.000	Com2	R	6	51	1	2119
7320	4	73	37.124	  89.000	  36.124	  77.595	  38.124	  72.501	Fill5	R	4	50	1	973
7320	4	74	80.000	  44.888	  63.000	  57.000	  41.276	  87.000	Com2	R	2	51	2	2768
7320	4	75	95.000	  39.126	  94.000	  34.543	  96.000	  34.000	Fill1	R	5	51	1	1434
7320	4	76	60.000	  58.000	  59.000	  52.017	  63.000	  48.873	Fill3	R	6	51	1	1289
7320	4	77	75.000	  47.987	  74.000	  42.122	  78.000	  40.859	Fill2	R	4	50	1	1217
7320	4	78	40.667	  90.000	  39.667	  78.908	  42.667	  73.453	Fill5	R	4	50	1	1340
7320	4	79	82.000	  44.561	  63.000	  58.000	  41.056	  89.000	Com2	R	4	50	1	1537
7320	4	80	39.101	  89.000	  37.101	  79.566	  41.101	  72.188	Fill5	R	2	49	1	1151
7320	5	1	81.000	  43.630	  62.000	  57.000	  41.093	  86.000	Com2	R	5	51	1	1873
7320	5	2	95.000	  37.200	  80.000	  44.175	  62.000	  57.000	Com1	R	3	49	2	2311
7320	5	3	97.000	  37.072	  81.000	  44.395	  62.000	  58.000	Com1	R	1	50	2	1397
7320	5	4	80.000	  44.950	  62.000	  58.000	  40.864	  88.000	Com2	R	6	51	1	855
7320	5	5	60.000	  58.000	  57.000	  52.965	  61.000	  50.393	Fill3	R	5	51	1	1343
7320	5	6	47.444	  72.000	  46.444	  63.043	  49.444	  59.258	Fill4	R	4	50	1	2324
7320	5	7	93.000	  38.065	  76.000	  46.579	  59.000	  60.000	Com1	R	5	50	3	1105
7320	5	8	81.000	  44.395	  62.000	  58.000	  40.404	  89.000	Com2	R	1	51	3	1183
7320	5	9	96.000	  37.458	  81.000	  44.395	  62.000	  58.000	Com1	R	5	49	2	1145
7320	5	10	60.000	  58.000	  58.000	  51.569	  61.000	  49.148	Fill3	R	5	51	1	758
7320	5	11	81.000	  44.395	  62.000	  58.000	  40.864	  88.000	Com2	R	6	50	2	1011
7320	5	12	96.000	  38.719	  82.000	  45.329	  63.000	  59.000	Com1	R	3	50	1	1878
7320	5	13	96.000	  37.458	  81.000	  44.395	  62.000	  58.000	Com1	R	6	51	1	1175
7320	5	14	92.000	  37.826	  90.000	  33.133	  94.000	  31.862	Fill1	R	4	50	1	1217
7320	5	15	39.783	  92.000	  37.783	  83.372	  40.783	  76.945	Fill5	R	4	50	1	1609
7320	5	16	94.000	  37.021	  79.000	  44.051	  60.000	  58.000	Com1	R	5	49	2	2039
7320	5	17	97.000	  36.433	  81.000	  43.630	  62.000	  57.000	Com1	R	2	51	2	1199
7320	5	18	96.000	  36.854	  80.000	  44.225	  61.000	  58.000	Com1	R	6	50	2	857
7320	5	19	97.000	  38.320	  81.000	  45.889	  63.000	  59.000	Com1	R	4	51	2	961
7320	5	20	93.000	  39.355	  91.000	  34.769	  95.000	  33.642	Fill1	R	3	50	1	1638
7320	5	21	95.000	  37.853	  80.000	  44.950	  62.000	  58.000	Com1	R	4	51	2	1918
7320	5	22	51.549	  71.000	  50.549	  63.819	  52.549	  61.713	Fill4	R	2	49	1	1500
7320	5	23	75.000	  46.400	  72.000	  41.625	  78.000	  38.821	Fill2	R	3	50	1	664
7320	5	24	76.000	  46.579	  59.000	  60.000	  39.775	  89.000	Com2	R	4	51	2	1032
7320	5	25	79.000	  44.051	  60.000	  58.000	  39.545	  88.000	Com2	R	3	50	1	952
7320	5	26	97.000	  37.072	  80.000	  44.950	  62.000	  58.000	Com1	R	1	51	3	830
7320	5	27	77.000	  49.117	  75.000	  45.013	  80.000	  42.275	Fill2	R	4	50	1	713
7320	5	28	56.000	  61.000	  53.000	  55.340	  57.000	  51.439	Fill3	R	4	50	1	695
7320	5	29	91.000	  38.242	  89.000	  34.393	  93.000	  32.828	Fill1	R	2	49	1	663
7320	5	30	72.000	  47.444	  71.000	  41.620	  74.000	  40.581	Fill2	R	3	50	1	807
7320	5	31	49.714	  70.000	  46.714	  65.890	  51.714	  57.818	Fill4	R	1	49	1	1664
7320	5	32	40.000	  87.000	  37.000	  80.297	  41.000	  71.659	Fill5	R	3	50	1	1416
7320	5	33	78.000	  44.577	  61.000	  57.000	  39.966	  87.000	Com2	R	1	50	2	1084
7320	5	34	93.000	  38.699	  92.000	  34.228	  96.000	  33.188	Fill1	R	2	49	1	1099
7320	5	35	75.000	  46.400	  74.000	  41.041	  76.000	  39.539	Fill2	R	4	50	1	647
7320	5	36	81.000	  45.111	  63.000	  58.000	  41.056	  89.000	Com2	R	4	51	2	3208
7320	5	37	41.560	  91.000	  38.560	  84.543	  42.560	  76.691	Fill5	R	3	51	3	1155
7320	5	38	60.000	  58.000	  57.000	  52.895	  63.000	  48.762	Fill3	R	5	51	1	1408
7320	5	39	37.956	  90.000	  35.956	  81.017	  38.956	  73.776	Fill5	R	3	50	1	1187
7320	5	40	95.000	  37.884	  80.000	  44.987	  61.000	  59.000	Com1	R	2	51	2	2285
7320	5	41	76.000	  45.789	  73.000	  41.205	  79.000	  37.772	Fill2	R	2	49	1	1294
7320	5	42	79.000	  46.304	  62.000	  59.000	  41.568	  88.000	Com2	R	2	49	1	1415
7320	5	43	81.000	  44.395	  62.000	  58.000	  40.864	  88.000	Com2	R	3	50	1	632
7320	5	44	76.000	  47.355	  73.000	  43.466	  78.000	  40.949	Fill2	R	1	49	1	875
7320	5	45	94.000	  38.287	  78.000	  46.141	  61.000	  59.000	Com1	R	4	51	2	1091
7320	5	46	79.000	  45.557	  61.000	  59.000	  40.438	  89.000	Com2	R	6	51	1	931
7320	5	47	78.000	  45.359	  61.000	  58.000	  40.205	  88.000	Com2	R	3	50	1	776
7320	5	48	81.000	  45.889	  63.000	  59.000	  41.300	  90.000	Com2	R	4	50	1	1939
7320	5	49	50.690	  71.000	  49.690	  62.809	  51.690	  61.346	Fill4	R	2	49	1	2255
7320	5	50	49.714	  70.000	  47.714	  62.937	  50.714	  59.392	Fill4	R	2	49	1	3247
7320	5	51	61.000	  59.000	  59.000	  53.000	  63.000	  50.143	Fill3	R	2	49	1	1591
7320	5	52	93.000	  37.419	  92.000	  33.424	  95.000	  31.737	Fill1	R	5	51	1	1250
7320	5	53	78.000	  46.141	  61.000	  59.000	  40.438	  89.000	Com2	R	6	51	1	2043
7320	5	54	39.545	  88.000	  37.545	  79.104	  40.545	  73.473	Fill5	R	4	49	3	2755
7320	5	55	82.000	  45.329	  63.000	  59.000	  42.239	  88.000	Com2	R	4	51	2	2032
7320	5	56	80.000	  44.987	  61.000	  59.000	  40.898	  88.000	Com2	R	2	51	2	2074
7320	5	57	96.000	  37.490	  79.000	  45.557	  61.000	  59.000	Com1	R	2	51	2	2547
7320	5	58	82.000	  43.793	  63.000	  57.000	  41.276	  87.000	Com2	R	6	50	2	1687
7320	5	59	40.000	  87.000	  38.000	  78.237	  41.000	  72.024	Fill5	R	5	51	1	1023
7320	5	60	51.176	  68.000	  48.176	  62.188	  53.176	  57.826	Fill4	R	6	51	1	1234
7320	5	61	80.000	  44.950	  62.000	  58.000	  40.404	  89.000	Com2	R	3	50	1	730
7320	5	62	49.714	  70.000	  47.714	  63.189	  51.714	  58.630	Fill4	R	4	50	1	599
7320	5	63	60.000	  58.000	  58.000	  51.828	  63.000	  47.349	Fill3	R	4	50	1	1962
7320	5	64	96.000	  38.063	  81.000	  45.111	  63.000	  58.000	Com1	R	5	50	3	1399
7320	5	65	76.000	  45.789	  74.000	  40.608	  77.000	  39.610	Fill2	R	2	49	1	682
7320	5	66	80.000	  44.175	  62.000	  57.000	  40.159	  88.000	Com2	R	4	50	1	1482
7320	5	67	80.000	  44.225	  61.000	  58.000	  39.753	  89.000	Com2	R	3	50	1	1707
7320	5	68	39.101	  89.000	  36.101	  82.103	  41.101	  71.774	Fill5	R	4	50	1	1407
7320	5	69	96.000	  36.219	  78.000	  44.577	  61.000	  57.000	Com1	R	3	50	1	1458
7320	5	70	95.000	  38.505	  79.000	  46.304	  62.000	  59.000	Com1	R	3	50	1	882
7320	5	71	52.528	  72.000	  51.528	  65.518	  53.528	  63.070	Fill4	R	6	51	1	1898
7320	5	72	94.000	  40.234	  91.000	  36.132	  97.000	  34.134	Fill1	R	2	49	1	938
7320	5	73	39.989	  90.000	  38.989	  78.946	  40.989	  74.874	Fill5	R	5	51	1	1439
7320	5	74	74.000	  49.459	  71.000	  44.803	  76.000	  42.526	Fill2	R	4	50	1	1230
7320	5	75	60.000	  61.000	  59.000	  54.542	  62.000	  52.548	Fill3	R	1	49	1	1609
7320	5	76	95.000	  37.242	  78.000	  45.359	  61.000	  58.000	Com1	R	2	51	2	3734
7320	5	77	88.000	  38.818	  87.000	  33.644	  89.000	  33.393	Fill1	R	1	49	1	1290
7320	5	78	97.000	  37.021	  82.000	  43.793	  63.000	  57.000	Com1	R	4	51	2	1890
7320	5	79	61.000	  62.000	  59.000	  56.458	  63.000	  53.333	Fill3	R	2	50	3	3250
7320	5	80	91.000	  38.242	  89.000	  34.213	  94.000	  32.138	Fill1	R	4	50	1	794
7320	6	1	93.000	  38.699	  90.000	  35.456	  95.000	  33.621	Fill1	R	2	49	1	1834
7320	6	2	49.432	  74.000	  46.432	  69.650	  50.432	  64.026	Fill4	R	5	50	3	1185
7320	6	3	58.000	  63.000	  57.000	  56.649	  61.000	  51.852	Fill3	R	4	50	1	1260
7320	6	4	53.239	  71.000	  51.239	  64.130	  54.239	  61.800	Fill4	R	5	51	1	981
7320	6	5	80.000	  45.725	  62.000	  59.000	  41.101	  89.000	Com2	R	1	51	3	2087
7320	6	6	75.000	  47.987	  72.000	  43.903	  78.000	  40.705	Fill2	R	3	50	1	892
7320	6	7	96.000	  38.719	  82.000	  45.329	  63.000	  59.000	Com1	R	3	49	2	1143
7320	6	8	48.720	  75.000	  47.720	  66.241	  50.720	  63.131	Fill4	R	5	51	1	1796
7320	6	9	81.000	  43.630	  62.000	  57.000	  40.621	  87.000	Com2	R	1	51	3	6439
7320	6	10	74.000	  49.378	  72.000	  44.236	  76.000	  42.474	Fill2	R	1	49	1	1054
7320	6	11	96.000	  38.063	  82.000	  44.561	  63.000	  58.000	Com1	R	4	51	2	1598
7320	6	12	42.000	  90.000	  39.000	  84.077	  43.000	  75.558	Fill5	R	3	50	1	1113
7320	6	13	80.000	  45.675	  63.000	  58.000	  41.523	  88.000	Com2	R	3	50	1	1606
7320	6	14	96.000	  38.104	  79.000	  46.304	  62.000	  59.000	Com1	R	4	51	2	1122
7320	6	15	79.000	  45.519	  62.000	  58.000	  41.333	  87.000	Com2	R	3	50	1	2414
7320	6	16	82.000	  44.561	  63.000	  58.000	  41.523	  88.000	Com2	R	6	51	1	3434
7320	6	17	59.000	  62.000	  56.000	  57.821	  62.000	  52.468	Fill3	R	1	49	1	3081
7320	6	18	50.690	  71.000	  47.690	  66.974	  52.690	  59.537	Fill4	R	4	50	1	2233
7320	6	19	81.000	  45.111	  63.000	  58.000	  41.056	  89.000	Com2	R	1	49	1	2169
7320	6	20	95.000	  37.242	  78.000	  45.359	  61.000	  58.000	Com1	R	3	49	2	1995
7320	6	21	91.000	  40.198	  89.000	  36.506	  93.000	  34.839	Fill1	R	4	50	1	821
7320	6	22	82.000	  46.049	  64.000	  59.000	  42.909	  88.000	Com2	R	5	51	1	1616
7320	6	23	97.000	  37.072	  81.000	  44.395	  62.000	  58.000	Com1	R	4	51	2	1307
7320	6	24	78.000	  48.462	  76.000	  43.579	  80.000	  42.163	Fill2	R	3	50	1	1889
7320	6	25	40.000	  90.000	  38.000	  81.132	  41.000	  74.902	Fill5	R	2	49	1	1761
7320	6	26	90.000	  39.311	  87.000	  35.356	  93.000	  33.183	Fill1	R	4	50	1	1318
7320	6	27	74.000	  49.432	  73.000	  43.753	  76.000	  42.276	Fill2	R	6	51	1	1628
7320	6	28	96.000	  37.458	  79.000	  45.519	  62.000	  58.000	Com1	R	1	50	2	1254
7320	6	29	51.429	  70.000	  48.429	  64.982	  52.429	  59.624	Fill4	R	3	50	1	4045
7320	6	30	81.000	  42.778	  63.000	  55.000	  40.765	  85.000	Com2	R	3	49	2	1334
7320	6	31	91.000	  40.198	  88.000	  36.534	  92.000	  35.130	Fill1	R	3	50	1	619
7320	6	32	78.000	  45.359	  61.000	  58.000	  40.205	  88.000	Com2	R	2	51	2	2205
7320	6	33	94.000	  37.638	  78.000	  45.359	  61.000	  58.000	Com1	R	2	51	2	1536
7320	6	34	97.000	  37.072	  79.000	  45.519	  62.000	  58.000	Com1	R	6	50	2	925
7320	6	35	81.000	  44.395	  62.000	  58.000	  41.333	  87.000	Com2	R	6	51	1	1796
7320	6	36	63.000	  60.000	  61.000	  54.967	  65.000	  51.262	Fill3	R	6	50	2	1349
7320	6	37	91.000	  40.154	  90.000	  35.444	  94.000	  34.011	Fill1	R	3	50	1	571
7320	6	38	82.000	  44.561	  63.000	  58.000	  41.056	  89.000	Com2	R	4	50	1	1581
7320	6	39	81.000	  44.395	  62.000	  58.000	  40.404	  89.000	Com2	R	5	51	1	1193
7320	6	40	78.000	  48.462	  77.000	  43.260	  79.000	  41.646	Fill2	R	5	51	1	883
7320	6	41	76.000	  47.368	  75.000	  41.533	  78.000	  40.154	Fill2	R	2	49	1	843
7320	6	42	98.000	  37.286	  81.000	  45.111	  63.000	  58.000	Com1	R	4	51	2	1139
7320	6	43	82.000	  45.329	  63.000	  59.000	  41.300	  90.000	Com2	R	4	50	1	1264
7320	6	44	40.198	  91.000	  38.198	  82.178	  41.198	  76.290	Fill5	R	2	49	1	984
7320	6	45	96.000	  38.063	  82.000	  44.561	  63.000	  58.000	Com1	R	5	49	2	1611
7320	6	46	48.466	  73.000	  46.466	  65.984	  50.466	  62.002	Fill4	R	3	50	1	1509
7320	6	47	72.000	  49.139	  69.000	  44.899	  75.000	  41.760	Fill2	R	6	51	1	738
7320	6	48	96.000	  36.854	  79.000	  44.785	  61.000	  58.000	Com1	R	4	51	2	1113
7320	6	49	79.000	  44.785	  61.000	  58.000	  39.753	  89.000	Com2	R	3	50	1	1036
7320	6	50	74.000	  49.432	  71.000	  45.451	  77.000	  41.636	Fill2	R	3	50	1	1422
7320	6	51	98.000	  38.531	  82.000	  46.049	  64.000	  59.000	Com1	R	3	51	3	1376
7320	6	52	94.000	  40.213	  93.000	  36.290	  96.000	  34.271	Fill1	R	2	49	1	947
7320	6	53	41.538	  91.000	  39.538	  81.693	  42.538	  76.213	Fill5	R	5	51	1	1576
7320	6	54	98.000	  35.357	  81.000	  42.778	  63.000	  55.000	Com1	R	5	49	2	1411
7320	6	55	94.000	  37.638	  78.000	  45.359	  61.000	  58.000	Com1	R	3	49	2	1317
7320	6	56	63.000	  60.000	  60.000	  56.267	  66.000	  51.167	Fill3	R	4	49	3	1227
7320	6	57	78.000	  45.359	  61.000	  58.000	  39.753	  89.000	Com2	R	3	49	2	1444
7320	6	58	61.000	  59.000	  59.000	  53.017	  62.000	  51.194	Fill3	R	5	51	1	1460
7320	6	59	93.000	  38.710	  91.000	  34.747	  95.000	  33.432	Fill1	R	2	49	1	789
7320	6	60	96.000	  37.458	  81.000	  44.395	  62.000	  58.000	Com1	R	5	49	2	1103
7320	6	61	60.000	  60.000	  59.000	  52.559	  63.000	  50.397	Fill3	R	6	50	2	764
7320	6	62	52.500	  72.000	  50.500	  65.069	  53.500	  62.729	Fill4	R	3	50	1	3546
7320	6	63	79.000	  46.304	  62.000	  59.000	  41.101	  89.000	Com2	R	3	50	1	1352
7320	6	64	96.000	  37.458	  80.000	  44.950	  62.000	  58.000	Com1	R	3	50	1	1741
7320	6	65	78.000	  45.359	  61.000	  58.000	  40.205	  88.000	Com2	R	3	50	1	1122
7320	6	66	58.000	  61.000	  55.000	  56.291	  59.000	  52.542	Fill3	R	4	50	1	1359
7320	6	67	96.000	  38.104	  80.000	  45.725	  62.000	  59.000	Com1	R	2	50	3	1812
7320	6	68	78.000	  45.359	  61.000	  58.000	  40.205	  88.000	Com2	R	1	49	1	1191
7320	6	69	59.000	  62.000	  58.000	  54.741	  62.000	  51.903	Fill3	R	4	50	1	1170
7320	6	70	96.000	  36.854	  78.000	  45.359	  61.000	  58.000	Com1	R	1	50	2	1612
7320	6	71	38.879	  91.000	  37.879	  80.123	  39.879	  74.926	Fill5	R	4	50	1	823
7320	6	72	98.000	  37.286	  80.000	  45.675	  63.000	  58.000	Com1	R	6	50	2	930
7320	6	73	38.872	  94.000	  36.872	  84.643	  40.872	  76.262	Fill5	R	3	50	1	903
7320	6	74	49.432	  74.000	  48.432	  65.307	  51.432	  61.576	Fill4	R	3	50	1	604
7320	6	75	96.000	  36.813	  81.000	  43.630	  62.000	  57.000	Com1	R	6	50	2	1279
7320	6	76	39.989	  90.000	  38.989	  78.997	  41.989	  72.757	Fill5	R	2	49	1	983
7320	6	77	39.761	  92.000	  38.761	  81.061	  40.761	  76.421	Fill5	R	4	50	1	666
7320	6	78	79.000	  45.519	  62.000	  58.000	  40.404	  89.000	Com2	R	2	49	1	1498
7320	6	79	95.000	  39.789	  92.000	  36.685	  97.000	  34.392	Fill1	R	4	50	1	906
7320	6	80	80.000	  44.950	  62.000	  58.000	  41.333	  87.000	Com2	R	4	50	1	863
7320	7	1	96.000	  39.375	  95.000	  35.400	  97.000	  33.938	Fill1	R	2	49	1	905
7320	7	2	54.000	  70.000	  53.000	  62.075	  55.000	  60.891	Fill4	R	3	50	1	1018
7320	7	3	41.538	  91.000	  38.538	  84.928	  42.538	  77.013	Fill5	R	4	49	3	1308
7320	7	4	96.000	  38.063	  82.000	  44.561	  63.000	  58.000	Com1	R	2	51	2	1777
7320	7	5	80.000	  43.462	  61.000	  57.000	  40.430	  86.000	Com2	R	3	50	1	2211
7320	7	6	97.000	  36.433	  80.000	  44.175	  62.000	  57.000	Com1	R	4	51	2	838
7320	7	7	88.000	  37.545	  87.000	  32.379	  89.000	  31.607	Fill1	R	6	51	1	1087
7320	7	8	80.000	  44.175	  62.000	  57.000	  40.159	  88.000	Com2	R	6	51	1	735
7320	7	9	39.989	  90.000	  38.989	  78.535	  40.989	  74.581	Fill5	R	5	51	1	2460
7320	7	10	79.000	  47.848	  77.000	  42.935	  82.000	  40.756	Fill2	R	4	50	1	548
7320	7	11	37.124	  89.000	  36.124	  77.595	  38.124	  72.501	Fill5	R	2	51	2	1098
7320	7	12	60.000	  61.000	  59.000	  55.153	  61.000	  52.475	Fill3	R	2	49	1	1466
7320	7	13	60.000	  58.000	  59.000	  52.017	  63.000	  48.873	Fill3	R	3	51	3	1417
7320	7	14	76.000	  45.789	  74.000	  40.743	  78.000	  39.077	Fill2	R	5	51	1	827
7320	7	15	82.000	  44.561	  63.000	  58.000	  41.056	  89.000	Com2	R	5	51	1	1158
7320	7	16	59.000	  61.000	  58.000	  54.052	  61.000	  50.967	Fill3	R	2	49	1	852
7320	7	17	81.000	  44.395	  62.000	  58.000	  41.333	  87.000	Com2	R	3	50	1	1311
7320	7	18	80.000	  44.987	  61.000	  59.000	  40.898	  88.000	Com2	R	3	50	1	529
7320	7	19	77.000	  45.974	  60.000	  59.000	  40.227	  88.000	Com2	R	1	50	2	1254
7320	7	20	95.000	  37.263	  77.000	  45.974	  60.000	  59.000	Com1	R	6	50	2	494
7320	7	21	97.000	  36.433	  80.000	  44.175	  62.000	  57.000	Com1	R	4	51	2	1078
7320	7	22	96.000	  38.719	  82.000	  45.329	  63.000	  59.000	Com1	R	2	49	1	966
7320	7	23	81.000	  44.395	  62.000	  58.000	  40.404	  89.000	Com2	R	5	51	1	730
7320	7	24	96.000	  36.854	  79.000	  44.785	  61.000	  58.000	Com1	R	6	50	2	663
7320	7	25	72.000	  45.889	  69.000	  40.928	  74.000	  39.068	Fill2	R	2	50	3	1238
7320	7	26	80.000	  45.675	  63.000	  58.000	  42.000	  87.000	Com2	R	2	51	2	1006
7320	7	27	91.000	  38.242	  90.000	  33.956	  94.000	  31.851	Fill1	R	2	51	2	625
7320	7	28	80.000	  44.888	  63.000	  57.000	  41.276	  87.000	Com2	R	5	51	1	1012
7320	7	29	75.000	  48.800	  74.000	  42.757	  78.000	  41.474	Fill2	R	1	51	3	838
7320	7	30	96.000	  35.583	  79.000	  43.241	  61.000	  56.000	Com1	R	4	50	1	558
7320	7	31	90.000	  39.989	  87.000	  35.897	  93.000	  34.172	Fill1	R	5	50	3	627
7320	7	32	53.597	  67.000	  52.597	  59.908	  54.597	  57.897	Fill4	R	3	51	3	678
7320	7	33	97.000	  38.320	  82.000	  45.329	  63.000	  59.000	Com1	R	4	50	1	630
7320	7	34	39.101	  89.000	  37.101	  79.566	  41.101	  72.188	Fill5	R	6	51	1	569
7320	7	35	63.000	  59.000	  62.000	  51.984	  64.000	  51.750	Fill3	R	6	51	1	683
7320	7	36	96.000	  37.458	  81.000	  44.395	  62.000	  58.000	Com1	R	5	51	1	987
7320	7	37	79.000	  44.785	  61.000	  58.000	  40.205	  88.000	Com2	R	2	50	3	1406
7320	7	38	49.986	  72.000	  46.986	  66.786	  50.986	  61.056	Fill4	R	4	50	1	976
7320	7	39	59.000	  61.000	  57.000	  55.491	  62.000	  51.194	Fill3	R	5	51	1	690
7320	7	40	95.000	  39.158	  80.000	  46.500	  62.000	  60.000	Com1	R	6	51	1	659
7320	7	41	81.000	  44.333	  63.000	  57.000	  41.276	  87.000	Com2	R	3	50	1	771
7320	7	42	40.667	  90.000	  39.667	  78.908	  42.667	  73.453	Fill5	R	4	50	1	1342
7320	7	43	96.000	  37.490	  80.000	  44.987	  61.000	  59.000	Com1	R	2	49	1	1411
7320	7	44	80.000	  46.500	  62.000	  60.000	  40.879	  91.000	Com2	R	3	50	1	998
7320	7	45	90.000	  39.989	  88.000	  35.773	  92.000	  33.967	Fill1	R	1	49	1	1081
7320	7	46	82.000	  45.329	  63.000	  59.000	  42.239	  88.000	Com2	R	4	50	1	1001
7320	7	47	81.000	  43.630	  62.000	  57.000	  40.159	  88.000	Com2	R	2	50	3	763
7320	7	48	96.000	  36.219	  80.000	  43.462	  61.000	  57.000	Com1	R	3	50	1	457
7320	7	49	50.833	  72.000	  48.833	  65.119	  52.833	  60.473	Fill4	R	4	50	1	593
7320	7	50	78.000	  46.141	  61.000	  59.000	  39.989	  90.000	Com2	R	6	50	2	723
7320	7	51	97.000	  37.021	  81.000	  44.333	  63.000	  57.000	Com1	R	3	50	1	496
7320	7	52	41.276	  87.000	  40.276	  76.398	  42.276	  73.115	Fill5	R	5	51	1	1352
7320	7	53	79.000	  43.241	  61.000	  56.000	  39.264	  87.000	Com2	R	5	50	3	1486
7320	7	54	97.000	  37.072	  80.000	  44.950	  62.000	  58.000	Com1	R	4	50	1	557
7320	7	55	94.000	  38.287	  78.000	  46.141	  61.000	  59.000	Com1	R	3	50	1	530
7320	7	56	42.239	  88.000	  41.239	  77.937	  43.239	  73.476	Fill5	R	5	51	1	1336
7320	7	57	74.000	  48.635	  72.000	  43.250	  76.000	  40.895	Fill2	R	4	50	1	526
7320	7	58	93.000	  39.355	  91.000	  35.022	  94.000	  33.681	Fill1	R	4	50	1	515
7320	7	59	49.986	  72.000	  47.986	  66.144	  50.986	  61.370	Fill4	R	5	51	1	601
7320	7	60	78.000	  46.038	  77.000	  40.169	  79.000	  40.253	Fill2	R	5	51	1	667
7320	7	61	52.352	  71.000	  51.352	  63.425	  54.352	  59.556	Fill4	R	4	50	1	459
7320	7	62	49.714	  70.000	  47.714	  64.299	  50.714	  59.431	Fill4	R	1	49	1	819
7320	7	63	95.000	  37.200	  81.000	  43.630	  62.000	  57.000	Com1	R	2	50	3	510
7320	7	64	98.000	  37.286	  80.000	  45.675	  63.000	  58.000	Com1	R	5	50	3	482
7320	7	65	94.000	  37.638	  79.000	  44.785	  61.000	  58.000	Com1	R	5	51	1	538
7320	7	66	95.000	  37.853	  81.000	  44.395	  62.000	  58.000	Com1	R	2	51	2	640
7320	7	67	79.000	  44.785	  61.000	  58.000	  39.753	  89.000	Com2	R	2	49	1	416
7320	7	68	56.000	  59.000	  55.000	  52.073	  58.000	  49.069	Fill3	R	5	51	1	635
7320	7	69	95.000	  39.126	  94.000	  34.543	  96.000	  34.000	Fill1	R	5	50	3	554
7320	7	70	80.000	  44.950	  62.000	  58.000	  41.333	  87.000	Com2	R	3	49	2	1136
7320	7	71	39.989	  90.000	  37.989	  80.445	  40.989	  75.142	Fill5	R	5	50	3	621
7320	7	72	82.000	  45.329	  63.000	  59.000	  41.300	  90.000	Com2	R	4	51	2	1408
7320	7	73	79.000	  47.051	  76.000	  43.197	  81.000	  40.654	Fill2	R	4	50	1	850
7320	7	74	75.000	  47.987	  74.000	  42.122	  78.000	  40.859	Fill2	R	3	50	1	954
7320	7	75	96.000	  37.406	  80.000	  44.888	  63.000	  57.000	Com1	R	3	49	2	1216
7320	7	76	63.000	  60.000	  61.000	  54.754	  64.000	  52.578	Fill3	R	5	51	1	970
7320	7	77	96.000	  37.406	  95.000	  33.063	  99.000	  31.576	Fill1	R	2	49	1	893
7320	7	78	47.884	  69.000	  44.884	  63.541	  49.884	  57.233	Fill4	R	5	51	1	1109
7320	7	79	80.000	  44.175	  62.000	  57.000	  40.621	  87.000	Com2	R	6	50	2	1138
7320	7	80	63.000	  57.000	  61.000	  51.656	  66.000	  47.879	Fill3	R	2	50	3	625
7320	8	1	88.000	  38.818	  87.000	  33.644	  89.000	  33.393	Fill1	R	2	49	1	1833
7320	8	2	39.989	  90.000	  38.989	  78.946	  40.989	  74.874	Fill5	R	3	51	3	1056
7320	8	3	97.000	  36.433	  81.000	  43.630	  62.000	  57.000	Com1	R	6	50	2	688
7320	8	4	94.000	  40.234	  91.000	  36.132	  97.000	  34.134	Fill1	R	3	50	1	496
7320	8	5	96.000	  37.458	  81.000	  44.395	  62.000	  58.000	Com1	R	2	51	2	1128
7320	8	6	96.000	  36.219	  78.000	  44.577	  61.000	  57.000	Com1	R	1	50	2	532
7320	8	7	93.000	  38.065	  76.000	  46.579	  59.000	  60.000	Com1	R	2	49	1	1017
7320	8	8	93.000	  39.355	  91.000	  34.769	  95.000	  33.642	Fill1	R	6	51	1	876
7320	8	9	95.000	  37.200	  80.000	  44.175	  62.000	  57.000	Com1	R	5	49	2	1621
7320	8	10	97.000	  38.320	  81.000	  45.889	  63.000	  59.000	Com1	R	5	51	1	752
7320	8	11	95.000	  37.853	  80.000	  44.950	  62.000	  58.000	Com1	R	4	49	3	1021
7320	8	12	75.000	  46.400	  74.000	  41.041	  76.000	  39.539	Fill2	R	6	51	1	640
7320	8	13	93.000	  37.419	  92.000	  33.424	  95.000	  31.737	Fill1	R	2	49	1	656
7320	8	14	47.444	  72.000	  46.444	  63.043	  49.444	  59.258	Fill4	R	3	50	1	1232
7320	8	15	50.690	  71.000	  49.690	  62.809	  51.690	  61.346	Fill4	R	3	51	3	762
7320	8	16	81.000	  44.395	  62.000	  58.000	  40.404	  89.000	Com2	R	5	50	3	565
7320	8	17	76.000	  45.789	  74.000	  40.608	  77.000	  39.610	Fill2	R	3	50	1	666
7320	8	18	60.000	  58.000	  58.000	  51.828	  63.000	  47.349	Fill3	R	4	50	1	887
7320	8	19	81.000	  44.395	  62.000	  58.000	  40.864	  88.000	Com2	R	3	49	2	833
7320	8	20	80.000	  44.225	  61.000	  58.000	  39.753	  89.000	Com2	R	3	49	2	825
7320	8	21	78.000	  45.359	  61.000	  58.000	  40.205	  88.000	Com2	R	5	50	3	900
7320	8	22	75.000	  46.400	  72.000	  41.625	  78.000	  38.821	Fill2	R	3	50	1	745
7320	8	23	96.000	  37.490	  79.000	  45.557	  61.000	  59.000	Com1	R	2	51	2	967
7320	8	24	94.000	  37.021	  79.000	  44.051	  60.000	  58.000	Com1	R	2	51	2	1193
7320	8	25	80.000	  44.987	  61.000	  59.000	  40.898	  88.000	Com2	R	5	51	1	1540
7320	8	26	78.000	  44.577	  61.000	  57.000	  39.966	  87.000	Com2	R	6	50	2	1137
7320	8	27	81.000	  44.395	  62.000	  58.000	  40.864	  88.000	Com2	R	6	50	2	1040
7320	8	28	40.000	  87.000	  37.000	  80.297	  41.000	  71.659	Fill5	R	2	49	1	752
7320	8	29	52.528	  72.000	  51.528	  65.518	  53.528	  63.070	Fill4	R	3	50	1	2732
7320	8	30	49.714	  70.000	  47.714	  62.937	  50.714	  59.392	Fill4	R	2	49	1	921
7320	8	31	79.000	  45.557	  61.000	  59.000	  40.438	  89.000	Com2	R	3	49	2	1407
7320	8	32	95.000	  38.505	  79.000	  46.304	  62.000	  59.000	Com1	R	2	50	3	689
7320	8	33	80.000	  44.175	  62.000	  57.000	  40.159	  88.000	Com2	R	2	50	3	1233
7320	8	34	94.000	  38.287	  78.000	  46.141	  61.000	  59.000	Com1	R	1	49	1	1321
7320	8	35	91.000	  38.242	  89.000	  34.393	  93.000	  32.828	Fill1	R	1	49	1	799
7320	8	36	80.000	  44.950	  62.000	  58.000	  40.404	  89.000	Com2	R	6	51	1	873
7320	8	37	74.000	  49.459	  71.000	  44.803	  76.000	  42.526	Fill2	R	5	51	1	1233
7320	8	38	61.000	  59.000	  59.000	  53.000	  63.000	  50.143	Fill3	R	4	50	1	1305
7320	8	39	76.000	  47.355	  73.000	  43.466	  78.000	  40.949	Fill2	R	5	49	2	1007
7320	8	40	51.549	  71.000	  50.549	  63.819	  52.549	  61.713	Fill4	R	4	50	1	816
7320	8	41	60.000	  58.000	  57.000	  52.965	  61.000	  50.393	Fill3	R	2	49	1	1036
7320	8	42	49.714	  70.000	  47.714	  63.189	  51.714	  58.630	Fill4	R	5	51	1	716
7320	8	43	78.000	  46.141	  61.000	  59.000	  40.438	  89.000	Com2	R	4	51	2	905
7320	8	44	41.560	  91.000	  38.560	  84.543	  42.560	  76.691	Fill5	R	3	51	3	591
7320	8	45	60.000	  58.000	  57.000	  52.895	  63.000	  48.762	Fill3	R	5	50	3	929
7320	8	46	91.000	  38.242	  89.000	  34.213	  94.000	  32.138	Fill1	R	5	49	2	775
7320	8	47	77.000	  49.117	  75.000	  45.013	  80.000	  42.275	Fill2	R	3	51	3	593
7320	8	48	97.000	  37.021	  82.000	  43.793	  63.000	  57.000	Com1	R	5	50	3	516
7320	8	49	96.000	  38.719	  82.000	  45.329	  63.000	  59.000	Com1	R	5	50	3	569
7320	8	50	56.000	  61.000	  53.000	  55.340	  57.000	  51.439	Fill3	R	6	51	1	636
7320	8	51	96.000	  36.854	  80.000	  44.225	  61.000	  58.000	Com1	R	4	49	3	588
7320	8	52	81.000	  45.889	  63.000	  59.000	  41.300	  90.000	Com2	R	5	51	1	1263
7320	8	53	76.000	  45.789	  73.000	  41.205	  79.000	  37.772	Fill2	R	6	51	1	774
7320	8	54	37.956	  90.000	  35.956	  81.017	  38.956	  73.776	Fill5	R	4	49	3	912
7320	8	55	79.000	  46.304	  62.000	  59.000	  41.568	  88.000	Com2	R	5	49	2	1462
7320	8	56	72.000	  47.444	  71.000	  41.620	  74.000	  40.581	Fill2	R	3	50	1	1094
7320	8	57	80.000	  44.950	  62.000	  58.000	  40.864	  88.000	Com2	R	2	49	1	1414
7320	8	58	40.000	  87.000	  38.000	  78.237	  41.000	  72.024	Fill5	R	4	50	1	3401
7320	8	59	81.000	  43.630	  62.000	  57.000	  41.093	  86.000	Com2	R	1	49	1	1388
7320	8	60	79.000	  44.051	  60.000	  58.000	  39.545	  88.000	Com2	R	4	50	1	927
7320	8	61	60.000	  61.000	  59.000	  54.542	  62.000	  52.548	Fill3	R	5	49	2	1284
7320	8	62	96.000	  38.063	  81.000	  45.111	  63.000	  58.000	Com1	R	4	51	2	1947
7320	8	63	82.000	  45.329	  63.000	  59.000	  42.239	  88.000	Com2	R	4	50	1	1000
7320	8	64	60.000	  58.000	  58.000	  51.569	  61.000	  49.148	Fill3	R	3	49	2	1340
7320	8	65	49.714	  70.000	  46.714	  65.890	  51.714	  57.818	Fill4	R	4	50	1	976
7320	8	66	93.000	  38.699	  92.000	  34.228	  96.000	  33.188	Fill1	R	4	51	2	1027
7320	8	67	92.000	  37.826	  90.000	  33.133	  94.000	  31.862	Fill1	R	3	50	1	902
7320	8	68	97.000	  37.072	  80.000	  44.950	  62.000	  58.000	Com1	R	1	50	2	843
7320	8	69	39.101	  89.000	  36.101	  82.103	  41.101	  71.774	Fill5	R	6	50	2	1235
7320	8	70	81.000	  45.111	  63.000	  58.000	  41.056	  89.000	Com2	R	4	50	1	1180
7320	8	71	96.000	  37.458	  81.000	  44.395	  62.000	  58.000	Com1	R	6	50	2	871
7320	8	72	97.000	  37.072	  81.000	  44.395	  62.000	  58.000	Com1	R	3	49	2	1198
7320	8	73	39.545	  88.000	  37.545	  79.104	  40.545	  73.473	Fill5	R	2	49	1	872
7320	8	74	76.000	  46.579	  59.000	  60.000	  39.775	  89.000	Com2	R	6	49	3	1152
7320	8	75	61.000	  62.000	  59.000	  56.458	  63.000	  53.333	Fill3	R	1	49	1	1103
7320	8	76	95.000	  37.242	  78.000	  45.359	  61.000	  58.000	Com1	R	3	49	2	891
7320	8	77	51.176	  68.000	  48.176	  62.188	  53.176	  57.826	Fill4	R	2	49	1	563
7320	8	78	95.000	  37.884	  80.000	  44.987	  61.000	  59.000	Com1	R	2	50	3	536
7320	8	79	82.000	  43.793	  63.000	  57.000	  41.276	  87.000	Com2	R	4	51	2	814
7320	8	80	39.783	  92.000	  37.783	  83.372	  40.783	  76.945	Fill5	R	4	49	3	712
7320	9	1	58.000	  63.000	  57.000	  56.649	  61.000	  51.852	Fill3	R	3	50	1	1889
7320	9	2	39.761	  92.000	  38.761	  81.061	  40.761	  76.421	Fill5	R	6	49	3	714
7320	9	3	61.000	  59.000	  59.000	  53.017	  62.000	  51.194	Fill3	R	3	51	3	904
7320	9	4	58.000	  61.000	  55.000	  56.291	  59.000	  52.542	Fill3	R	4	50	1	335
7320	9	5	96.000	  38.063	  82.000	  44.561	  63.000	  58.000	Com1	R	3	50	1	939
7320	9	6	96.000	  36.854	  78.000	  45.359	  61.000	  58.000	Com1	R	2	51	2	1184
7320	9	7	96.000	  37.458	  79.000	  45.519	  62.000	  58.000	Com1	R	3	49	2	635
7320	9	8	48.466	  73.000	  46.466	  65.984	  50.466	  62.002	Fill4	R	4	49	3	795
7320	9	9	59.000	  62.000	  58.000	  54.741	  62.000	  51.903	Fill3	R	5	51	1	710
7320	9	10	93.000	  38.699	  90.000	  35.456	  95.000	  33.621	Fill1	R	6	50	2	627
7320	9	11	98.000	  35.357	  81.000	  42.778	  63.000	  55.000	Com1	R	4	51	2	1078
7320	9	12	91.000	  40.198	  88.000	  36.534	  92.000	  35.130	Fill1	R	4	49	3	662
7320	9	13	79.000	  45.519	  62.000	  58.000	  40.404	  89.000	Com2	R	2	49	1	1221
7320	9	14	53.239	  71.000	  51.239	  64.130	  54.239	  61.800	Fill4	R	4	50	1	1727
7320	9	15	78.000	  45.359	  61.000	  58.000	  39.753	  89.000	Com2	R	4	51	2	1894
7320	9	16	59.000	  62.000	  56.000	  57.821	  62.000	  52.468	Fill3	R	2	50	3	1061
7320	9	17	97.000	  37.072	  79.000	  45.519	  62.000	  58.000	Com1	R	3	49	2	405
7320	9	18	97.000	  37.072	  81.000	  44.395	  62.000	  58.000	Com1	R	5	49	2	1087
7320	9	19	82.000	  44.561	  63.000	  58.000	  41.523	  88.000	Com2	R	3	50	1	1167
7320	9	20	49.432	  74.000	  46.432	  69.650	  50.432	  64.026	Fill4	R	4	50	1	635
7320	9	21	95.000	  37.242	  78.000	  45.359	  61.000	  58.000	Com1	R	2	49	1	651
7320	9	22	94.000	  37.638	  78.000	  45.359	  61.000	  58.000	Com1	R	2	49	1	1115
7320	9	23	74.000	  49.378	  72.000	  44.236	  76.000	  42.474	Fill2	R	3	50	1	1672
7320	9	24	81.000	  43.630	  62.000	  57.000	  40.621	  87.000	Com2	R	4	51	2	1007
7320	9	25	38.879	  91.000	  37.879	  80.123	  39.879	  74.926	Fill5	R	4	49	3	738
7320	9	26	90.000	  39.311	  87.000	  35.356	  93.000	  33.183	Fill1	R	2	49	1	959
7320	9	27	94.000	  40.213	  93.000	  36.290	  96.000	  34.271	Fill1	R	2	49	1	726
7320	9	28	49.432	  74.000	  48.432	  65.307	  51.432	  61.576	Fill4	R	5	51	1	2114
7320	9	29	91.000	  40.154	  90.000	  35.444	  94.000	  34.011	Fill1	R	5	51	1	3063
7320	9	30	91.000	  40.198	  89.000	  36.506	  93.000	  34.839	Fill1	R	5	51	1	967
7320	9	31	74.000	  49.432	  71.000	  45.451	  77.000	  41.636	Fill2	R	4	50	1	1658
7320	9	32	79.000	  46.304	  62.000	  59.000	  41.101	  89.000	Com2	R	4	51	2	1074
7320	9	33	42.000	  90.000	  39.000	  84.077	  43.000	  75.558	Fill5	R	4	51	2	882
7320	9	34	50.690	  71.000	  47.690	  66.974	  52.690	  59.537	Fill4	R	3	51	3	842
7320	9	35	38.872	  94.000	  36.872	  84.643	  40.872	  76.262	Fill5	R	5	51	1	1650
7320	9	36	96.000	  38.104	  79.000	  46.304	  62.000	  59.000	Com1	R	6	50	2	1115
7320	9	37	80.000	  45.675	  63.000	  58.000	  41.523	  88.000	Com2	R	2	50	3	887
7320	9	38	51.429	  70.000	  48.429	  64.982	  52.429	  59.624	Fill4	R	2	49	1	1167
7320	9	39	96.000	  36.813	  81.000	  43.630	  62.000	  57.000	Com1	R	3	50	1	1658
7320	9	40	96.000	  37.458	  81.000	  44.395	  62.000	  58.000	Com1	R	5	49	2	1122
7320	9	41	94.000	  37.638	  78.000	  45.359	  61.000	  58.000	Com1	R	5	51	1	1359
7320	9	42	80.000	  45.725	  62.000	  59.000	  41.101	  89.000	Com2	R	6	50	2	3316
7320	9	43	78.000	  45.359	  61.000	  58.000	  40.205	  88.000	Com2	R	4	50	1	1209
7320	9	44	40.198	  91.000	  38.198	  82.178	  41.198	  76.290	Fill5	R	5	49	2	4469
7320	9	45	93.000	  38.710	  91.000	  34.747	  95.000	  33.432	Fill1	R	4	50	1	685
7320	9	46	98.000	  38.531	  82.000	  46.049	  64.000	  59.000	Com1	R	2	51	2	1021
7320	9	47	81.000	  44.395	  62.000	  58.000	  41.333	  87.000	Com2	R	3	50	1	1103
7320	9	48	81.000	  45.111	  63.000	  58.000	  41.056	  89.000	Com2	R	3	50	1	1037
7320	9	49	52.500	  72.000	  50.500	  65.069	  53.500	  62.729	Fill4	R	4	50	1	701
7320	9	50	80.000	  44.950	  62.000	  58.000	  41.333	  87.000	Com2	R	2	50	3	1210
7320	9	51	40.000	  90.000	  38.000	  81.132	  41.000	  74.902	Fill5	R	3	50	1	1028
7320	9	52	78.000	  45.359	  61.000	  58.000	  40.205	  88.000	Com2	R	6	51	1	1622
7320	9	53	72.000	  49.139	  69.000	  44.899	  75.000	  41.760	Fill2	R	5	51	1	705
7320	9	54	75.000	  47.987	  72.000	  43.903	  78.000	  40.705	Fill2	R	4	50	1	654
7320	9	55	63.000	  60.000	  60.000	  56.267	  66.000	  51.167	Fill3	R	6	49	3	1294
7320	9	56	81.000	  42.778	  63.000	  55.000	  40.765	  85.000	Com2	R	4	51	2	1846
7320	9	57	78.000	  45.359	  61.000	  58.000	  40.205	  88.000	Com2	R	5	51	1	870
7320	9	58	76.000	  47.368	  75.000	  41.533	  78.000	  40.154	Fill2	R	6	51	1	590
7320	9	59	41.538	  91.000	  39.538	  81.693	  42.538	  76.213	Fill5	R	3	51	3	769
7320	9	60	48.720	  75.000	  47.720	  66.241	  50.720	  63.131	Fill4	R	3	50	1	989
7320	9	61	98.000	  37.286	  80.000	  45.675	  63.000	  58.000	Com1	R	5	50	3	783
7320	9	62	79.000	  44.785	  61.000	  58.000	  39.753	  89.000	Com2	R	4	50	1	490
7320	9	63	96.000	  38.063	  82.000	  44.561	  63.000	  58.000	Com1	R	5	49	2	1377
7320	9	64	78.000	  48.462	  76.000	  43.579	  80.000	  42.163	Fill2	R	2	49	1	804
7320	9	65	96.000	  38.104	  80.000	  45.725	  62.000	  59.000	Com1	R	2	51	2	814
7320	9	66	79.000	  45.519	  62.000	  58.000	  41.333	  87.000	Com2	R	4	50	1	633
7320	9	67	82.000	  45.329	  63.000	  59.000	  41.300	  90.000	Com2	R	3	50	1	585
7320	9	68	39.989	  90.000	  38.989	  78.997	  41.989	  72.757	Fill5	R	4	50	1	1020
7320	9	69	63.000	  60.000	  61.000	  54.967	  65.000	  51.262	Fill3	R	3	50	1	910
7320	9	70	81.000	  44.395	  62.000	  58.000	  40.404	  89.000	Com2	R	4	50	1	1359
7320	9	71	98.000	  37.286	  81.000	  45.111	  63.000	  58.000	Com1	R	2	51	2	889
7320	9	72	96.000	  38.719	  82.000	  45.329	  63.000	  59.000	Com1	R	6	50	2	657
7320	9	73	78.000	  48.462	  77.000	  43.260	  79.000	  41.646	Fill2	R	2	49	1	1009
7320	9	74	82.000	  44.561	  63.000	  58.000	  41.056	  89.000	Com2	R	4	50	1	1268
7320	9	75	96.000	  37.458	  80.000	  44.950	  62.000	  58.000	Com1	R	5	49	2	811
7320	9	76	82.000	  46.049	  64.000	  59.000	  42.909	  88.000	Com2	R	2	49	1	645
7320	9	77	95.000	  39.789	  92.000	  36.685	  97.000	  34.392	Fill1	R	3	50	1	485
7320	9	78	60.000	  60.000	  59.000	  52.559	  63.000	  50.397	Fill3	R	3	51	3	623
7320	9	79	96.000	  36.854	  79.000	  44.785	  61.000	  58.000	Com1	R	4	51	2	561
7320	9	80	74.000	  49.432	  73.000	  43.753	  76.000	  42.276	Fill2	R	2	50	3	310
