username: 7340, Experiment time (minutes): 40
Operating system: Windows 7
Manufacturer: Adobe Windows
Player type: PlugIn
Version: WIN 10,3,183,10

username	blkNum	trlNum	Rect1Height	Rect1Width	Rect2Height	Rect2Width	Rect3Height	Rect3Width	Effect	StimType	StimPosition	rawResp	response	RT
7340	0	1	92.000	  41.109	  76.000	  49.763	  61.000	  62.000	Com1	R	2	50	3	7269
7340	0	2	73.000	  50.110	  59.000	  62.000	  50.110	  73.000	Com2	R	3	49	2	5643
7340	0	3	59.000	  59.000	  58.000	  52.224	  60.000	  49.917	Fill3	R	2	49	1	2819
7340	1	1	97.000	  37.021	  81.000	  44.333	  63.000	  57.000	Com1	R	4	49	3	6257
7340	1	2	96.000	  37.406	  95.000	  33.063	  99.000	  31.576	Fill1	R	3	50	1	6790
7340	1	3	81.000	  43.630	  62.000	  57.000	  40.159	  88.000	Com2	R	5	49	2	2112
7340	1	4	54.000	  70.000	  53.000	  62.075	  55.000	  60.891	Fill4	R	3	50	1	3558
7340	1	5	80.000	  46.500	  62.000	  60.000	  40.879	  91.000	Com2	R	3	49	2	3987
7340	1	6	63.000	  60.000	  61.000	  54.754	  64.000	  52.578	Fill3	R	6	51	1	1838
7340	1	7	79.000	  44.785	  61.000	  58.000	  40.205	  88.000	Com2	R	3	49	2	1405
7340	1	8	49.986	  72.000	  47.986	  66.144	  50.986	  61.370	Fill4	R	1	49	1	4512
7340	1	9	80.000	  44.888	  63.000	  57.000	  41.276	  87.000	Com2	R	5	49	2	1526
7340	1	10	41.538	  91.000	  38.538	  84.928	  42.538	  77.013	Fill5	R	4	50	1	5316
7340	1	11	41.276	  87.000	  40.276	  76.398	  42.276	  73.115	Fill5	R	3	50	1	2280
7340	1	12	98.000	  37.286	  80.000	  45.675	  63.000	  58.000	Com1	R	1	51	3	3047
7340	1	13	52.352	  71.000	  51.352	  63.425	  54.352	  59.556	Fill4	R	3	50	1	1335
7340	1	14	82.000	  45.329	  63.000	  59.000	  41.300	  90.000	Com2	R	2	49	1	4974
7340	1	15	90.000	  39.989	  88.000	  35.773	  92.000	  33.967	Fill1	R	1	49	1	1376
7340	1	16	56.000	  59.000	  55.000	  52.073	  58.000	  49.069	Fill3	R	2	49	1	1747
7340	1	17	90.000	  39.989	  87.000	  35.897	  93.000	  34.172	Fill1	R	5	51	1	808
7340	1	18	96.000	  36.854	  79.000	  44.785	  61.000	  58.000	Com1	R	3	49	2	1794
7340	1	19	97.000	  37.072	  80.000	  44.950	  62.000	  58.000	Com1	R	2	50	3	1621
7340	1	20	82.000	  44.561	  63.000	  58.000	  41.056	  89.000	Com2	R	6	50	2	3503
7340	1	21	49.986	  72.000	  46.986	  66.786	  50.986	  61.056	Fill4	R	2	49	1	941
7340	1	22	96.000	  37.490	  80.000	  44.987	  61.000	  59.000	Com1	R	4	49	3	626
7340	1	23	80.000	  43.462	  61.000	  57.000	  40.430	  86.000	Com2	R	3	49	2	646
7340	1	24	78.000	  46.141	  61.000	  59.000	  39.989	  90.000	Com2	R	4	51	2	661
7340	1	25	93.000	  39.355	  91.000	  35.022	  94.000	  33.681	Fill1	R	4	50	1	805
7340	1	26	80.000	  44.987	  61.000	  59.000	  40.898	  88.000	Com2	R	3	49	2	6238
7340	1	27	39.989	  90.000	  37.989	  80.445	  40.989	  75.142	Fill5	R	5	51	1	879
7340	1	28	95.000	  37.200	  81.000	  43.630	  62.000	  57.000	Com1	R	6	49	3	967
7340	1	29	96.000	  37.458	  81.000	  44.395	  62.000	  58.000	Com1	R	6	49	3	842
7340	1	30	53.597	  67.000	  52.597	  59.908	  54.597	  57.897	Fill4	R	6	51	1	994
7340	1	31	79.000	  44.785	  61.000	  58.000	  39.753	  89.000	Com2	R	4	51	2	1382
7340	1	32	76.000	  45.789	  74.000	  40.743	  78.000	  39.077	Fill2	R	1	49	1	1239
7340	1	33	60.000	  58.000	  59.000	  52.017	  63.000	  48.873	Fill3	R	2	49	1	1887
7340	1	34	97.000	  38.320	  82.000	  45.329	  63.000	  59.000	Com1	R	2	50	3	1919
7340	1	35	81.000	  44.395	  62.000	  58.000	  40.404	  89.000	Com2	R	1	50	2	716
7340	1	36	94.000	  37.638	  79.000	  44.785	  61.000	  58.000	Com1	R	3	51	3	697
7340	1	37	95.000	  39.126	  94.000	  34.543	  96.000	  34.000	Fill1	R	1	50	2	4793
7340	1	38	95.000	  39.158	  80.000	  46.500	  62.000	  60.000	Com1	R	1	51	3	1156
7340	1	39	96.000	  37.406	  80.000	  44.888	  63.000	  57.000	Com1	R	1	51	3	562
7340	1	40	94.000	  38.287	  78.000	  46.141	  61.000	  59.000	Com1	R	4	49	3	2519
7340	1	41	97.000	  36.433	  80.000	  44.175	  62.000	  57.000	Com1	R	6	49	3	669
7340	1	42	96.000	  38.719	  82.000	  45.329	  63.000	  59.000	Com1	R	3	51	3	637
7340	1	43	49.714	  70.000	  47.714	  64.299	  50.714	  59.431	Fill4	R	6	51	1	2636
7340	1	44	81.000	  44.333	  63.000	  57.000	  41.276	  87.000	Com2	R	2	51	2	844
7340	1	45	82.000	  45.329	  63.000	  59.000	  42.239	  88.000	Com2	R	2	51	2	1172
7340	1	46	60.000	  61.000	  59.000	  55.153	  61.000	  52.475	Fill3	R	2	49	1	958
7340	1	47	78.000	  46.038	  77.000	  40.169	  79.000	  40.253	Fill2	R	2	49	1	788
7340	1	48	59.000	  61.000	  57.000	  55.491	  62.000	  51.194	Fill3	R	2	51	2	638
7340	1	49	96.000	  38.063	  82.000	  44.561	  63.000	  58.000	Com1	R	2	50	3	2591
7340	1	50	80.000	  44.175	  62.000	  57.000	  40.621	  87.000	Com2	R	4	51	2	6320
7340	1	51	75.000	  48.800	  74.000	  42.757	  78.000	  41.474	Fill2	R	2	49	1	1358
7340	1	52	79.000	  47.848	  77.000	  42.935	  82.000	  40.756	Fill2	R	5	51	1	868
7340	1	53	80.000	  44.175	  62.000	  57.000	  40.159	  88.000	Com2	R	5	49	2	1356
7340	1	54	72.000	  45.889	  69.000	  40.928	  74.000	  39.068	Fill2	R	5	51	1	865
7340	1	55	37.124	  89.000	  36.124	  77.595	  38.124	  72.501	Fill5	R	5	50	3	2298
7340	1	56	77.000	  45.974	  60.000	  59.000	  40.227	  88.000	Com2	R	2	51	2	937
7340	1	57	91.000	  38.242	  90.000	  33.956	  94.000	  31.851	Fill1	R	3	50	1	606
7340	1	58	96.000	  36.219	  80.000	  43.462	  61.000	  57.000	Com1	R	2	50	3	1601
7340	1	59	96.000	  39.375	  95.000	  35.400	  97.000	  33.938	Fill1	R	1	49	1	716
7340	1	60	95.000	  37.263	  77.000	  45.974	  60.000	  59.000	Com1	R	5	49	2	841
7340	1	61	74.000	  48.635	  72.000	  43.250	  76.000	  40.895	Fill2	R	3	50	1	656
7340	1	62	39.989	  90.000	  38.989	  78.535	  40.989	  74.581	Fill5	R	6	51	1	736
7340	1	63	75.000	  47.987	  74.000	  42.122	  78.000	  40.859	Fill2	R	5	51	1	605
7340	1	64	42.239	  88.000	  41.239	  77.937	  43.239	  73.476	Fill5	R	2	49	1	688
7340	1	65	59.000	  61.000	  58.000	  54.052	  61.000	  50.967	Fill3	R	5	51	1	672
7340	1	66	50.833	  72.000	  48.833	  65.119	  52.833	  60.473	Fill4	R	3	51	3	1008
7340	1	67	63.000	  59.000	  62.000	  51.984	  64.000	  51.750	Fill3	R	4	50	1	531
7340	1	68	39.101	  89.000	  37.101	  79.566	  41.101	  72.188	Fill5	R	2	49	1	681
7340	1	69	63.000	  57.000	  61.000	  51.656	  66.000	  47.879	Fill3	R	4	50	1	521
7340	1	70	80.000	  45.675	  63.000	  58.000	  42.000	  87.000	Com2	R	4	50	1	990
7340	1	71	97.000	  36.433	  80.000	  44.175	  62.000	  57.000	Com1	R	1	51	3	577
7340	1	72	40.667	  90.000	  39.667	  78.908	  42.667	  73.453	Fill5	R	6	51	1	532
7340	1	73	96.000	  35.583	  79.000	  43.241	  61.000	  56.000	Com1	R	2	50	3	617
7340	1	74	79.000	  47.051	  76.000	  43.197	  81.000	  40.654	Fill2	R	1	49	1	668
7340	1	75	95.000	  37.853	  81.000	  44.395	  62.000	  58.000	Com1	R	2	50	3	603
7340	1	76	47.884	  69.000	  44.884	  63.541	  49.884	  57.233	Fill4	R	2	49	1	1373
7340	1	77	79.000	  43.241	  61.000	  56.000	  39.264	  87.000	Com2	R	1	50	2	640
7340	1	78	81.000	  44.395	  62.000	  58.000	  41.333	  87.000	Com2	R	3	49	2	1760
7340	1	79	80.000	  44.950	  62.000	  58.000	  41.333	  87.000	Com2	R	5	49	2	981
7340	1	80	88.000	  37.545	  87.000	  32.379	  89.000	  31.607	Fill1	R	5	51	1	808
7340	2	1	61.000	  59.000	  59.000	  53.000	  63.000	  50.143	Fill3	R	3	50	1	6228
7340	2	2	82.000	  45.329	  63.000	  59.000	  42.239	  88.000	Com2	R	6	50	2	632
7340	2	3	40.000	  87.000	  38.000	  78.237	  41.000	  72.024	Fill5	R	3	50	1	715
7340	2	4	49.714	  70.000	  47.714	  63.189	  51.714	  58.630	Fill4	R	5	50	3	1128
7340	2	5	97.000	  37.072	  80.000	  44.950	  62.000	  58.000	Com1	R	2	50	3	1045
7340	2	6	97.000	  36.433	  81.000	  43.630	  62.000	  57.000	Com1	R	2	50	3	693
7340	2	7	49.714	  70.000	  47.714	  62.937	  50.714	  59.392	Fill4	R	3	50	1	565
7340	2	8	79.000	  45.557	  61.000	  59.000	  40.438	  89.000	Com2	R	2	51	2	763
7340	2	9	79.000	  46.304	  62.000	  59.000	  41.568	  88.000	Com2	R	6	50	2	568
7340	2	10	76.000	  45.789	  74.000	  40.608	  77.000	  39.610	Fill2	R	1	51	3	571
7340	2	11	41.560	  91.000	  38.560	  84.543	  42.560	  76.691	Fill5	R	3	51	3	1101
7340	2	12	51.176	  68.000	  48.176	  62.188	  53.176	  57.826	Fill4	R	4	50	1	475
7340	2	13	60.000	  58.000	  58.000	  51.828	  63.000	  47.349	Fill3	R	5	51	1	850
7340	2	14	96.000	  38.719	  82.000	  45.329	  63.000	  59.000	Com1	R	3	51	3	2554
7340	2	15	39.101	  89.000	  36.101	  82.103	  41.101	  71.774	Fill5	R	4	51	2	1391
7340	2	16	37.956	  90.000	  35.956	  81.017	  38.956	  73.776	Fill5	R	6	51	1	898
7340	2	17	61.000	  62.000	  59.000	  56.458	  63.000	  53.333	Fill3	R	6	51	1	714
7340	2	18	60.000	  61.000	  59.000	  54.542	  62.000	  52.548	Fill3	R	6	51	1	952
7340	2	19	81.000	  45.889	  63.000	  59.000	  41.300	  90.000	Com2	R	5	49	2	1517
7340	2	20	96.000	  36.854	  80.000	  44.225	  61.000	  58.000	Com1	R	5	50	3	699
7340	2	21	60.000	  58.000	  57.000	  52.895	  63.000	  48.762	Fill3	R	2	49	1	763
7340	2	22	39.989	  90.000	  38.989	  78.946	  40.989	  74.874	Fill5	R	1	49	1	792
7340	2	23	82.000	  43.793	  63.000	  57.000	  41.276	  87.000	Com2	R	4	51	2	947
7340	2	24	80.000	  44.950	  62.000	  58.000	  40.864	  88.000	Com2	R	4	51	2	775
7340	2	25	72.000	  47.444	  71.000	  41.620	  74.000	  40.581	Fill2	R	3	50	1	578
7340	2	26	96.000	  37.458	  81.000	  44.395	  62.000	  58.000	Com1	R	4	49	3	1012
7340	2	27	91.000	  38.242	  89.000	  34.213	  94.000	  32.138	Fill1	R	5	51	1	551
7340	2	28	96.000	  36.219	  78.000	  44.577	  61.000	  57.000	Com1	R	2	51	2	588
7340	2	29	80.000	  44.225	  61.000	  58.000	  39.753	  89.000	Com2	R	6	50	2	639
7340	2	30	96.000	  37.458	  81.000	  44.395	  62.000	  58.000	Com1	R	2	50	3	607
7340	2	31	92.000	  37.826	  90.000	  33.133	  94.000	  31.862	Fill1	R	2	49	1	706
7340	2	32	81.000	  44.395	  62.000	  58.000	  40.864	  88.000	Com2	R	6	50	2	703
7340	2	33	79.000	  44.051	  60.000	  58.000	  39.545	  88.000	Com2	R	4	51	2	1244
7340	2	34	91.000	  38.242	  89.000	  34.393	  93.000	  32.828	Fill1	R	2	49	1	1028
7340	2	35	81.000	  44.395	  62.000	  58.000	  40.864	  88.000	Com2	R	4	51	2	951
7340	2	36	76.000	  47.355	  73.000	  43.466	  78.000	  40.949	Fill2	R	4	50	1	796
7340	2	37	39.545	  88.000	  37.545	  79.104	  40.545	  73.473	Fill5	R	5	51	1	4006
7340	2	38	78.000	  45.359	  61.000	  58.000	  40.205	  88.000	Com2	R	4	51	2	2194
7340	2	39	96.000	  38.063	  81.000	  45.111	  63.000	  58.000	Com1	R	2	50	3	916
7340	2	40	81.000	  43.630	  62.000	  57.000	  41.093	  86.000	Com2	R	3	49	2	858
7340	2	41	60.000	  58.000	  58.000	  51.569	  61.000	  49.148	Fill3	R	2	49	1	1314
7340	2	42	93.000	  37.419	  92.000	  33.424	  95.000	  31.737	Fill1	R	5	51	1	647
7340	2	43	81.000	  45.111	  63.000	  58.000	  41.056	  89.000	Com2	R	5	49	2	3031
7340	2	44	81.000	  44.395	  62.000	  58.000	  40.404	  89.000	Com2	R	5	49	2	842
7340	2	45	51.549	  71.000	  50.549	  63.819	  52.549	  61.713	Fill4	R	4	50	1	977
7340	2	46	95.000	  38.505	  79.000	  46.304	  62.000	  59.000	Com1	R	2	51	2	1187
7340	2	47	93.000	  38.065	  76.000	  46.579	  59.000	  60.000	Com1	R	4	49	3	686
7340	2	48	76.000	  46.579	  59.000	  60.000	  39.775	  89.000	Com2	R	4	51	2	1070
7340	2	49	56.000	  61.000	  53.000	  55.340	  57.000	  51.439	Fill3	R	5	51	1	926
7340	2	50	97.000	  37.072	  81.000	  44.395	  62.000	  58.000	Com1	R	2	50	3	627
7340	2	51	95.000	  37.853	  80.000	  44.950	  62.000	  58.000	Com1	R	4	49	3	903
7340	2	52	78.000	  46.141	  61.000	  59.000	  40.438	  89.000	Com2	R	3	49	2	700
7340	2	53	78.000	  44.577	  61.000	  57.000	  39.966	  87.000	Com2	R	2	51	2	1978
7340	2	54	95.000	  37.200	  80.000	  44.175	  62.000	  57.000	Com1	R	5	50	3	836
7340	2	55	80.000	  44.175	  62.000	  57.000	  40.159	  88.000	Com2	R	4	51	2	796
7340	2	56	93.000	  39.355	  91.000	  34.769	  95.000	  33.642	Fill1	R	2	49	1	1158
7340	2	57	75.000	  46.400	  74.000	  41.041	  76.000	  39.539	Fill2	R	1	49	1	1379
7340	2	58	76.000	  45.789	  73.000	  41.205	  79.000	  37.772	Fill2	R	2	49	1	982
7340	2	59	88.000	  38.818	  87.000	  33.644	  89.000	  33.393	Fill1	R	2	49	1	745
7340	2	60	96.000	  37.490	  79.000	  45.557	  61.000	  59.000	Com1	R	5	51	1	2550
7340	2	61	49.714	  70.000	  46.714	  65.890	  51.714	  57.818	Fill4	R	5	51	1	1676
7340	2	62	52.528	  72.000	  51.528	  65.518	  53.528	  63.070	Fill4	R	2	49	1	1251
7340	2	63	95.000	  37.884	  80.000	  44.987	  61.000	  59.000	Com1	R	1	51	3	971
7340	2	64	97.000	  37.021	  82.000	  43.793	  63.000	  57.000	Com1	R	2	50	3	478
7340	2	65	50.690	  71.000	  49.690	  62.809	  51.690	  61.346	Fill4	R	3	50	1	3461
7340	2	66	95.000	  37.242	  78.000	  45.359	  61.000	  58.000	Com1	R	4	49	3	2918
7340	2	67	75.000	  46.400	  72.000	  41.625	  78.000	  38.821	Fill2	R	2	49	1	3227
7340	2	68	80.000	  44.950	  62.000	  58.000	  40.404	  89.000	Com2	R	2	49	1	1159
7340	2	69	47.444	  72.000	  46.444	  63.043	  49.444	  59.258	Fill4	R	2	49	1	2227
7340	2	70	97.000	  38.320	  81.000	  45.889	  63.000	  59.000	Com1	R	1	51	3	854
7340	2	71	80.000	  44.987	  61.000	  59.000	  40.898	  88.000	Com2	R	5	49	2	734
7340	2	72	39.783	  92.000	  37.783	  83.372	  40.783	  76.945	Fill5	R	4	50	1	1451
7340	2	73	74.000	  49.459	  71.000	  44.803	  76.000	  42.526	Fill2	R	2	49	1	794
7340	2	74	94.000	  37.021	  79.000	  44.051	  60.000	  58.000	Com1	R	5	51	1	4133
7340	2	75	60.000	  58.000	  57.000	  52.965	  61.000	  50.393	Fill3	R	4	50	1	4347
7340	2	76	94.000	  38.287	  78.000	  46.141	  61.000	  59.000	Com1	R	3	51	3	5177
7340	2	77	77.000	  49.117	  75.000	  45.013	  80.000	  42.275	Fill2	R	6	51	1	834
7340	2	78	93.000	  38.699	  92.000	  34.228	  96.000	  33.188	Fill1	R	5	51	1	842
7340	2	79	94.000	  40.234	  91.000	  36.132	  97.000	  34.134	Fill1	R	2	49	1	674
7340	2	80	40.000	  87.000	  37.000	  80.297	  41.000	  71.659	Fill5	R	1	49	1	626
7340	3	1	59.000	  62.000	  56.000	  57.821	  62.000	  52.468	Fill3	R	4	50	1	3002
7340	3	2	61.000	  59.000	  59.000	  53.017	  62.000	  51.194	Fill3	R	1	49	1	706
7340	3	3	78.000	  45.359	  61.000	  58.000	  40.205	  88.000	Com2	R	3	50	1	2064
7340	3	4	81.000	  43.630	  62.000	  57.000	  40.621	  87.000	Com2	R	5	49	2	1127
7340	3	5	48.466	  73.000	  46.466	  65.984	  50.466	  62.002	Fill4	R	3	50	1	1108
7340	3	6	79.000	  46.304	  62.000	  59.000	  41.101	  89.000	Com2	R	3	49	2	6850
7340	3	7	96.000	  38.104	  79.000	  46.304	  62.000	  59.000	Com1	R	2	49	1	3818
7340	3	8	91.000	  40.198	  89.000	  36.506	  93.000	  34.839	Fill1	R	4	50	1	1149
7340	3	9	81.000	  44.395	  62.000	  58.000	  41.333	  87.000	Com2	R	3	49	2	922
7340	3	10	42.000	  90.000	  39.000	  84.077	  43.000	  75.558	Fill5	R	5	51	1	1327
7340	3	11	96.000	  38.719	  82.000	  45.329	  63.000	  59.000	Com1	R	2	50	3	1956
7340	3	12	90.000	  39.311	  87.000	  35.356	  93.000	  33.183	Fill1	R	4	50	1	673
7340	3	13	49.432	  74.000	  48.432	  65.307	  51.432	  61.576	Fill4	R	4	50	1	993
7340	3	14	53.239	  71.000	  51.239	  64.130	  54.239	  61.800	Fill4	R	2	49	1	852
7340	3	15	96.000	  36.854	  79.000	  44.785	  61.000	  58.000	Com1	R	3	49	2	1068
7340	3	16	79.000	  44.785	  61.000	  58.000	  39.753	  89.000	Com2	R	3	49	2	3613
7340	3	17	50.690	  71.000	  47.690	  66.974	  52.690	  59.537	Fill4	R	3	50	1	2088
7340	3	18	80.000	  44.950	  62.000	  58.000	  41.333	  87.000	Com2	R	5	49	2	1279
7340	3	19	96.000	  37.458	  81.000	  44.395	  62.000	  58.000	Com1	R	2	50	3	759
7340	3	20	94.000	  37.638	  78.000	  45.359	  61.000	  58.000	Com1	R	4	49	3	692
7340	3	21	58.000	  61.000	  55.000	  56.291	  59.000	  52.542	Fill3	R	5	51	1	868
7340	3	22	39.761	  92.000	  38.761	  81.061	  40.761	  76.421	Fill5	R	6	51	1	780
7340	3	23	78.000	  45.359	  61.000	  58.000	  40.205	  88.000	Com2	R	5	51	1	1895
7340	3	24	63.000	  60.000	  60.000	  56.267	  66.000	  51.167	Fill3	R	4	51	2	823
7340	3	25	91.000	  40.154	  90.000	  35.444	  94.000	  34.011	Fill1	R	2	49	1	609
7340	3	26	40.000	  90.000	  38.000	  81.132	  41.000	  74.902	Fill5	R	2	49	1	676
7340	3	27	60.000	  60.000	  59.000	  52.559	  63.000	  50.397	Fill3	R	1	49	1	980
7340	3	28	97.000	  37.072	  79.000	  45.519	  62.000	  58.000	Com1	R	2	51	2	1495
7340	3	29	82.000	  46.049	  64.000	  59.000	  42.909	  88.000	Com2	R	2	51	2	903
7340	3	30	59.000	  62.000	  58.000	  54.741	  62.000	  51.903	Fill3	R	4	50	1	539
7340	3	31	75.000	  47.987	  72.000	  43.903	  78.000	  40.705	Fill2	R	3	50	1	1152
7340	3	32	97.000	  37.072	  81.000	  44.395	  62.000	  58.000	Com1	R	3	49	2	2735
7340	3	33	96.000	  38.063	  82.000	  44.561	  63.000	  58.000	Com1	R	3	49	2	940
7340	3	34	38.872	  94.000	  36.872	  84.643	  40.872	  76.262	Fill5	R	3	50	1	801
7340	3	35	63.000	  60.000	  61.000	  54.967	  65.000	  51.262	Fill3	R	2	49	1	1085
7340	3	36	40.198	  91.000	  38.198	  82.178	  41.198	  76.290	Fill5	R	2	49	1	1372
7340	3	37	94.000	  40.213	  93.000	  36.290	  96.000	  34.271	Fill1	R	3	50	1	751
7340	3	38	82.000	  45.329	  63.000	  59.000	  41.300	  90.000	Com2	R	1	50	2	1644
7340	3	39	72.000	  49.139	  69.000	  44.899	  75.000	  41.760	Fill2	R	2	49	1	1188
7340	3	40	96.000	  38.063	  82.000	  44.561	  63.000	  58.000	Com1	R	1	50	2	878
7340	3	41	82.000	  44.561	  63.000	  58.000	  41.056	  89.000	Com2	R	1	50	2	598
7340	3	42	76.000	  47.368	  75.000	  41.533	  78.000	  40.154	Fill2	R	1	49	1	808
7340	3	43	39.989	  90.000	  38.989	  78.997	  41.989	  72.757	Fill5	R	4	50	1	691
7340	3	44	96.000	  37.458	  79.000	  45.519	  62.000	  58.000	Com1	R	3	49	2	707
7340	3	45	78.000	  45.359	  61.000	  58.000	  39.753	  89.000	Com2	R	5	49	2	2000
7340	3	46	93.000	  38.710	  91.000	  34.747	  95.000	  33.432	Fill1	R	1	49	1	5548
7340	3	47	78.000	  48.462	  77.000	  43.260	  79.000	  41.646	Fill2	R	5	51	1	1209
7340	3	48	49.432	  74.000	  46.432	  69.650	  50.432	  64.026	Fill4	R	5	51	1	1156
7340	3	49	41.538	  91.000	  39.538	  81.693	  42.538	  76.213	Fill5	R	4	51	2	752
7340	3	50	96.000	  36.854	  78.000	  45.359	  61.000	  58.000	Com1	R	4	49	3	942
7340	3	51	81.000	  42.778	  63.000	  55.000	  40.765	  85.000	Com2	R	5	49	2	2227
7340	3	52	79.000	  45.519	  62.000	  58.000	  41.333	  87.000	Com2	R	4	51	2	1366
7340	3	53	96.000	  36.813	  81.000	  43.630	  62.000	  57.000	Com1	R	2	51	2	856
7340	3	54	52.500	  72.000	  50.500	  65.069	  53.500	  62.729	Fill4	R	6	51	1	833
7340	3	55	82.000	  44.561	  63.000	  58.000	  41.523	  88.000	Com2	R	2	51	2	2120
7340	3	56	96.000	  38.104	  80.000	  45.725	  62.000	  59.000	Com1	R	3	51	3	638
7340	3	57	58.000	  63.000	  57.000	  56.649	  61.000	  51.852	Fill3	R	4	50	1	606
7340	3	58	98.000	  35.357	  81.000	  42.778	  63.000	  55.000	Com1	R	1	51	3	704
7340	3	59	74.000	  49.432	  73.000	  43.753	  76.000	  42.276	Fill2	R	2	49	1	1085
7340	3	60	80.000	  45.725	  62.000	  59.000	  41.101	  89.000	Com2	R	3	49	2	989
7340	3	61	81.000	  45.111	  63.000	  58.000	  41.056	  89.000	Com2	R	6	49	3	1567
7340	3	62	74.000	  49.432	  71.000	  45.451	  77.000	  41.636	Fill2	R	2	49	1	715
7340	3	63	98.000	  37.286	  81.000	  45.111	  63.000	  58.000	Com1	R	3	49	2	1096
7340	3	64	38.879	  91.000	  37.879	  80.123	  39.879	  74.926	Fill5	R	4	50	1	728
7340	3	65	93.000	  38.699	  90.000	  35.456	  95.000	  33.621	Fill1	R	5	51	1	759
7340	3	66	79.000	  45.519	  62.000	  58.000	  40.404	  89.000	Com2	R	2	51	2	739
7340	3	67	48.720	  75.000	  47.720	  66.241	  50.720	  63.131	Fill4	R	3	50	1	656
7340	3	68	95.000	  39.789	  92.000	  36.685	  97.000	  34.392	Fill1	R	2	49	1	2288
7340	3	69	95.000	  37.242	  78.000	  45.359	  61.000	  58.000	Com1	R	3	49	2	1712
7340	3	70	98.000	  38.531	  82.000	  46.049	  64.000	  59.000	Com1	R	1	51	3	869
7340	3	71	96.000	  37.458	  80.000	  44.950	  62.000	  58.000	Com1	R	3	49	2	4781
7340	3	72	81.000	  44.395	  62.000	  58.000	  40.404	  89.000	Com2	R	2	49	1	743
7340	3	73	94.000	  37.638	  78.000	  45.359	  61.000	  58.000	Com1	R	2	49	1	1045
7340	3	74	78.000	  48.462	  76.000	  43.579	  80.000	  42.163	Fill2	R	4	50	1	837
7340	3	75	98.000	  37.286	  80.000	  45.675	  63.000	  58.000	Com1	R	1	51	3	989
7340	3	76	74.000	  49.378	  72.000	  44.236	  76.000	  42.474	Fill2	R	4	50	1	2096
7340	3	77	80.000	  45.675	  63.000	  58.000	  41.523	  88.000	Com2	R	4	51	2	1816
7340	3	78	78.000	  45.359	  61.000	  58.000	  40.205	  88.000	Com2	R	3	50	1	842
7340	3	79	91.000	  40.198	  88.000	  36.534	  92.000	  35.130	Fill1	R	5	51	1	834
7340	3	80	51.429	  70.000	  48.429	  64.982	  52.429	  59.624	Fill4	R	4	50	1	3962
7340	4	1	80.000	  44.175	  62.000	  57.000	  40.621	  87.000	Com2	R	5	49	2	5577
7340	4	2	75.000	  48.800	  74.000	  42.757	  78.000	  41.474	Fill2	R	5	50	3	1033
7340	4	3	47.884	  69.000	  44.884	  63.541	  49.884	  57.233	Fill4	R	6	51	1	697
7340	4	4	88.000	  37.545	  87.000	  32.379	  89.000	  31.607	Fill1	R	4	50	1	665
7340	4	5	76.000	  45.789	  74.000	  40.743	  78.000	  39.077	Fill2	R	3	50	1	1338
7340	4	6	80.000	  43.462	  61.000	  57.000	  40.430	  86.000	Com2	R	1	51	3	959
7340	4	7	97.000	  38.320	  82.000	  45.329	  63.000	  59.000	Com1	R	2	50	3	645
7340	4	8	81.000	  43.630	  62.000	  57.000	  40.159	  88.000	Com2	R	2	51	2	517
7340	4	9	41.276	  87.000	  40.276	  76.398	  42.276	  73.115	Fill5	R	4	50	1	1178
7340	4	10	60.000	  61.000	  59.000	  55.153	  61.000	  52.475	Fill3	R	5	51	1	757
7340	4	11	54.000	  70.000	  53.000	  62.075	  55.000	  60.891	Fill4	R	5	51	1	578
7340	4	12	82.000	  45.329	  63.000	  59.000	  42.239	  88.000	Com2	R	6	50	2	1029
7340	4	13	60.000	  58.000	  59.000	  52.017	  63.000	  48.873	Fill3	R	6	51	1	807
7340	4	14	79.000	  44.785	  61.000	  58.000	  39.753	  89.000	Com2	R	5	49	2	1186
7340	4	15	77.000	  45.974	  60.000	  59.000	  40.227	  88.000	Com2	R	2	51	2	1916
7340	4	16	82.000	  44.561	  63.000	  58.000	  41.056	  89.000	Com2	R	5	49	2	825
7340	4	17	96.000	  35.583	  79.000	  43.241	  61.000	  56.000	Com1	R	3	51	3	564
7340	4	18	96.000	  37.406	  80.000	  44.888	  63.000	  57.000	Com1	R	2	50	3	521
7340	4	19	74.000	  48.635	  72.000	  43.250	  76.000	  40.895	Fill2	R	3	50	1	2510
7340	4	20	49.714	  70.000	  47.714	  64.299	  50.714	  59.431	Fill4	R	4	50	1	1556
7340	4	21	90.000	  39.989	  88.000	  35.773	  92.000	  33.967	Fill1	R	6	51	1	881
7340	4	22	53.597	  67.000	  52.597	  59.908	  54.597	  57.897	Fill4	R	5	51	1	986
7340	4	23	59.000	  61.000	  58.000	  54.052	  61.000	  50.967	Fill3	R	3	50	1	669
7340	4	24	72.000	  45.889	  69.000	  40.928	  74.000	  39.068	Fill2	R	2	49	1	909
7340	4	25	63.000	  59.000	  62.000	  51.984	  64.000	  51.750	Fill3	R	2	49	1	1569
7340	4	26	80.000	  46.500	  62.000	  60.000	  40.879	  91.000	Com2	R	2	51	2	1148
7340	4	27	96.000	  39.375	  95.000	  35.400	  97.000	  33.938	Fill1	R	4	50	1	745
7340	4	28	81.000	  44.333	  63.000	  57.000	  41.276	  87.000	Com2	R	5	51	1	4118
7340	4	29	59.000	  61.000	  57.000	  55.491	  62.000	  51.194	Fill3	R	5	51	1	812
7340	4	30	96.000	  36.854	  79.000	  44.785	  61.000	  58.000	Com1	R	2	50	3	662
7340	4	31	97.000	  37.021	  81.000	  44.333	  63.000	  57.000	Com1	R	4	49	3	694
7340	4	32	42.239	  88.000	  41.239	  77.937	  43.239	  73.476	Fill5	R	6	51	1	774
7340	4	33	97.000	  37.072	  80.000	  44.950	  62.000	  58.000	Com1	R	4	51	2	1409
7340	4	34	98.000	  37.286	  80.000	  45.675	  63.000	  58.000	Com1	R	3	51	3	1075
7340	4	35	94.000	  37.638	  79.000	  44.785	  61.000	  58.000	Com1	R	4	49	3	899
7340	4	36	95.000	  39.126	  94.000	  34.543	  96.000	  34.000	Fill1	R	3	50	1	680
7340	4	37	78.000	  46.038	  77.000	  40.169	  79.000	  40.253	Fill2	R	3	50	1	633
7340	4	38	82.000	  45.329	  63.000	  59.000	  41.300	  90.000	Com2	R	4	50	1	3897
7340	4	39	95.000	  37.263	  77.000	  45.974	  60.000	  59.000	Com1	R	4	49	3	746
7340	4	40	79.000	  47.051	  76.000	  43.197	  81.000	  40.654	Fill2	R	2	49	1	1478
7340	4	41	49.986	  72.000	  46.986	  66.786	  50.986	  61.056	Fill4	R	5	51	1	918
7340	4	42	78.000	  46.141	  61.000	  59.000	  39.989	  90.000	Com2	R	6	50	2	1020
7340	4	43	37.124	  89.000	  36.124	  77.595	  38.124	  72.501	Fill5	R	2	49	1	2334
7340	4	44	94.000	  38.287	  78.000	  46.141	  61.000	  59.000	Com1	R	5	49	2	1131
7340	4	45	40.667	  90.000	  39.667	  78.908	  42.667	  73.453	Fill5	R	2	49	1	1240
7340	4	46	79.000	  44.785	  61.000	  58.000	  40.205	  88.000	Com2	R	6	50	2	3024
7340	4	47	80.000	  44.950	  62.000	  58.000	  41.333	  87.000	Com2	R	4	51	2	1011
7340	4	48	80.000	  44.987	  61.000	  59.000	  40.898	  88.000	Com2	R	3	49	2	566
7340	4	49	96.000	  37.458	  81.000	  44.395	  62.000	  58.000	Com1	R	2	50	3	872
7340	4	50	97.000	  36.433	  80.000	  44.175	  62.000	  57.000	Com1	R	5	50	3	448
7340	4	51	90.000	  39.989	  87.000	  35.897	  93.000	  34.172	Fill1	R	2	49	1	632
7340	4	52	96.000	  37.406	  95.000	  33.063	  99.000	  31.576	Fill1	R	5	51	1	569
7340	4	53	93.000	  39.355	  91.000	  35.022	  94.000	  33.681	Fill1	R	4	50	1	556
7340	4	54	75.000	  47.987	  74.000	  42.122	  78.000	  40.859	Fill2	R	2	49	1	609
7340	4	55	96.000	  38.719	  82.000	  45.329	  63.000	  59.000	Com1	R	4	49	3	659
7340	4	56	56.000	  59.000	  55.000	  52.073	  58.000	  49.069	Fill3	R	5	51	1	611
7340	4	57	52.352	  71.000	  51.352	  63.425	  54.352	  59.556	Fill4	R	3	50	1	933
7340	4	58	96.000	  38.063	  82.000	  44.561	  63.000	  58.000	Com1	R	2	50	3	1883
7340	4	59	95.000	  37.200	  81.000	  43.630	  62.000	  57.000	Com1	R	3	49	2	827
7340	4	60	96.000	  36.219	  80.000	  43.462	  61.000	  57.000	Com1	R	3	49	2	629
7340	4	61	80.000	  44.888	  63.000	  57.000	  41.276	  87.000	Com2	R	5	51	1	1753
7340	4	62	81.000	  44.395	  62.000	  58.000	  41.333	  87.000	Com2	R	2	51	2	733
7340	4	63	63.000	  57.000	  61.000	  51.656	  66.000	  47.879	Fill3	R	4	49	3	795
7340	4	64	50.833	  72.000	  48.833	  65.119	  52.833	  60.473	Fill4	R	3	50	1	789
7340	4	65	41.538	  91.000	  38.538	  84.928	  42.538	  77.013	Fill5	R	2	49	1	2064
7340	4	66	91.000	  38.242	  90.000	  33.956	  94.000	  31.851	Fill1	R	5	51	1	855
7340	4	67	80.000	  44.175	  62.000	  57.000	  40.159	  88.000	Com2	R	3	51	3	3119
7340	4	68	49.986	  72.000	  47.986	  66.144	  50.986	  61.370	Fill4	R	2	51	2	781
7340	4	69	39.989	  90.000	  37.989	  80.445	  40.989	  75.142	Fill5	R	2	49	1	648
7340	4	70	97.000	  36.433	  80.000	  44.175	  62.000	  57.000	Com1	R	6	50	2	952
7340	4	71	39.989	  90.000	  38.989	  78.535	  40.989	  74.581	Fill5	R	6	51	1	718
7340	4	72	80.000	  45.675	  63.000	  58.000	  42.000	  87.000	Com2	R	5	51	1	2843
7340	4	73	81.000	  44.395	  62.000	  58.000	  40.404	  89.000	Com2	R	5	49	2	691
7340	4	74	95.000	  39.158	  80.000	  46.500	  62.000	  60.000	Com1	R	3	51	3	803
7340	4	75	96.000	  37.490	  80.000	  44.987	  61.000	  59.000	Com1	R	1	51	3	749
7340	4	76	79.000	  47.848	  77.000	  42.935	  82.000	  40.756	Fill2	R	3	50	1	555
7340	4	77	63.000	  60.000	  61.000	  54.754	  64.000	  52.578	Fill3	R	6	51	1	783
7340	4	78	95.000	  37.853	  81.000	  44.395	  62.000	  58.000	Com1	R	3	49	2	1162
7340	4	79	39.101	  89.000	  37.101	  79.566	  41.101	  72.188	Fill5	R	2	49	1	743
7340	4	80	79.000	  43.241	  61.000	  56.000	  39.264	  87.000	Com2	R	4	51	2	756
7340	5	1	79.000	  45.557	  61.000	  59.000	  40.438	  89.000	Com2	R	4	51	2	2825
7340	5	2	81.000	  44.395	  62.000	  58.000	  40.404	  89.000	Com2	R	2	51	2	768
7340	5	3	81.000	  43.630	  62.000	  57.000	  41.093	  86.000	Com2	R	6	50	2	619
7340	5	4	39.101	  89.000	  36.101	  82.103	  41.101	  71.774	Fill5	R	3	51	3	589
7340	5	5	80.000	  44.175	  62.000	  57.000	  40.159	  88.000	Com2	R	1	50	2	592
7340	5	6	50.690	  71.000	  49.690	  62.809	  51.690	  61.346	Fill4	R	6	50	2	482
7340	5	7	91.000	  38.242	  89.000	  34.393	  93.000	  32.828	Fill1	R	4	50	1	842
7340	5	8	79.000	  44.051	  60.000	  58.000	  39.545	  88.000	Com2	R	3	49	2	658
7340	5	9	82.000	  45.329	  63.000	  59.000	  42.239	  88.000	Com2	R	3	49	2	610
7340	5	10	39.545	  88.000	  37.545	  79.104	  40.545	  73.473	Fill5	R	4	50	1	724
7340	5	11	95.000	  37.200	  80.000	  44.175	  62.000	  57.000	Com1	R	5	50	3	514
7340	5	12	96.000	  36.854	  80.000	  44.225	  61.000	  58.000	Com1	R	5	50	3	471
7340	5	13	95.000	  38.505	  79.000	  46.304	  62.000	  59.000	Com1	R	3	51	3	592
7340	5	14	96.000	  38.063	  81.000	  45.111	  63.000	  58.000	Com1	R	5	50	3	546
7340	5	15	80.000	  44.987	  61.000	  59.000	  40.898	  88.000	Com2	R	5	49	2	743
7340	5	16	75.000	  46.400	  74.000	  41.041	  76.000	  39.539	Fill2	R	4	50	1	596
7340	5	17	93.000	  37.419	  92.000	  33.424	  95.000	  31.737	Fill1	R	5	51	1	615
7340	5	18	74.000	  49.459	  71.000	  44.803	  76.000	  42.526	Fill2	R	1	50	2	1162
7340	5	19	92.000	  37.826	  90.000	  33.133	  94.000	  31.862	Fill1	R	2	49	1	551
7340	5	20	96.000	  36.219	  78.000	  44.577	  61.000	  57.000	Com1	R	3	49	2	1595
7340	5	21	40.000	  87.000	  37.000	  80.297	  41.000	  71.659	Fill5	R	3	50	1	726
7340	5	22	60.000	  58.000	  57.000	  52.965	  61.000	  50.393	Fill3	R	4	50	1	563
7340	5	23	49.714	  70.000	  46.714	  65.890	  51.714	  57.818	Fill4	R	2	49	1	634
7340	5	24	81.000	  44.395	  62.000	  58.000	  40.864	  88.000	Com2	R	5	50	3	538
7340	5	25	81.000	  45.889	  63.000	  59.000	  41.300	  90.000	Com2	R	5	49	2	1151
7340	5	26	37.956	  90.000	  35.956	  81.017	  38.956	  73.776	Fill5	R	2	49	1	3517
7340	5	27	93.000	  39.355	  91.000	  34.769	  95.000	  33.642	Fill1	R	2	51	2	2858
7340	5	28	96.000	  37.458	  81.000	  44.395	  62.000	  58.000	Com1	R	4	51	2	3137
7340	5	29	78.000	  44.577	  61.000	  57.000	  39.966	  87.000	Com2	R	3	49	2	2462
7340	5	30	56.000	  61.000	  53.000	  55.340	  57.000	  51.439	Fill3	R	5	51	1	838
7340	5	31	49.714	  70.000	  47.714	  63.189	  51.714	  58.630	Fill4	R	4	50	1	654
7340	5	32	60.000	  61.000	  59.000	  54.542	  62.000	  52.548	Fill3	R	6	51	1	2959
7340	5	33	91.000	  38.242	  89.000	  34.213	  94.000	  32.138	Fill1	R	3	50	1	659
7340	5	34	82.000	  43.793	  63.000	  57.000	  41.276	  87.000	Com2	R	1	50	2	771
7340	5	35	47.444	  72.000	  46.444	  63.043	  49.444	  59.258	Fill4	R	1	49	1	847
7340	5	36	41.560	  91.000	  38.560	  84.543	  42.560	  76.691	Fill5	R	1	49	1	999
7340	5	37	95.000	  37.242	  78.000	  45.359	  61.000	  58.000	Com1	R	3	51	3	1177
7340	5	38	88.000	  38.818	  87.000	  33.644	  89.000	  33.393	Fill1	R	2	51	2	707
7340	5	39	94.000	  40.234	  91.000	  36.132	  97.000	  34.134	Fill1	R	6	51	1	977
7340	5	40	96.000	  37.458	  81.000	  44.395	  62.000	  58.000	Com1	R	4	49	3	771
7340	5	41	72.000	  47.444	  71.000	  41.620	  74.000	  40.581	Fill2	R	1	49	1	718
7340	5	42	97.000	  37.021	  82.000	  43.793	  63.000	  57.000	Com1	R	2	51	2	1403
7340	5	43	96.000	  38.719	  82.000	  45.329	  63.000	  59.000	Com1	R	3	49	2	1343
7340	5	44	97.000	  38.320	  81.000	  45.889	  63.000	  59.000	Com1	R	3	49	2	707
7340	5	45	81.000	  45.111	  63.000	  58.000	  41.056	  89.000	Com2	R	3	49	2	641
7340	5	46	49.714	  70.000	  47.714	  62.937	  50.714	  59.392	Fill4	R	4	50	1	2145
7340	5	47	94.000	  37.021	  79.000	  44.051	  60.000	  58.000	Com1	R	6	51	1	1606
7340	5	48	52.528	  72.000	  51.528	  65.518	  53.528	  63.070	Fill4	R	1	49	1	705
7340	5	49	95.000	  37.884	  80.000	  44.987	  61.000	  59.000	Com1	R	4	49	3	1069
7340	5	50	60.000	  58.000	  57.000	  52.895	  63.000	  48.762	Fill3	R	4	50	1	765
7340	5	51	76.000	  45.789	  74.000	  40.608	  77.000	  39.610	Fill2	R	4	51	2	698
7340	5	52	77.000	  49.117	  75.000	  45.013	  80.000	  42.275	Fill2	R	4	50	1	2137
7340	5	53	76.000	  47.355	  73.000	  43.466	  78.000	  40.949	Fill2	R	2	49	1	1551
7340	5	54	39.783	  92.000	  37.783	  83.372	  40.783	  76.945	Fill5	R	4	50	1	2427
7340	5	55	96.000	  37.490	  79.000	  45.557	  61.000	  59.000	Com1	R	4	49	3	1318
7340	5	56	76.000	  46.579	  59.000	  60.000	  39.775	  89.000	Com2	R	5	51	1	1419
7340	5	57	97.000	  37.072	  81.000	  44.395	  62.000	  58.000	Com1	R	5	49	2	718
7340	5	58	60.000	  58.000	  58.000	  51.569	  61.000	  49.148	Fill3	R	1	49	1	5050
7340	5	59	51.176	  68.000	  48.176	  62.188	  53.176	  57.826	Fill4	R	3	50	1	746
7340	5	60	93.000	  38.065	  76.000	  46.579	  59.000	  60.000	Com1	R	6	49	3	872
7340	5	61	78.000	  45.359	  61.000	  58.000	  40.205	  88.000	Com2	R	2	51	2	1009
7340	5	62	61.000	  62.000	  59.000	  56.458	  63.000	  53.333	Fill3	R	3	50	1	690
7340	5	63	80.000	  44.225	  61.000	  58.000	  39.753	  89.000	Com2	R	6	50	2	1170
7340	5	64	94.000	  38.287	  78.000	  46.141	  61.000	  59.000	Com1	R	2	50	3	3773
7340	5	65	61.000	  59.000	  59.000	  53.000	  63.000	  50.143	Fill3	R	1	49	1	1136
7340	5	66	75.000	  46.400	  72.000	  41.625	  78.000	  38.821	Fill2	R	1	49	1	669
7340	5	67	80.000	  44.950	  62.000	  58.000	  40.864	  88.000	Com2	R	1	50	2	1085
7340	5	68	97.000	  37.072	  80.000	  44.950	  62.000	  58.000	Com1	R	2	51	2	1581
7340	5	69	76.000	  45.789	  73.000	  41.205	  79.000	  37.772	Fill2	R	4	50	1	1080
7340	5	70	51.549	  71.000	  50.549	  63.819	  52.549	  61.713	Fill4	R	4	50	1	3305
7340	5	71	97.000	  36.433	  81.000	  43.630	  62.000	  57.000	Com1	R	1	50	2	2077
7340	5	72	80.000	  44.950	  62.000	  58.000	  40.404	  89.000	Com2	R	3	49	2	4036
7340	5	73	81.000	  44.395	  62.000	  58.000	  40.864	  88.000	Com2	R	4	50	1	4940
7340	5	74	60.000	  58.000	  58.000	  51.828	  63.000	  47.349	Fill3	R	2	49	1	847
7340	5	75	79.000	  46.304	  62.000	  59.000	  41.568	  88.000	Com2	R	4	50	1	699
7340	5	76	78.000	  46.141	  61.000	  59.000	  40.438	  89.000	Com2	R	3	49	2	938
7340	5	77	93.000	  38.699	  92.000	  34.228	  96.000	  33.188	Fill1	R	5	51	1	656
7340	5	78	40.000	  87.000	  38.000	  78.237	  41.000	  72.024	Fill5	R	5	50	3	1728
7340	5	79	39.989	  90.000	  38.989	  78.946	  40.989	  74.874	Fill5	R	5	51	1	789
7340	5	80	95.000	  37.853	  80.000	  44.950	  62.000	  58.000	Com1	R	5	49	2	1632
7340	6	1	96.000	  36.854	  79.000	  44.785	  61.000	  58.000	Com1	R	6	49	3	2930
7340	6	2	81.000	  44.395	  62.000	  58.000	  40.404	  89.000	Com2	R	3	50	1	6443
7340	6	3	40.198	  91.000	  38.198	  82.178	  41.198	  76.290	Fill5	R	1	49	1	724
7340	6	4	48.466	  73.000	  46.466	  65.984	  50.466	  62.002	Fill4	R	4	50	1	529
7340	6	5	97.000	  37.072	  81.000	  44.395	  62.000	  58.000	Com1	R	1	51	3	647
7340	6	6	96.000	  37.458	  81.000	  44.395	  62.000	  58.000	Com1	R	4	49	3	535
7340	6	7	48.720	  75.000	  47.720	  66.241	  50.720	  63.131	Fill4	R	5	51	1	1148
7340	6	8	63.000	  60.000	  60.000	  56.267	  66.000	  51.167	Fill3	R	6	51	1	953
7340	6	9	94.000	  37.638	  78.000	  45.359	  61.000	  58.000	Com1	R	4	49	3	928
7340	6	10	58.000	  61.000	  55.000	  56.291	  59.000	  52.542	Fill3	R	2	49	1	708
7340	6	11	61.000	  59.000	  59.000	  53.017	  62.000	  51.194	Fill3	R	4	50	1	593
7340	6	12	75.000	  47.987	  72.000	  43.903	  78.000	  40.705	Fill2	R	5	51	1	692
7340	6	13	39.761	  92.000	  38.761	  81.061	  40.761	  76.421	Fill5	R	3	50	1	692
7340	6	14	51.429	  70.000	  48.429	  64.982	  52.429	  59.624	Fill4	R	3	50	1	724
7340	6	15	82.000	  44.561	  63.000	  58.000	  41.523	  88.000	Com2	R	4	49	3	1009
7340	6	16	91.000	  40.198	  89.000	  36.506	  93.000	  34.839	Fill1	R	4	50	1	611
7340	6	17	82.000	  44.561	  63.000	  58.000	  41.056	  89.000	Com2	R	2	51	2	838
7340	6	18	78.000	  48.462	  77.000	  43.260	  79.000	  41.646	Fill2	R	5	51	1	670
7340	6	19	41.538	  91.000	  39.538	  81.693	  42.538	  76.213	Fill5	R	3	50	1	1070
7340	6	20	74.000	  49.378	  72.000	  44.236	  76.000	  42.474	Fill2	R	2	49	1	878
7340	6	21	82.000	  46.049	  64.000	  59.000	  42.909	  88.000	Com2	R	5	51	1	727
7340	6	22	79.000	  45.519	  62.000	  58.000	  41.333	  87.000	Com2	R	4	50	1	1621
7340	6	23	80.000	  45.675	  63.000	  58.000	  41.523	  88.000	Com2	R	5	51	1	943
7340	6	24	98.000	  35.357	  81.000	  42.778	  63.000	  55.000	Com1	R	6	50	2	1124
7340	6	25	78.000	  45.359	  61.000	  58.000	  39.753	  89.000	Com2	R	5	51	1	945
7340	6	26	53.239	  71.000	  51.239	  64.130	  54.239	  61.800	Fill4	R	4	50	1	631
7340	6	27	79.000	  46.304	  62.000	  59.000	  41.101	  89.000	Com2	R	1	49	1	809
7340	6	28	98.000	  38.531	  82.000	  46.049	  64.000	  59.000	Com1	R	5	50	3	579
7340	6	29	72.000	  49.139	  69.000	  44.899	  75.000	  41.760	Fill2	R	2	51	2	598
7340	6	30	78.000	  45.359	  61.000	  58.000	  40.205	  88.000	Com2	R	5	51	1	584
7340	6	31	76.000	  47.368	  75.000	  41.533	  78.000	  40.154	Fill2	R	3	50	1	587
7340	6	32	38.879	  91.000	  37.879	  80.123	  39.879	  74.926	Fill5	R	1	49	1	558
7340	6	33	81.000	  45.111	  63.000	  58.000	  41.056	  89.000	Com2	R	4	50	1	947
7340	6	34	42.000	  90.000	  39.000	  84.077	  43.000	  75.558	Fill5	R	3	50	1	888
7340	6	35	39.989	  90.000	  38.989	  78.997	  41.989	  72.757	Fill5	R	5	51	1	640
7340	6	36	96.000	  38.104	  79.000	  46.304	  62.000	  59.000	Com1	R	2	50	3	688
7340	6	37	81.000	  42.778	  63.000	  55.000	  40.765	  85.000	Com2	R	2	51	2	640
7340	6	38	40.000	  90.000	  38.000	  81.132	  41.000	  74.902	Fill5	R	5	51	1	608
7340	6	39	91.000	  40.154	  90.000	  35.444	  94.000	  34.011	Fill1	R	2	49	1	627
7340	6	40	58.000	  63.000	  57.000	  56.649	  61.000	  51.852	Fill3	R	4	50	1	503
7340	6	41	95.000	  37.242	  78.000	  45.359	  61.000	  58.000	Com1	R	5	50	3	732
7340	6	42	50.690	  71.000	  47.690	  66.974	  52.690	  59.537	Fill4	R	5	50	3	1081
7340	6	43	49.432	  74.000	  48.432	  65.307	  51.432	  61.576	Fill4	R	6	51	1	776
7340	6	44	96.000	  36.813	  81.000	  43.630	  62.000	  57.000	Com1	R	2	51	2	1251
7340	6	45	98.000	  37.286	  80.000	  45.675	  63.000	  58.000	Com1	R	4	49	3	603
7340	6	46	80.000	  44.950	  62.000	  58.000	  41.333	  87.000	Com2	R	3	51	3	750
7340	6	47	94.000	  37.638	  78.000	  45.359	  61.000	  58.000	Com1	R	5	49	2	1195
7340	6	48	93.000	  38.710	  91.000	  34.747	  95.000	  33.432	Fill1	R	4	50	1	550
7340	6	49	74.000	  49.432	  71.000	  45.451	  77.000	  41.636	Fill2	R	2	50	3	1484
7340	6	50	80.000	  45.725	  62.000	  59.000	  41.101	  89.000	Com2	R	2	51	2	939
7340	6	51	96.000	  37.458	  80.000	  44.950	  62.000	  58.000	Com1	R	2	51	2	944
7340	6	52	96.000	  38.104	  80.000	  45.725	  62.000	  59.000	Com1	R	2	50	3	470
7340	6	53	98.000	  37.286	  81.000	  45.111	  63.000	  58.000	Com1	R	6	49	3	1374
7340	6	54	81.000	  44.395	  62.000	  58.000	  41.333	  87.000	Com2	R	5	49	2	783
7340	6	55	59.000	  62.000	  58.000	  54.741	  62.000	  51.903	Fill3	R	4	50	1	426
7340	6	56	95.000	  39.789	  92.000	  36.685	  97.000	  34.392	Fill1	R	4	50	1	709
7340	6	57	79.000	  44.785	  61.000	  58.000	  39.753	  89.000	Com2	R	4	50	1	930
7340	6	58	96.000	  38.719	  82.000	  45.329	  63.000	  59.000	Com1	R	1	51	3	1367
7340	6	59	82.000	  45.329	  63.000	  59.000	  41.300	  90.000	Com2	R	1	50	2	1067
7340	6	60	93.000	  38.699	  90.000	  35.456	  95.000	  33.621	Fill1	R	6	51	1	1179
7340	6	61	96.000	  36.854	  78.000	  45.359	  61.000	  58.000	Com1	R	3	49	2	982
7340	6	62	81.000	  43.630	  62.000	  57.000	  40.621	  87.000	Com2	R	3	49	2	1352
7340	6	63	60.000	  60.000	  59.000	  52.559	  63.000	  50.397	Fill3	R	4	50	1	1438
7340	6	64	78.000	  48.462	  76.000	  43.579	  80.000	  42.163	Fill2	R	2	50	3	942
7340	6	65	96.000	  38.063	  82.000	  44.561	  63.000	  58.000	Com1	R	4	49	3	1698
7340	6	66	74.000	  49.432	  73.000	  43.753	  76.000	  42.276	Fill2	R	4	50	1	682
7340	6	67	79.000	  45.519	  62.000	  58.000	  40.404	  89.000	Com2	R	1	51	3	1818
7340	6	68	96.000	  38.063	  82.000	  44.561	  63.000	  58.000	Com1	R	3	49	2	1133
7340	6	69	49.432	  74.000	  46.432	  69.650	  50.432	  64.026	Fill4	R	2	49	1	906
7340	6	70	38.872	  94.000	  36.872	  84.643	  40.872	  76.262	Fill5	R	2	49	1	4080
7340	6	71	96.000	  37.458	  79.000	  45.519	  62.000	  58.000	Com1	R	4	51	2	1032
7340	6	72	91.000	  40.198	  88.000	  36.534	  92.000	  35.130	Fill1	R	4	50	1	567
7340	6	73	94.000	  40.213	  93.000	  36.290	  96.000	  34.271	Fill1	R	3	50	1	731
7340	6	74	63.000	  60.000	  61.000	  54.967	  65.000	  51.262	Fill3	R	5	51	1	792
7340	6	75	90.000	  39.311	  87.000	  35.356	  93.000	  33.183	Fill1	R	6	49	3	626
7340	6	76	59.000	  62.000	  56.000	  57.821	  62.000	  52.468	Fill3	R	2	49	1	677
7340	6	77	78.000	  45.359	  61.000	  58.000	  40.205	  88.000	Com2	R	2	51	2	784
7340	6	78	78.000	  45.359	  61.000	  58.000	  40.205	  88.000	Com2	R	6	51	1	575
7340	6	79	97.000	  37.072	  79.000	  45.519	  62.000	  58.000	Com1	R	4	49	3	658
7340	6	80	52.500	  72.000	  50.500	  65.069	  53.500	  62.729	Fill4	R	5	51	1	530
7340	7	1	80.000	  44.950	  62.000	  58.000	  41.333	  87.000	Com2	R	3	49	2	5425
7340	7	2	95.000	  37.853	  81.000	  44.395	  62.000	  58.000	Com1	R	5	50	3	858
7340	7	3	96.000	  38.063	  82.000	  44.561	  63.000	  58.000	Com1	R	2	50	3	961
7340	7	4	81.000	  44.395	  62.000	  58.000	  41.333	  87.000	Com2	R	4	51	2	678
7340	7	5	97.000	  38.320	  82.000	  45.329	  63.000	  59.000	Com1	R	5	50	3	1046
7340	7	6	76.000	  45.789	  74.000	  40.743	  78.000	  39.077	Fill2	R	2	49	1	710
7340	7	7	79.000	  43.241	  61.000	  56.000	  39.264	  87.000	Com2	R	3	49	2	2644
7340	7	8	49.986	  72.000	  46.986	  66.786	  50.986	  61.056	Fill4	R	4	50	1	661
7340	7	9	93.000	  39.355	  91.000	  35.022	  94.000	  33.681	Fill1	R	2	49	1	565
7340	7	10	80.000	  44.175	  62.000	  57.000	  40.621	  87.000	Com2	R	2	49	1	986
7340	7	11	80.000	  44.175	  62.000	  57.000	  40.159	  88.000	Com2	R	5	51	1	669
7340	7	12	63.000	  57.000	  61.000	  51.656	  66.000	  47.879	Fill3	R	5	51	1	2525
7340	7	13	94.000	  38.287	  78.000	  46.141	  61.000	  59.000	Com1	R	2	50	3	721
7340	7	14	79.000	  44.785	  61.000	  58.000	  39.753	  89.000	Com2	R	3	49	2	846
7340	7	15	41.538	  91.000	  38.538	  84.928	  42.538	  77.013	Fill5	R	4	50	1	758
7340	7	16	82.000	  45.329	  63.000	  59.000	  41.300	  90.000	Com2	R	2	50	3	596
7340	7	17	81.000	  44.333	  63.000	  57.000	  41.276	  87.000	Com2	R	2	51	2	598
7340	7	18	82.000	  44.561	  63.000	  58.000	  41.056	  89.000	Com2	R	1	50	2	553
7340	7	19	96.000	  36.219	  80.000	  43.462	  61.000	  57.000	Com1	R	3	51	3	750
7340	7	20	63.000	  59.000	  62.000	  51.984	  64.000	  51.750	Fill3	R	5	51	1	780
7340	7	21	78.000	  46.141	  61.000	  59.000	  39.989	  90.000	Com2	R	1	50	2	582
7340	7	22	97.000	  36.433	  80.000	  44.175	  62.000	  57.000	Com1	R	5	50	3	745
7340	7	23	91.000	  38.242	  90.000	  33.956	  94.000	  31.851	Fill1	R	4	50	1	646
7340	7	24	52.352	  71.000	  51.352	  63.425	  54.352	  59.556	Fill4	R	1	49	1	678
7340	7	25	39.989	  90.000	  37.989	  80.445	  40.989	  75.142	Fill5	R	5	51	1	678
7340	7	26	41.276	  87.000	  40.276	  76.398	  42.276	  73.115	Fill5	R	2	49	1	790
7340	7	27	95.000	  39.126	  94.000	  34.543	  96.000	  34.000	Fill1	R	1	49	1	4593
7340	7	28	79.000	  47.848	  77.000	  42.935	  82.000	  40.756	Fill2	R	2	49	1	1252
7340	7	29	96.000	  37.406	  95.000	  33.063	  99.000	  31.576	Fill1	R	3	51	3	572
7340	7	30	60.000	  61.000	  59.000	  55.153	  61.000	  52.475	Fill3	R	2	51	2	1999
7340	7	31	95.000	  37.200	  81.000	  43.630	  62.000	  57.000	Com1	R	2	50	3	585
7340	7	32	81.000	  43.630	  62.000	  57.000	  40.159	  88.000	Com2	R	2	49	1	1148
7340	7	33	49.714	  70.000	  47.714	  64.299	  50.714	  59.431	Fill4	R	5	51	1	649
7340	7	34	96.000	  39.375	  95.000	  35.400	  97.000	  33.938	Fill1	R	4	50	1	857
7340	7	35	88.000	  37.545	  87.000	  32.379	  89.000	  31.607	Fill1	R	5	51	1	673
7340	7	36	81.000	  44.395	  62.000	  58.000	  40.404	  89.000	Com2	R	2	51	2	625
7340	7	37	79.000	  44.785	  61.000	  58.000	  40.205	  88.000	Com2	R	3	50	1	723
7340	7	38	97.000	  36.433	  80.000	  44.175	  62.000	  57.000	Com1	R	3	50	1	608
7340	7	39	47.884	  69.000	  44.884	  63.541	  49.884	  57.233	Fill4	R	3	51	3	739
7340	7	40	39.101	  89.000	  37.101	  79.566	  41.101	  72.188	Fill5	R	2	50	3	768
7340	7	41	49.986	  72.000	  47.986	  66.144	  50.986	  61.370	Fill4	R	2	49	1	651
7340	7	42	72.000	  45.889	  69.000	  40.928	  74.000	  39.068	Fill2	R	3	50	1	523
7340	7	43	96.000	  36.854	  79.000	  44.785	  61.000	  58.000	Com1	R	3	49	2	689
7340	7	44	90.000	  39.989	  87.000	  35.897	  93.000	  34.172	Fill1	R	4	50	1	578
7340	7	45	74.000	  48.635	  72.000	  43.250	  76.000	  40.895	Fill2	R	2	49	1	916
7340	7	46	78.000	  46.038	  77.000	  40.169	  79.000	  40.253	Fill2	R	5	49	2	713
7340	7	47	77.000	  45.974	  60.000	  59.000	  40.227	  88.000	Com2	R	2	49	1	1078
7340	7	48	79.000	  47.051	  76.000	  43.197	  81.000	  40.654	Fill2	R	4	49	3	614
7340	7	49	56.000	  59.000	  55.000	  52.073	  58.000	  49.069	Fill3	R	3	50	1	681
7340	7	50	80.000	  44.987	  61.000	  59.000	  40.898	  88.000	Com2	R	5	51	1	1209
7340	7	51	75.000	  48.800	  74.000	  42.757	  78.000	  41.474	Fill2	R	1	49	1	819
7340	7	52	37.124	  89.000	  36.124	  77.595	  38.124	  72.501	Fill5	R	2	49	1	1469
7340	7	53	96.000	  37.490	  80.000	  44.987	  61.000	  59.000	Com1	R	1	51	3	861
7340	7	54	50.833	  72.000	  48.833	  65.119	  52.833	  60.473	Fill4	R	5	51	1	725
7340	7	55	39.989	  90.000	  38.989	  78.535	  40.989	  74.581	Fill5	R	4	50	1	739
7340	7	56	75.000	  47.987	  74.000	  42.122	  78.000	  40.859	Fill2	R	3	50	1	752
7340	7	57	95.000	  39.158	  80.000	  46.500	  62.000	  60.000	Com1	R	4	50	1	2093
7340	7	58	63.000	  60.000	  61.000	  54.754	  64.000	  52.578	Fill3	R	2	49	1	2501
7340	7	59	97.000	  37.072	  80.000	  44.950	  62.000	  58.000	Com1	R	4	49	3	1019
7340	7	60	95.000	  37.263	  77.000	  45.974	  60.000	  59.000	Com1	R	3	49	2	2445
7340	7	61	96.000	  38.719	  82.000	  45.329	  63.000	  59.000	Com1	R	2	51	2	2581
7340	7	62	80.000	  43.462	  61.000	  57.000	  40.430	  86.000	Com2	R	5	51	1	1672
7340	7	63	60.000	  58.000	  59.000	  52.017	  63.000	  48.873	Fill3	R	6	51	1	1424
7340	7	64	59.000	  61.000	  57.000	  55.491	  62.000	  51.194	Fill3	R	3	50	1	3107
7340	7	65	80.000	  46.500	  62.000	  60.000	  40.879	  91.000	Com2	R	1	50	2	1856
7340	7	66	53.597	  67.000	  52.597	  59.908	  54.597	  57.897	Fill4	R	4	51	2	1024
7340	7	67	96.000	  37.406	  80.000	  44.888	  63.000	  57.000	Com1	R	2	50	3	627
7340	7	68	82.000	  45.329	  63.000	  59.000	  42.239	  88.000	Com2	R	4	49	3	660
7340	7	69	98.000	  37.286	  80.000	  45.675	  63.000	  58.000	Com1	R	3	49	2	628
7340	7	70	42.239	  88.000	  41.239	  77.937	  43.239	  73.476	Fill5	R	3	50	1	663
7340	7	71	94.000	  37.638	  79.000	  44.785	  61.000	  58.000	Com1	R	5	49	2	983
7340	7	72	96.000	  35.583	  79.000	  43.241	  61.000	  56.000	Com1	R	4	50	1	602
7340	7	73	40.667	  90.000	  39.667	  78.908	  42.667	  73.453	Fill5	R	2	50	3	748
7340	7	74	90.000	  39.989	  88.000	  35.773	  92.000	  33.967	Fill1	R	5	51	1	858
7340	7	75	96.000	  37.458	  81.000	  44.395	  62.000	  58.000	Com1	R	5	51	1	1011
7340	7	76	80.000	  45.675	  63.000	  58.000	  42.000	  87.000	Com2	R	5	51	1	981
7340	7	77	97.000	  37.021	  81.000	  44.333	  63.000	  57.000	Com1	R	3	50	1	600
7340	7	78	54.000	  70.000	  53.000	  62.075	  55.000	  60.891	Fill4	R	4	49	3	363
7340	7	79	59.000	  61.000	  58.000	  54.052	  61.000	  50.967	Fill3	R	5	50	3	328
7340	7	80	80.000	  44.888	  63.000	  57.000	  41.276	  87.000	Com2	R	2	50	3	309
7340	8	1	49.714	  70.000	  47.714	  62.937	  50.714	  59.392	Fill4	R	6	49	3	672
7340	8	2	76.000	  46.579	  59.000	  60.000	  39.775	  89.000	Com2	R	2	51	2	740
7340	8	3	72.000	  47.444	  71.000	  41.620	  74.000	  40.581	Fill2	R	5	51	1	530
7340	8	4	61.000	  59.000	  59.000	  53.000	  63.000	  50.143	Fill3	R	6	51	1	647
7340	8	5	79.000	  46.304	  62.000	  59.000	  41.568	  88.000	Com2	R	6	50	2	631
7340	8	6	96.000	  38.719	  82.000	  45.329	  63.000	  59.000	Com1	R	6	49	3	858
7340	8	7	78.000	  45.359	  61.000	  58.000	  40.205	  88.000	Com2	R	4	51	2	611
7340	8	8	93.000	  37.419	  92.000	  33.424	  95.000	  31.737	Fill1	R	2	49	1	660
7340	8	9	82.000	  43.793	  63.000	  57.000	  41.276	  87.000	Com2	R	3	49	2	836
7340	8	10	60.000	  58.000	  57.000	  52.965	  61.000	  50.393	Fill3	R	6	51	1	748
7340	8	11	96.000	  37.490	  79.000	  45.557	  61.000	  59.000	Com1	R	1	51	3	538
7340	8	12	49.714	  70.000	  46.714	  65.890	  51.714	  57.818	Fill4	R	4	50	1	1215
7340	8	13	40.000	  87.000	  37.000	  80.297	  41.000	  71.659	Fill5	R	4	49	3	682
7340	8	14	88.000	  38.818	  87.000	  33.644	  89.000	  33.393	Fill1	R	1	49	1	586
7340	8	15	49.714	  70.000	  47.714	  63.189	  51.714	  58.630	Fill4	R	3	49	2	700
7340	8	16	41.560	  91.000	  38.560	  84.543	  42.560	  76.691	Fill5	R	4	49	3	794
7340	8	17	81.000	  45.111	  63.000	  58.000	  41.056	  89.000	Com2	R	1	51	3	1012
7340	8	18	80.000	  44.950	  62.000	  58.000	  40.864	  88.000	Com2	R	3	49	2	711
7340	8	19	76.000	  45.789	  74.000	  40.608	  77.000	  39.610	Fill2	R	2	49	1	580
7340	8	20	75.000	  46.400	  72.000	  41.625	  78.000	  38.821	Fill2	R	5	51	1	583
7340	8	21	92.000	  37.826	  90.000	  33.133	  94.000	  31.862	Fill1	R	1	49	1	571
7340	8	22	77.000	  49.117	  75.000	  45.013	  80.000	  42.275	Fill2	R	4	51	2	588
7340	8	23	39.783	  92.000	  37.783	  83.372	  40.783	  76.945	Fill5	R	5	51	1	719
7340	8	24	80.000	  44.950	  62.000	  58.000	  40.404	  89.000	Com2	R	2	49	1	652
7340	8	25	78.000	  44.577	  61.000	  57.000	  39.966	  87.000	Com2	R	1	50	2	796
7340	8	26	79.000	  45.557	  61.000	  59.000	  40.438	  89.000	Com2	R	4	51	2	615
7340	8	27	97.000	  37.072	  81.000	  44.395	  62.000	  58.000	Com1	R	5	50	3	794
7340	8	28	81.000	  44.395	  62.000	  58.000	  40.864	  88.000	Com2	R	5	49	2	595
7340	8	29	50.690	  71.000	  49.690	  62.809	  51.690	  61.346	Fill4	R	2	49	1	678
7340	8	30	39.989	  90.000	  38.989	  78.946	  40.989	  74.874	Fill5	R	1	51	3	758
7340	8	31	81.000	  44.395	  62.000	  58.000	  40.864	  88.000	Com2	R	5	49	2	787
7340	8	32	93.000	  39.355	  91.000	  34.769	  95.000	  33.642	Fill1	R	2	51	2	798
7340	8	33	97.000	  37.021	  82.000	  43.793	  63.000	  57.000	Com1	R	3	51	3	585
7340	8	34	93.000	  38.699	  92.000	  34.228	  96.000	  33.188	Fill1	R	6	51	1	555
7340	8	35	60.000	  58.000	  58.000	  51.569	  61.000	  49.148	Fill3	R	6	51	1	898
7340	8	36	39.101	  89.000	  36.101	  82.103	  41.101	  71.774	Fill5	R	5	49	2	938
7340	8	37	97.000	  36.433	  81.000	  43.630	  62.000	  57.000	Com1	R	3	51	3	847
7340	8	38	94.000	  37.021	  79.000	  44.051	  60.000	  58.000	Com1	R	4	49	3	567
7340	8	39	76.000	  45.789	  73.000	  41.205	  79.000	  37.772	Fill2	R	1	49	1	538
7340	8	40	74.000	  49.459	  71.000	  44.803	  76.000	  42.526	Fill2	R	3	49	2	591
7340	8	41	80.000	  44.175	  62.000	  57.000	  40.159	  88.000	Com2	R	5	51	1	530
7340	8	42	96.000	  37.458	  81.000	  44.395	  62.000	  58.000	Com1	R	5	50	3	502
7340	8	43	82.000	  45.329	  63.000	  59.000	  42.239	  88.000	Com2	R	4	51	2	603
7340	8	44	81.000	  43.630	  62.000	  57.000	  41.093	  86.000	Com2	R	1	50	2	558
7340	8	45	56.000	  61.000	  53.000	  55.340	  57.000	  51.439	Fill3	R	5	51	1	659
7340	8	46	96.000	  36.854	  80.000	  44.225	  61.000	  58.000	Com1	R	4	49	3	755
7340	8	47	80.000	  44.987	  61.000	  59.000	  40.898	  88.000	Com2	R	4	51	2	1185
7340	8	48	97.000	  38.320	  81.000	  45.889	  63.000	  59.000	Com1	R	5	50	3	539
7340	8	49	94.000	  40.234	  91.000	  36.132	  97.000	  34.134	Fill1	R	5	51	1	689
7340	8	50	94.000	  38.287	  78.000	  46.141	  61.000	  59.000	Com1	R	2	50	3	1009
7340	8	51	93.000	  38.065	  76.000	  46.579	  59.000	  60.000	Com1	R	6	49	3	691
7340	8	52	96.000	  37.458	  81.000	  44.395	  62.000	  58.000	Com1	R	2	50	3	499
7340	8	53	95.000	  37.853	  80.000	  44.950	  62.000	  58.000	Com1	R	3	51	3	457
7340	8	54	96.000	  36.219	  78.000	  44.577	  61.000	  57.000	Com1	R	1	51	3	593
7340	8	55	96.000	  38.063	  81.000	  45.111	  63.000	  58.000	Com1	R	2	50	3	2195
7340	8	56	95.000	  37.200	  80.000	  44.175	  62.000	  57.000	Com1	R	5	50	3	422
7340	8	57	95.000	  37.884	  80.000	  44.987	  61.000	  59.000	Com1	R	5	50	3	497
7340	8	58	80.000	  44.225	  61.000	  58.000	  39.753	  89.000	Com2	R	5	49	2	1081
7340	8	59	51.176	  68.000	  48.176	  62.188	  53.176	  57.826	Fill4	R	4	50	1	1753
7340	8	60	81.000	  44.395	  62.000	  58.000	  40.404	  89.000	Com2	R	5	50	3	1118
7340	8	61	47.444	  72.000	  46.444	  63.043	  49.444	  59.258	Fill4	R	2	49	1	1420
7340	8	62	91.000	  38.242	  89.000	  34.213	  94.000	  32.138	Fill1	R	4	50	1	686
7340	8	63	81.000	  45.889	  63.000	  59.000	  41.300	  90.000	Com2	R	5	51	1	1342
7340	8	64	95.000	  37.242	  78.000	  45.359	  61.000	  58.000	Com1	R	1	51	3	595
7340	8	65	60.000	  58.000	  58.000	  51.828	  63.000	  47.349	Fill3	R	1	49	1	758
7340	8	66	39.545	  88.000	  37.545	  79.104	  40.545	  73.473	Fill5	R	2	50	3	771
7340	8	67	51.549	  71.000	  50.549	  63.819	  52.549	  61.713	Fill4	R	1	49	1	861
7340	8	68	52.528	  72.000	  51.528	  65.518	  53.528	  63.070	Fill4	R	3	50	1	581
7340	8	69	60.000	  61.000	  59.000	  54.542	  62.000	  52.548	Fill3	R	4	50	1	536
7340	8	70	95.000	  38.505	  79.000	  46.304	  62.000	  59.000	Com1	R	3	51	3	701
7340	8	71	79.000	  44.051	  60.000	  58.000	  39.545	  88.000	Com2	R	2	51	2	634
7340	8	72	75.000	  46.400	  74.000	  41.041	  76.000	  39.539	Fill2	R	3	50	1	778
7340	8	73	78.000	  46.141	  61.000	  59.000	  40.438	  89.000	Com2	R	2	49	1	1589
7340	8	74	40.000	  87.000	  38.000	  78.237	  41.000	  72.024	Fill5	R	4	50	1	850
7340	8	75	37.956	  90.000	  35.956	  81.017	  38.956	  73.776	Fill5	R	5	51	1	569
7340	8	76	91.000	  38.242	  89.000	  34.393	  93.000	  32.828	Fill1	R	4	50	1	523
7340	8	77	97.000	  37.072	  80.000	  44.950	  62.000	  58.000	Com1	R	3	49	2	1873
7340	8	78	76.000	  47.355	  73.000	  43.466	  78.000	  40.949	Fill2	R	5	51	1	689
7340	8	79	61.000	  62.000	  59.000	  56.458	  63.000	  53.333	Fill3	R	6	51	1	753
7340	8	80	60.000	  58.000	  57.000	  52.895	  63.000	  48.762	Fill3	R	2	49	1	1085
7340	9	1	63.000	  60.000	  60.000	  56.267	  66.000	  51.167	Fill3	R	3	50	1	1592
7340	9	2	95.000	  39.789	  92.000	  36.685	  97.000	  34.392	Fill1	R	1	49	1	578
7340	9	3	40.198	  91.000	  38.198	  82.178	  41.198	  76.290	Fill5	R	2	51	2	1221
7340	9	4	96.000	  38.063	  82.000	  44.561	  63.000	  58.000	Com1	R	3	50	1	800
7340	9	5	60.000	  60.000	  59.000	  52.559	  63.000	  50.397	Fill3	R	5	51	1	711
7340	9	6	49.432	  74.000	  46.432	  69.650	  50.432	  64.026	Fill4	R	2	50	3	552
7340	9	7	39.761	  92.000	  38.761	  81.061	  40.761	  76.421	Fill5	R	4	50	1	765
7340	9	8	42.000	  90.000	  39.000	  84.077	  43.000	  75.558	Fill5	R	3	50	1	538
7340	9	9	61.000	  59.000	  59.000	  53.017	  62.000	  51.194	Fill3	R	4	50	1	416
7340	9	10	72.000	  49.139	  69.000	  44.899	  75.000	  41.760	Fill2	R	3	50	1	410
7340	9	11	80.000	  45.725	  62.000	  59.000	  41.101	  89.000	Com2	R	4	51	2	676
7340	9	12	58.000	  63.000	  57.000	  56.649	  61.000	  51.852	Fill3	R	1	49	1	437
7340	9	13	96.000	  36.854	  79.000	  44.785	  61.000	  58.000	Com1	R	2	50	3	573
7340	9	14	96.000	  37.458	  79.000	  45.519	  62.000	  58.000	Com1	R	2	50	3	400
7340	9	15	80.000	  45.675	  63.000	  58.000	  41.523	  88.000	Com2	R	5	49	2	634
7340	9	16	48.466	  73.000	  46.466	  65.984	  50.466	  62.002	Fill4	R	4	50	1	730
7340	9	17	90.000	  39.311	  87.000	  35.356	  93.000	  33.183	Fill1	R	2	49	1	792
7340	9	18	96.000	  37.458	  80.000	  44.950	  62.000	  58.000	Com1	R	2	50	3	498
7340	9	19	40.000	  90.000	  38.000	  81.132	  41.000	  74.902	Fill5	R	6	51	1	1115
7340	9	20	49.432	  74.000	  48.432	  65.307	  51.432	  61.576	Fill4	R	3	50	1	488
7340	9	21	78.000	  45.359	  61.000	  58.000	  40.205	  88.000	Com2	R	1	51	3	1120
7340	9	22	82.000	  46.049	  64.000	  59.000	  42.909	  88.000	Com2	R	1	50	2	637
7340	9	23	78.000	  48.462	  77.000	  43.260	  79.000	  41.646	Fill2	R	3	50	1	717
7340	9	24	78.000	  45.359	  61.000	  58.000	  39.753	  89.000	Com2	R	6	50	2	618
7340	9	25	59.000	  62.000	  58.000	  54.741	  62.000	  51.903	Fill3	R	2	49	1	717
7340	9	26	50.690	  71.000	  47.690	  66.974	  52.690	  59.537	Fill4	R	2	49	1	729
7340	9	27	81.000	  44.395	  62.000	  58.000	  40.404	  89.000	Com2	R	5	49	2	727
7340	9	28	82.000	  45.329	  63.000	  59.000	  41.300	  90.000	Com2	R	4	51	2	900
7340	9	29	82.000	  44.561	  63.000	  58.000	  41.523	  88.000	Com2	R	6	50	2	649
7340	9	30	98.000	  37.286	  80.000	  45.675	  63.000	  58.000	Com1	R	4	49	3	569
7340	9	31	78.000	  48.462	  76.000	  43.579	  80.000	  42.163	Fill2	R	5	51	1	684
7340	9	32	76.000	  47.368	  75.000	  41.533	  78.000	  40.154	Fill2	R	5	51	1	540
7340	9	33	96.000	  38.719	  82.000	  45.329	  63.000	  59.000	Com1	R	2	50	3	578
7340	9	34	96.000	  36.813	  81.000	  43.630	  62.000	  57.000	Com1	R	3	51	3	517
7340	9	35	79.000	  44.785	  61.000	  58.000	  39.753	  89.000	Com2	R	3	50	1	442
7340	9	36	59.000	  62.000	  56.000	  57.821	  62.000	  52.468	Fill3	R	3	50	1	498
7340	9	37	48.720	  75.000	  47.720	  66.241	  50.720	  63.131	Fill4	R	1	49	1	762
7340	9	38	97.000	  37.072	  81.000	  44.395	  62.000	  58.000	Com1	R	4	49	3	696
7340	9	39	78.000	  45.359	  61.000	  58.000	  40.205	  88.000	Com2	R	2	51	2	616
7340	9	40	91.000	  40.198	  88.000	  36.534	  92.000	  35.130	Fill1	R	5	51	1	1018
7340	9	41	96.000	  37.458	  81.000	  44.395	  62.000	  58.000	Com1	R	6	49	3	604
7340	9	42	97.000	  37.072	  79.000	  45.519	  62.000	  58.000	Com1	R	4	49	3	607
7340	9	43	98.000	  35.357	  81.000	  42.778	  63.000	  55.000	Com1	R	4	49	3	545
7340	9	44	94.000	  37.638	  78.000	  45.359	  61.000	  58.000	Com1	R	4	51	2	647
7340	9	45	58.000	  61.000	  55.000	  56.291	  59.000	  52.542	Fill3	R	3	50	1	791
7340	9	46	39.989	  90.000	  38.989	  78.997	  41.989	  72.757	Fill5	R	4	51	2	865
7340	9	47	96.000	  38.104	  80.000	  45.725	  62.000	  59.000	Com1	R	3	51	3	1066
7340	9	48	96.000	  36.854	  78.000	  45.359	  61.000	  58.000	Com1	R	5	49	2	745
7340	9	49	81.000	  45.111	  63.000	  58.000	  41.056	  89.000	Com2	R	3	49	2	887
7340	9	50	74.000	  49.432	  73.000	  43.753	  76.000	  42.276	Fill2	R	3	50	1	623
7340	9	51	93.000	  38.710	  91.000	  34.747	  95.000	  33.432	Fill1	R	3	50	1	561
7340	9	52	81.000	  42.778	  63.000	  55.000	  40.765	  85.000	Com2	R	2	51	2	727
7340	9	53	81.000	  43.630	  62.000	  57.000	  40.621	  87.000	Com2	R	6	50	2	581
7340	9	54	51.429	  70.000	  48.429	  64.982	  52.429	  59.624	Fill4	R	6	51	1	712
7340	9	55	80.000	  44.950	  62.000	  58.000	  41.333	  87.000	Com2	R	2	51	2	692
7340	9	56	41.538	  91.000	  39.538	  81.693	  42.538	  76.213	Fill5	R	4	49	3	676
7340	9	57	74.000	  49.378	  72.000	  44.236	  76.000	  42.474	Fill2	R	1	51	3	708
7340	9	58	63.000	  60.000	  61.000	  54.967	  65.000	  51.262	Fill3	R	3	50	1	513
7340	9	59	98.000	  38.531	  82.000	  46.049	  64.000	  59.000	Com1	R	5	50	3	631
7340	9	60	96.000	  38.104	  79.000	  46.304	  62.000	  59.000	Com1	R	5	49	2	1129
7340	9	61	98.000	  37.286	  81.000	  45.111	  63.000	  58.000	Com1	R	5	50	3	439
7340	9	62	96.000	  38.063	  82.000	  44.561	  63.000	  58.000	Com1	R	1	51	3	543
7340	9	63	94.000	  40.213	  93.000	  36.290	  96.000	  34.271	Fill1	R	5	51	1	1668
7340	9	64	95.000	  37.242	  78.000	  45.359	  61.000	  58.000	Com1	R	2	50	3	620
7340	9	65	79.000	  45.519	  62.000	  58.000	  40.404	  89.000	Com2	R	1	50	2	975
7340	9	66	75.000	  47.987	  72.000	  43.903	  78.000	  40.705	Fill2	R	3	50	1	817
7340	9	67	93.000	  38.699	  90.000	  35.456	  95.000	  33.621	Fill1	R	2	49	1	620
7340	9	68	94.000	  37.638	  78.000	  45.359	  61.000	  58.000	Com1	R	3	49	2	591
7340	9	69	38.872	  94.000	  36.872	  84.643	  40.872	  76.262	Fill5	R	1	49	1	688
7340	9	70	53.239	  71.000	  51.239	  64.130	  54.239	  61.800	Fill4	R	4	51	2	704
7340	9	71	79.000	  46.304	  62.000	  59.000	  41.101	  89.000	Com2	R	5	51	1	1662
7340	9	72	52.500	  72.000	  50.500	  65.069	  53.500	  62.729	Fill4	R	2	49	1	921
7340	9	73	74.000	  49.432	  71.000	  45.451	  77.000	  41.636	Fill2	R	3	50	1	700
7340	9	74	82.000	  44.561	  63.000	  58.000	  41.056	  89.000	Com2	R	5	49	2	602
7340	9	75	81.000	  44.395	  62.000	  58.000	  41.333	  87.000	Com2	R	5	49	2	876
7340	9	76	91.000	  40.154	  90.000	  35.444	  94.000	  34.011	Fill1	R	3	50	1	596
7340	9	77	78.000	  45.359	  61.000	  58.000	  40.205	  88.000	Com2	R	2	50	3	583
7340	9	78	79.000	  45.519	  62.000	  58.000	  41.333	  87.000	Com2	R	4	49	3	921
7340	9	79	91.000	  40.198	  89.000	  36.506	  93.000	  34.839	Fill1	R	5	51	1	575
7340	9	80	38.879	  91.000	  37.879	  80.123	  39.879	  74.926	Fill5	R	2	49	1	977
