username: 7797, Experiment time (minutes): 34
Operating system: Windows 7
Manufacturer: Adobe Windows
Player type: PlugIn
Version: WIN 10,3,183,10

username	blkNum	trlNum	Rect1Height	Rect1Width	Rect2Height	Rect2Width	Rect3Height	Rect3Width	Effect	StimType	StimPosition	rawResp	response	RT
7797	0	1	92.000	  41.109	  76.000	  49.763	  61.000	  62.000	Com1	R	2	50	3	7253
7797	0	2	59.000	  59.000	  58.000	  52.224	  60.000	  49.917	Fill3	R	3	50	1	5123
7797	0	3	73.000	  50.110	  59.000	  62.000	  50.110	  73.000	Com2	R	5	49	2	5409
7797	1	1	95.000	  39.158	  80.000	  46.500	  62.000	  60.000	Com1	R	3	51	3	6346
7797	1	2	96.000	  36.854	  79.000	  44.785	  61.000	  58.000	Com1	R	4	49	3	2236
7797	1	3	37.124	  89.000	  36.124	  77.595	  38.124	  72.501	Fill5	R	5	51	1	6667
7797	1	4	96.000	  35.583	  79.000	  43.241	  61.000	  56.000	Com1	R	3	51	3	4780
7797	1	5	95.000	  39.126	  94.000	  34.543	  96.000	  34.000	Fill1	R	2	49	1	1318
7797	1	6	39.989	  90.000	  37.989	  80.445	  40.989	  75.142	Fill5	R	5	50	3	1708
7797	1	7	97.000	  36.433	  80.000	  44.175	  62.000	  57.000	Com1	R	3	51	3	2129
7797	1	8	59.000	  61.000	  57.000	  55.491	  62.000	  51.194	Fill3	R	3	50	1	2950
7797	1	9	80.000	  44.175	  62.000	  57.000	  40.159	  88.000	Com2	R	6	50	2	3307
7797	1	10	81.000	  43.630	  62.000	  57.000	  40.159	  88.000	Com2	R	4	51	2	1473
7797	1	11	56.000	  59.000	  55.000	  52.073	  58.000	  49.069	Fill3	R	3	50	1	1872
7797	1	12	39.101	  89.000	  37.101	  79.566	  41.101	  72.188	Fill5	R	4	49	3	2336
7797	1	13	79.000	  43.241	  61.000	  56.000	  39.264	  87.000	Com2	R	3	49	2	1246
7797	1	14	81.000	  44.333	  63.000	  57.000	  41.276	  87.000	Com2	R	2	51	2	1142
7797	1	15	98.000	  37.286	  80.000	  45.675	  63.000	  58.000	Com1	R	1	49	1	1844
7797	1	16	78.000	  46.141	  61.000	  59.000	  39.989	  90.000	Com2	R	3	49	2	963
7797	1	17	88.000	  37.545	  87.000	  32.379	  89.000	  31.607	Fill1	R	4	50	1	2776
7797	1	18	95.000	  37.263	  77.000	  45.974	  60.000	  59.000	Com1	R	2	51	2	2163
7797	1	19	80.000	  44.987	  61.000	  59.000	  40.898	  88.000	Com2	R	4	51	2	3272
7797	1	20	63.000	  57.000	  61.000	  51.656	  66.000	  47.879	Fill3	R	5	51	1	3008
7797	1	21	50.833	  72.000	  48.833	  65.119	  52.833	  60.473	Fill4	R	5	51	1	1315
7797	1	22	82.000	  45.329	  63.000	  59.000	  41.300	  90.000	Com2	R	4	51	2	1655
7797	1	23	77.000	  45.974	  60.000	  59.000	  40.227	  88.000	Com2	R	4	51	2	2143
7797	1	24	80.000	  46.500	  62.000	  60.000	  40.879	  91.000	Com2	R	1	50	2	1494
7797	1	25	96.000	  37.406	  95.000	  33.063	  99.000	  31.576	Fill1	R	3	50	1	1173
7797	1	26	47.884	  69.000	  44.884	  63.541	  49.884	  57.233	Fill4	R	5	51	1	1056
7797	1	27	94.000	  38.287	  78.000	  46.141	  61.000	  59.000	Com1	R	3	51	3	1360
7797	1	28	49.714	  70.000	  47.714	  64.299	  50.714	  59.431	Fill4	R	2	49	1	901
7797	1	29	76.000	  45.789	  74.000	  40.743	  78.000	  39.077	Fill2	R	3	50	1	1019
7797	1	30	49.986	  72.000	  46.986	  66.786	  50.986	  61.056	Fill4	R	6	51	1	1901
7797	1	31	96.000	  39.375	  95.000	  35.400	  97.000	  33.938	Fill1	R	2	49	1	779
7797	1	32	79.000	  47.848	  77.000	  42.935	  82.000	  40.756	Fill2	R	4	51	2	1012
7797	1	33	96.000	  38.719	  82.000	  45.329	  63.000	  59.000	Com1	R	1	51	3	1303
7797	1	34	80.000	  44.175	  62.000	  57.000	  40.621	  87.000	Com2	R	6	50	2	1149
7797	1	35	96.000	  36.219	  80.000	  43.462	  61.000	  57.000	Com1	R	4	49	3	1018
7797	1	36	82.000	  44.561	  63.000	  58.000	  41.056	  89.000	Com2	R	2	51	2	1004
7797	1	37	63.000	  60.000	  61.000	  54.754	  64.000	  52.578	Fill3	R	5	51	1	879
7797	1	38	96.000	  37.406	  80.000	  44.888	  63.000	  57.000	Com1	R	4	49	3	775
7797	1	39	41.276	  87.000	  40.276	  76.398	  42.276	  73.115	Fill5	R	2	51	2	834
7797	1	40	80.000	  43.462	  61.000	  57.000	  40.430	  86.000	Com2	R	5	51	1	1627
7797	1	41	94.000	  37.638	  79.000	  44.785	  61.000	  58.000	Com1	R	5	50	3	821
7797	1	42	79.000	  47.051	  76.000	  43.197	  81.000	  40.654	Fill2	R	5	51	1	784
7797	1	43	91.000	  38.242	  90.000	  33.956	  94.000	  31.851	Fill1	R	5	51	1	954
7797	1	44	60.000	  58.000	  59.000	  52.017	  63.000	  48.873	Fill3	R	4	50	1	1199
7797	1	45	53.597	  67.000	  52.597	  59.908	  54.597	  57.897	Fill4	R	3	51	3	1867
7797	1	46	42.239	  88.000	  41.239	  77.937	  43.239	  73.476	Fill5	R	2	49	1	2346
7797	1	47	95.000	  37.200	  81.000	  43.630	  62.000	  57.000	Com1	R	2	50	3	1063
7797	1	48	81.000	  44.395	  62.000	  58.000	  41.333	  87.000	Com2	R	1	50	2	727
7797	1	49	90.000	  39.989	  87.000	  35.897	  93.000	  34.172	Fill1	R	2	49	1	1924
7797	1	50	97.000	  36.433	  80.000	  44.175	  62.000	  57.000	Com1	R	3	51	3	882
7797	1	51	93.000	  39.355	  91.000	  35.022	  94.000	  33.681	Fill1	R	1	49	1	1018
7797	1	52	63.000	  59.000	  62.000	  51.984	  64.000	  51.750	Fill3	R	4	50	1	844
7797	1	53	75.000	  47.987	  74.000	  42.122	  78.000	  40.859	Fill2	R	1	49	1	1475
7797	1	54	78.000	  46.038	  77.000	  40.169	  79.000	  40.253	Fill2	R	4	50	1	723
7797	1	55	75.000	  48.800	  74.000	  42.757	  78.000	  41.474	Fill2	R	6	51	1	690
7797	1	56	79.000	  44.785	  61.000	  58.000	  40.205	  88.000	Com2	R	5	49	2	783
7797	1	57	40.667	  90.000	  39.667	  78.908	  42.667	  73.453	Fill5	R	5	51	1	700
7797	1	58	80.000	  45.675	  63.000	  58.000	  42.000	  87.000	Com2	R	5	49	2	890
7797	1	59	72.000	  45.889	  69.000	  40.928	  74.000	  39.068	Fill2	R	4	50	1	738
7797	1	60	59.000	  61.000	  58.000	  54.052	  61.000	  50.967	Fill3	R	2	49	1	831
7797	1	61	80.000	  44.888	  63.000	  57.000	  41.276	  87.000	Com2	R	3	50	1	1114
7797	1	62	52.352	  71.000	  51.352	  63.425	  54.352	  59.556	Fill4	R	4	50	1	999
7797	1	63	74.000	  48.635	  72.000	  43.250	  76.000	  40.895	Fill2	R	5	51	1	986
7797	1	64	49.986	  72.000	  47.986	  66.144	  50.986	  61.370	Fill4	R	4	50	1	1196
7797	1	65	97.000	  37.072	  80.000	  44.950	  62.000	  58.000	Com1	R	4	51	2	1446
7797	1	66	95.000	  37.853	  81.000	  44.395	  62.000	  58.000	Com1	R	3	49	2	1654
7797	1	67	82.000	  45.329	  63.000	  59.000	  42.239	  88.000	Com2	R	5	50	3	1310
7797	1	68	96.000	  38.063	  82.000	  44.561	  63.000	  58.000	Com1	R	5	50	3	707
7797	1	69	90.000	  39.989	  88.000	  35.773	  92.000	  33.967	Fill1	R	5	51	1	1009
7797	1	70	79.000	  44.785	  61.000	  58.000	  39.753	  89.000	Com2	R	6	51	1	3843
7797	1	71	81.000	  44.395	  62.000	  58.000	  40.404	  89.000	Com2	R	5	49	2	1748
7797	1	72	60.000	  61.000	  59.000	  55.153	  61.000	  52.475	Fill3	R	4	50	1	6602
7797	1	73	80.000	  44.950	  62.000	  58.000	  41.333	  87.000	Com2	R	4	51	2	2507
7797	1	74	41.538	  91.000	  38.538	  84.928	  42.538	  77.013	Fill5	R	4	50	1	1905
7797	1	75	97.000	  37.021	  81.000	  44.333	  63.000	  57.000	Com1	R	3	49	2	2894
7797	1	76	97.000	  38.320	  82.000	  45.329	  63.000	  59.000	Com1	R	2	49	1	2342
7797	1	77	39.989	  90.000	  38.989	  78.535	  40.989	  74.581	Fill5	R	1	49	1	1266
7797	1	78	96.000	  37.458	  81.000	  44.395	  62.000	  58.000	Com1	R	4	51	2	1274
7797	1	79	54.000	  70.000	  53.000	  62.075	  55.000	  60.891	Fill4	R	5	51	1	1300
7797	1	80	96.000	  37.490	  80.000	  44.987	  61.000	  59.000	Com1	R	5	49	2	1211
7797	2	1	76.000	  45.789	  74.000	  40.608	  77.000	  39.610	Fill2	R	3	50	1	3705
7797	2	2	40.000	  87.000	  38.000	  78.237	  41.000	  72.024	Fill5	R	3	51	3	1227
7797	2	3	95.000	  37.853	  80.000	  44.950	  62.000	  58.000	Com1	R	3	51	3	1221
7797	2	4	94.000	  37.021	  79.000	  44.051	  60.000	  58.000	Com1	R	1	51	3	1504
7797	2	5	81.000	  44.395	  62.000	  58.000	  40.864	  88.000	Com2	R	5	49	2	798
7797	2	6	80.000	  44.950	  62.000	  58.000	  40.404	  89.000	Com2	R	2	49	1	1448
7797	2	7	47.444	  72.000	  46.444	  63.043	  49.444	  59.258	Fill4	R	5	51	1	1624
7797	2	8	60.000	  58.000	  58.000	  51.828	  63.000	  47.349	Fill3	R	1	49	1	1922
7797	2	9	76.000	  47.355	  73.000	  43.466	  78.000	  40.949	Fill2	R	4	50	1	752
7797	2	10	79.000	  46.304	  62.000	  59.000	  41.568	  88.000	Com2	R	6	50	2	1133
7797	2	11	93.000	  39.355	  91.000	  34.769	  95.000	  33.642	Fill1	R	5	51	1	1099
7797	2	12	75.000	  46.400	  72.000	  41.625	  78.000	  38.821	Fill2	R	1	49	1	891
7797	2	13	81.000	  43.630	  62.000	  57.000	  41.093	  86.000	Com2	R	2	51	2	1346
7797	2	14	81.000	  45.111	  63.000	  58.000	  41.056	  89.000	Com2	R	3	49	2	776
7797	2	15	37.956	  90.000	  35.956	  81.017	  38.956	  73.776	Fill5	R	5	51	1	658
7797	2	16	50.690	  71.000	  49.690	  62.809	  51.690	  61.346	Fill4	R	2	49	1	626
7797	2	17	97.000	  38.320	  81.000	  45.889	  63.000	  59.000	Com1	R	3	50	1	533
7797	2	18	97.000	  37.021	  82.000	  43.793	  63.000	  57.000	Com1	R	1	50	2	1466
7797	2	19	96.000	  36.854	  80.000	  44.225	  61.000	  58.000	Com1	R	5	49	2	1930
7797	2	20	72.000	  47.444	  71.000	  41.620	  74.000	  40.581	Fill2	R	5	51	1	1272
7797	2	21	81.000	  44.395	  62.000	  58.000	  40.404	  89.000	Com2	R	1	49	1	864
7797	2	22	91.000	  38.242	  89.000	  34.213	  94.000	  32.138	Fill1	R	4	50	1	680
7797	2	23	76.000	  45.789	  73.000	  41.205	  79.000	  37.772	Fill2	R	4	50	1	1480
7797	2	24	96.000	  37.458	  81.000	  44.395	  62.000	  58.000	Com1	R	3	51	3	999
7797	2	25	82.000	  45.329	  63.000	  59.000	  42.239	  88.000	Com2	R	3	49	2	809
7797	2	26	96.000	  37.490	  79.000	  45.557	  61.000	  59.000	Com1	R	5	49	2	2229
7797	2	27	95.000	  37.884	  80.000	  44.987	  61.000	  59.000	Com1	R	5	49	2	1320
7797	2	28	60.000	  61.000	  59.000	  54.542	  62.000	  52.548	Fill3	R	5	51	1	989
7797	2	29	39.783	  92.000	  37.783	  83.372	  40.783	  76.945	Fill5	R	3	51	3	3136
7797	2	30	91.000	  38.242	  89.000	  34.393	  93.000	  32.828	Fill1	R	4	50	1	845
7797	2	31	95.000	  38.505	  79.000	  46.304	  62.000	  59.000	Com1	R	2	51	2	2533
7797	2	32	79.000	  45.557	  61.000	  59.000	  40.438	  89.000	Com2	R	6	51	1	1993
7797	2	33	61.000	  59.000	  59.000	  53.000	  63.000	  50.143	Fill3	R	4	50	1	1796
7797	2	34	60.000	  58.000	  58.000	  51.569	  61.000	  49.148	Fill3	R	1	49	1	935
7797	2	35	78.000	  45.359	  61.000	  58.000	  40.205	  88.000	Com2	R	5	51	1	2556
7797	2	36	96.000	  36.219	  78.000	  44.577	  61.000	  57.000	Com1	R	3	51	3	2369
7797	2	37	96.000	  38.719	  82.000	  45.329	  63.000	  59.000	Com1	R	4	51	2	1149
7797	2	38	60.000	  58.000	  57.000	  52.895	  63.000	  48.762	Fill3	R	4	50	1	2762
7797	2	39	95.000	  37.242	  78.000	  45.359	  61.000	  58.000	Com1	R	5	49	2	1767
7797	2	40	80.000	  44.175	  62.000	  57.000	  40.159	  88.000	Com2	R	5	51	1	2521
7797	2	41	39.101	  89.000	  36.101	  82.103	  41.101	  71.774	Fill5	R	1	51	3	1103
7797	2	42	88.000	  38.818	  87.000	  33.644	  89.000	  33.393	Fill1	R	2	49	1	860
7797	2	43	49.714	  70.000	  47.714	  62.937	  50.714	  59.392	Fill4	R	4	50	1	1444
7797	2	44	93.000	  38.065	  76.000	  46.579	  59.000	  60.000	Com1	R	1	51	3	996
7797	2	45	81.000	  44.395	  62.000	  58.000	  40.864	  88.000	Com2	R	4	50	1	1399
7797	2	46	97.000	  36.433	  81.000	  43.630	  62.000	  57.000	Com1	R	5	49	2	1097
7797	2	47	39.545	  88.000	  37.545	  79.104	  40.545	  73.473	Fill5	R	2	51	2	1769
7797	2	48	56.000	  61.000	  53.000	  55.340	  57.000	  51.439	Fill3	R	5	51	1	843
7797	2	49	79.000	  44.051	  60.000	  58.000	  39.545	  88.000	Com2	R	4	51	2	851
7797	2	50	96.000	  38.063	  81.000	  45.111	  63.000	  58.000	Com1	R	4	49	3	795
7797	2	51	75.000	  46.400	  74.000	  41.041	  76.000	  39.539	Fill2	R	3	50	1	696
7797	2	52	96.000	  37.458	  81.000	  44.395	  62.000	  58.000	Com1	R	1	51	3	807
7797	2	53	94.000	  40.234	  91.000	  36.132	  97.000	  34.134	Fill1	R	4	50	1	1217
7797	2	54	78.000	  46.141	  61.000	  59.000	  40.438	  89.000	Com2	R	3	50	1	1148
7797	2	55	51.176	  68.000	  48.176	  62.188	  53.176	  57.826	Fill4	R	2	49	1	777
7797	2	56	93.000	  37.419	  92.000	  33.424	  95.000	  31.737	Fill1	R	5	51	1	724
7797	2	57	97.000	  37.072	  81.000	  44.395	  62.000	  58.000	Com1	R	1	50	2	1249
7797	2	58	40.000	  87.000	  37.000	  80.297	  41.000	  71.659	Fill5	R	3	51	3	921
7797	2	59	93.000	  38.699	  92.000	  34.228	  96.000	  33.188	Fill1	R	4	50	1	719
7797	2	60	80.000	  44.225	  61.000	  58.000	  39.753	  89.000	Com2	R	5	49	2	684
7797	2	61	74.000	  49.459	  71.000	  44.803	  76.000	  42.526	Fill2	R	3	50	1	1579
7797	2	62	60.000	  58.000	  57.000	  52.965	  61.000	  50.393	Fill3	R	4	50	1	966
7797	2	63	80.000	  44.950	  62.000	  58.000	  40.864	  88.000	Com2	R	1	50	2	920
7797	2	64	61.000	  62.000	  59.000	  56.458	  63.000	  53.333	Fill3	R	2	49	1	590
7797	2	65	78.000	  44.577	  61.000	  57.000	  39.966	  87.000	Com2	R	5	51	1	944
7797	2	66	97.000	  37.072	  80.000	  44.950	  62.000	  58.000	Com1	R	5	49	2	694
7797	2	67	49.714	  70.000	  46.714	  65.890	  51.714	  57.818	Fill4	R	4	50	1	726
7797	2	68	52.528	  72.000	  51.528	  65.518	  53.528	  63.070	Fill4	R	3	51	3	931
7797	2	69	41.560	  91.000	  38.560	  84.543	  42.560	  76.691	Fill5	R	2	49	1	632
7797	2	70	92.000	  37.826	  90.000	  33.133	  94.000	  31.862	Fill1	R	6	51	1	777
7797	2	71	94.000	  38.287	  78.000	  46.141	  61.000	  59.000	Com1	R	5	50	3	836
7797	2	72	51.549	  71.000	  50.549	  63.819	  52.549	  61.713	Fill4	R	4	51	2	1916
7797	2	73	49.714	  70.000	  47.714	  63.189	  51.714	  58.630	Fill4	R	4	50	1	552
7797	2	74	95.000	  37.200	  80.000	  44.175	  62.000	  57.000	Com1	R	4	51	2	971
7797	2	75	39.989	  90.000	  38.989	  78.946	  40.989	  74.874	Fill5	R	4	49	3	1857
7797	2	76	82.000	  43.793	  63.000	  57.000	  41.276	  87.000	Com2	R	3	49	2	944
7797	2	77	80.000	  44.987	  61.000	  59.000	  40.898	  88.000	Com2	R	2	51	2	662
7797	2	78	81.000	  45.889	  63.000	  59.000	  41.300	  90.000	Com2	R	2	49	1	598
7797	2	79	77.000	  49.117	  75.000	  45.013	  80.000	  42.275	Fill2	R	3	50	1	456
7797	2	80	76.000	  46.579	  59.000	  60.000	  39.775	  89.000	Com2	R	4	50	1	656
7797	3	1	79.000	  44.785	  61.000	  58.000	  39.753	  89.000	Com2	R	2	49	1	3888
7797	3	2	60.000	  60.000	  59.000	  52.559	  63.000	  50.397	Fill3	R	4	50	1	1285
7797	3	3	80.000	  45.725	  62.000	  59.000	  41.101	  89.000	Com2	R	4	51	2	1630
7797	3	4	78.000	  48.462	  76.000	  43.579	  80.000	  42.163	Fill2	R	4	50	1	567
7797	3	5	96.000	  36.854	  78.000	  45.359	  61.000	  58.000	Com1	R	3	51	3	859
7797	3	6	53.239	  71.000	  51.239	  64.130	  54.239	  61.800	Fill4	R	5	51	1	915
7797	3	7	78.000	  45.359	  61.000	  58.000	  40.205	  88.000	Com2	R	5	49	2	632
7797	3	8	38.872	  94.000	  36.872	  84.643	  40.872	  76.262	Fill5	R	6	51	1	747
7797	3	9	81.000	  43.630	  62.000	  57.000	  40.621	  87.000	Com2	R	6	50	2	696
7797	3	10	48.720	  75.000	  47.720	  66.241	  50.720	  63.131	Fill4	R	1	49	1	696
7797	3	11	78.000	  45.359	  61.000	  58.000	  39.753	  89.000	Com2	R	4	50	1	504
7797	3	12	74.000	  49.432	  71.000	  45.451	  77.000	  41.636	Fill2	R	1	49	1	718
7797	3	13	74.000	  49.432	  73.000	  43.753	  76.000	  42.276	Fill2	R	3	51	3	651
7797	3	14	58.000	  61.000	  55.000	  56.291	  59.000	  52.542	Fill3	R	4	50	1	1258
7797	3	15	79.000	  45.519	  62.000	  58.000	  41.333	  87.000	Com2	R	2	51	2	706
7797	3	16	96.000	  37.458	  80.000	  44.950	  62.000	  58.000	Com1	R	5	50	3	672
7797	3	17	79.000	  45.519	  62.000	  58.000	  40.404	  89.000	Com2	R	2	49	1	1551
7797	3	18	96.000	  38.719	  82.000	  45.329	  63.000	  59.000	Com1	R	2	50	3	1181
7797	3	19	82.000	  44.561	  63.000	  58.000	  41.056	  89.000	Com2	R	4	51	2	887
7797	3	20	98.000	  35.357	  81.000	  42.778	  63.000	  55.000	Com1	R	4	50	1	671
7797	3	21	79.000	  46.304	  62.000	  59.000	  41.101	  89.000	Com2	R	6	51	1	2271
7797	3	22	61.000	  59.000	  59.000	  53.017	  62.000	  51.194	Fill3	R	5	51	1	1023
7797	3	23	74.000	  49.378	  72.000	  44.236	  76.000	  42.474	Fill2	R	6	51	1	1059
7797	3	24	82.000	  45.329	  63.000	  59.000	  41.300	  90.000	Com2	R	1	50	2	738
7797	3	25	49.432	  74.000	  48.432	  65.307	  51.432	  61.576	Fill4	R	6	49	3	943
7797	3	26	59.000	  62.000	  58.000	  54.741	  62.000	  51.903	Fill3	R	3	50	1	597
7797	3	27	72.000	  49.139	  69.000	  44.899	  75.000	  41.760	Fill2	R	4	50	1	984
7797	3	28	96.000	  38.104	  80.000	  45.725	  62.000	  59.000	Com1	R	4	49	3	858
7797	3	29	97.000	  37.072	  81.000	  44.395	  62.000	  58.000	Com1	R	3	51	3	706
7797	3	30	81.000	  44.395	  62.000	  58.000	  41.333	  87.000	Com2	R	6	50	2	1855
7797	3	31	96.000	  38.104	  79.000	  46.304	  62.000	  59.000	Com1	R	4	49	3	895
7797	3	32	95.000	  39.789	  92.000	  36.685	  97.000	  34.392	Fill1	R	5	51	1	1527
7797	3	33	58.000	  63.000	  57.000	  56.649	  61.000	  51.852	Fill3	R	4	51	2	3045
7797	3	34	51.429	  70.000	  48.429	  64.982	  52.429	  59.624	Fill4	R	4	50	1	2084
7797	3	35	93.000	  38.699	  90.000	  35.456	  95.000	  33.621	Fill1	R	4	50	1	732
7797	3	36	90.000	  39.311	  87.000	  35.356	  93.000	  33.183	Fill1	R	4	50	1	1242
7797	3	37	76.000	  47.368	  75.000	  41.533	  78.000	  40.154	Fill2	R	1	49	1	657
7797	3	38	63.000	  60.000	  60.000	  56.267	  66.000	  51.167	Fill3	R	1	49	1	594
7797	3	39	91.000	  40.198	  88.000	  36.534	  92.000	  35.130	Fill1	R	2	49	1	613
7797	3	40	94.000	  37.638	  78.000	  45.359	  61.000	  58.000	Com1	R	4	49	3	631
7797	3	41	75.000	  47.987	  72.000	  43.903	  78.000	  40.705	Fill2	R	5	51	1	634
7797	3	42	38.879	  91.000	  37.879	  80.123	  39.879	  74.926	Fill5	R	3	50	1	650
7797	3	43	40.000	  90.000	  38.000	  81.132	  41.000	  74.902	Fill5	R	6	51	1	666
7797	3	44	80.000	  45.675	  63.000	  58.000	  41.523	  88.000	Com2	R	6	50	2	682
7797	3	45	96.000	  36.813	  81.000	  43.630	  62.000	  57.000	Com1	R	1	49	1	490
7797	3	46	40.198	  91.000	  38.198	  82.178	  41.198	  76.290	Fill5	R	2	49	1	1490
7797	3	47	80.000	  44.950	  62.000	  58.000	  41.333	  87.000	Com2	R	4	51	2	897
7797	3	48	42.000	  90.000	  39.000	  84.077	  43.000	  75.558	Fill5	R	4	49	3	761
7797	3	49	39.989	  90.000	  38.989	  78.997	  41.989	  72.757	Fill5	R	6	49	3	918
7797	3	50	81.000	  45.111	  63.000	  58.000	  41.056	  89.000	Com2	R	2	51	2	828
7797	3	51	95.000	  37.242	  78.000	  45.359	  61.000	  58.000	Com1	R	3	49	2	1030
7797	3	52	96.000	  38.063	  82.000	  44.561	  63.000	  58.000	Com1	R	5	49	2	633
7797	3	53	94.000	  37.638	  78.000	  45.359	  61.000	  58.000	Com1	R	5	50	3	825
7797	3	54	96.000	  37.458	  81.000	  44.395	  62.000	  58.000	Com1	R	3	49	2	564
7797	3	55	63.000	  60.000	  61.000	  54.967	  65.000	  51.262	Fill3	R	3	50	1	2057
7797	3	56	39.761	  92.000	  38.761	  81.061	  40.761	  76.421	Fill5	R	6	49	3	1521
7797	3	57	78.000	  48.462	  77.000	  43.260	  79.000	  41.646	Fill2	R	2	51	2	975
7797	3	58	96.000	  36.854	  79.000	  44.785	  61.000	  58.000	Com1	R	1	49	1	1425
7797	3	59	93.000	  38.710	  91.000	  34.747	  95.000	  33.432	Fill1	R	1	51	3	1492
7797	3	60	78.000	  45.359	  61.000	  58.000	  40.205	  88.000	Com2	R	3	50	1	805
7797	3	61	97.000	  37.072	  79.000	  45.519	  62.000	  58.000	Com1	R	1	49	1	574
7797	3	62	98.000	  38.531	  82.000	  46.049	  64.000	  59.000	Com1	R	5	49	2	1281
7797	3	63	98.000	  37.286	  81.000	  45.111	  63.000	  58.000	Com1	R	2	51	2	1049
7797	3	64	91.000	  40.198	  89.000	  36.506	  93.000	  34.839	Fill1	R	5	50	3	1065
7797	3	65	96.000	  37.458	  79.000	  45.519	  62.000	  58.000	Com1	R	4	49	3	569
7797	3	66	59.000	  62.000	  56.000	  57.821	  62.000	  52.468	Fill3	R	5	51	1	684
7797	3	67	81.000	  44.395	  62.000	  58.000	  40.404	  89.000	Com2	R	2	49	1	812
7797	3	68	91.000	  40.154	  90.000	  35.444	  94.000	  34.011	Fill1	R	3	50	1	822
7797	3	69	94.000	  40.213	  93.000	  36.290	  96.000	  34.271	Fill1	R	5	51	1	881
7797	3	70	52.500	  72.000	  50.500	  65.069	  53.500	  62.729	Fill4	R	2	49	1	809
7797	3	71	96.000	  38.063	  82.000	  44.561	  63.000	  58.000	Com1	R	1	50	2	1475
7797	3	72	98.000	  37.286	  80.000	  45.675	  63.000	  58.000	Com1	R	3	49	2	803
7797	3	73	78.000	  45.359	  61.000	  58.000	  40.205	  88.000	Com2	R	1	49	1	909
7797	3	74	81.000	  42.778	  63.000	  55.000	  40.765	  85.000	Com2	R	5	49	2	691
7797	3	75	49.432	  74.000	  46.432	  69.650	  50.432	  64.026	Fill4	R	2	49	1	788
7797	3	76	48.466	  73.000	  46.466	  65.984	  50.466	  62.002	Fill4	R	5	51	1	926
7797	3	77	50.690	  71.000	  47.690	  66.974	  52.690	  59.537	Fill4	R	4	50	1	724
7797	3	78	41.538	  91.000	  39.538	  81.693	  42.538	  76.213	Fill5	R	2	50	3	817
7797	3	79	82.000	  46.049	  64.000	  59.000	  42.909	  88.000	Com2	R	2	49	1	812
7797	3	80	82.000	  44.561	  63.000	  58.000	  41.523	  88.000	Com2	R	5	49	2	1750
7797	4	1	60.000	  58.000	  59.000	  52.017	  63.000	  48.873	Fill3	R	1	49	1	2081
7797	4	2	96.000	  39.375	  95.000	  35.400	  97.000	  33.938	Fill1	R	2	49	1	801
7797	4	3	76.000	  45.789	  74.000	  40.743	  78.000	  39.077	Fill2	R	5	51	1	1083
7797	4	4	75.000	  48.800	  74.000	  42.757	  78.000	  41.474	Fill2	R	3	50	1	875
7797	4	5	98.000	  37.286	  80.000	  45.675	  63.000	  58.000	Com1	R	2	50	3	739
7797	4	6	47.884	  69.000	  44.884	  63.541	  49.884	  57.233	Fill4	R	2	49	1	720
7797	4	7	95.000	  37.263	  77.000	  45.974	  60.000	  59.000	Com1	R	4	50	1	669
7797	4	8	39.989	  90.000	  37.989	  80.445	  40.989	  75.142	Fill5	R	4	51	2	1309
7797	4	9	78.000	  46.141	  61.000	  59.000	  39.989	  90.000	Com2	R	1	49	1	836
7797	4	10	96.000	  37.458	  81.000	  44.395	  62.000	  58.000	Com1	R	2	51	2	1435
7797	4	11	74.000	  48.635	  72.000	  43.250	  76.000	  40.895	Fill2	R	5	51	1	1003
7797	4	12	90.000	  39.989	  87.000	  35.897	  93.000	  34.172	Fill1	R	6	51	1	733
7797	4	13	91.000	  38.242	  90.000	  33.956	  94.000	  31.851	Fill1	R	2	49	1	731
7797	4	14	80.000	  44.175	  62.000	  57.000	  40.159	  88.000	Com2	R	5	51	1	665
7797	4	15	80.000	  44.175	  62.000	  57.000	  40.621	  87.000	Com2	R	6	49	3	632
7797	4	16	80.000	  44.987	  61.000	  59.000	  40.898	  88.000	Com2	R	4	51	2	1115
7797	4	17	39.101	  89.000	  37.101	  79.566	  41.101	  72.188	Fill5	R	4	50	1	984
7797	4	18	82.000	  44.561	  63.000	  58.000	  41.056	  89.000	Com2	R	5	51	1	1195
7797	4	19	49.714	  70.000	  47.714	  64.299	  50.714	  59.431	Fill4	R	5	51	1	1685
7797	4	20	49.986	  72.000	  47.986	  66.144	  50.986	  61.370	Fill4	R	5	51	1	1981
7797	4	21	95.000	  39.126	  94.000	  34.543	  96.000	  34.000	Fill1	R	5	51	1	1080
7797	4	22	72.000	  45.889	  69.000	  40.928	  74.000	  39.068	Fill2	R	6	51	1	1207
7797	4	23	82.000	  45.329	  63.000	  59.000	  42.239	  88.000	Com2	R	1	49	1	802
7797	4	24	93.000	  39.355	  91.000	  35.022	  94.000	  33.681	Fill1	R	4	50	1	989
7797	4	25	96.000	  36.219	  80.000	  43.462	  61.000	  57.000	Com1	R	2	51	2	1279
7797	4	26	90.000	  39.989	  88.000	  35.773	  92.000	  33.967	Fill1	R	4	51	2	728
7797	4	27	96.000	  35.583	  79.000	  43.241	  61.000	  56.000	Com1	R	3	49	2	725
7797	4	28	41.276	  87.000	  40.276	  76.398	  42.276	  73.115	Fill5	R	5	51	1	755
7797	4	29	96.000	  36.854	  79.000	  44.785	  61.000	  58.000	Com1	R	3	49	2	896
7797	4	30	82.000	  45.329	  63.000	  59.000	  41.300	  90.000	Com2	R	3	50	1	1256
7797	4	31	97.000	  36.433	  80.000	  44.175	  62.000	  57.000	Com1	R	5	49	2	768
7797	4	32	94.000	  38.287	  78.000	  46.141	  61.000	  59.000	Com1	R	5	49	2	1643
7797	4	33	80.000	  45.675	  63.000	  58.000	  42.000	  87.000	Com2	R	2	49	1	2802
7797	4	34	80.000	  44.950	  62.000	  58.000	  41.333	  87.000	Com2	R	5	51	1	716
7797	4	35	96.000	  37.490	  80.000	  44.987	  61.000	  59.000	Com1	R	4	49	3	730
7797	4	36	81.000	  44.395	  62.000	  58.000	  41.333	  87.000	Com2	R	2	51	2	647
7797	4	37	96.000	  37.406	  80.000	  44.888	  63.000	  57.000	Com1	R	5	50	3	487
7797	4	38	80.000	  46.500	  62.000	  60.000	  40.879	  91.000	Com2	R	2	49	1	511
7797	4	39	53.597	  67.000	  52.597	  59.908	  54.597	  57.897	Fill4	R	4	51	2	868
7797	4	40	79.000	  47.051	  76.000	  43.197	  81.000	  40.654	Fill2	R	6	50	2	604
7797	4	41	88.000	  37.545	  87.000	  32.379	  89.000	  31.607	Fill1	R	4	50	1	943
7797	4	42	63.000	  57.000	  61.000	  51.656	  66.000	  47.879	Fill3	R	4	50	1	772
7797	4	43	37.124	  89.000	  36.124	  77.595	  38.124	  72.501	Fill5	R	1	49	1	943
7797	4	44	50.833	  72.000	  48.833	  65.119	  52.833	  60.473	Fill4	R	1	49	1	581
7797	4	45	75.000	  47.987	  74.000	  42.122	  78.000	  40.859	Fill2	R	1	49	1	616
7797	4	46	59.000	  61.000	  57.000	  55.491	  62.000	  51.194	Fill3	R	4	50	1	794
7797	4	47	97.000	  38.320	  82.000	  45.329	  63.000	  59.000	Com1	R	2	51	2	820
7797	4	48	52.352	  71.000	  51.352	  63.425	  54.352	  59.556	Fill4	R	4	50	1	2752
7797	4	49	42.239	  88.000	  41.239	  77.937	  43.239	  73.476	Fill5	R	1	49	1	844
7797	4	50	59.000	  61.000	  58.000	  54.052	  61.000	  50.967	Fill3	R	5	51	1	820
7797	4	51	96.000	  38.719	  82.000	  45.329	  63.000	  59.000	Com1	R	3	51	3	991
7797	4	52	97.000	  37.021	  81.000	  44.333	  63.000	  57.000	Com1	R	3	49	2	706
7797	4	53	77.000	  45.974	  60.000	  59.000	  40.227	  88.000	Com2	R	1	49	1	847
7797	4	54	79.000	  43.241	  61.000	  56.000	  39.264	  87.000	Com2	R	3	51	3	1111
7797	4	55	97.000	  37.072	  80.000	  44.950	  62.000	  58.000	Com1	R	3	49	2	996
7797	4	56	95.000	  39.158	  80.000	  46.500	  62.000	  60.000	Com1	R	1	51	3	935
7797	4	57	95.000	  37.853	  81.000	  44.395	  62.000	  58.000	Com1	R	4	50	1	875
7797	4	58	60.000	  61.000	  59.000	  55.153	  61.000	  52.475	Fill3	R	1	49	1	1779
7797	4	59	39.989	  90.000	  38.989	  78.535	  40.989	  74.581	Fill5	R	6	50	2	1751
7797	4	60	81.000	  44.333	  63.000	  57.000	  41.276	  87.000	Com2	R	2	49	1	3259
7797	4	61	63.000	  59.000	  62.000	  51.984	  64.000	  51.750	Fill3	R	1	49	1	756
7797	4	62	80.000	  43.462	  61.000	  57.000	  40.430	  86.000	Com2	R	4	49	3	450
7797	4	63	80.000	  44.888	  63.000	  57.000	  41.276	  87.000	Com2	R	2	50	3	666
7797	4	64	79.000	  44.785	  61.000	  58.000	  39.753	  89.000	Com2	R	4	50	1	1018
7797	4	65	56.000	  59.000	  55.000	  52.073	  58.000	  49.069	Fill3	R	6	51	1	908
7797	4	66	81.000	  44.395	  62.000	  58.000	  40.404	  89.000	Com2	R	4	50	1	866
7797	4	67	79.000	  44.785	  61.000	  58.000	  40.205	  88.000	Com2	R	6	50	2	697
7797	4	68	40.667	  90.000	  39.667	  78.908	  42.667	  73.453	Fill5	R	6	51	1	953
7797	4	69	95.000	  37.200	  81.000	  43.630	  62.000	  57.000	Com1	R	4	51	2	1103
7797	4	70	96.000	  37.406	  95.000	  33.063	  99.000	  31.576	Fill1	R	4	50	1	715
7797	4	71	81.000	  43.630	  62.000	  57.000	  40.159	  88.000	Com2	R	4	50	1	681
7797	4	72	78.000	  46.038	  77.000	  40.169	  79.000	  40.253	Fill2	R	5	51	1	1289
7797	4	73	49.986	  72.000	  46.986	  66.786	  50.986	  61.056	Fill4	R	3	50	1	833
7797	4	74	63.000	  60.000	  61.000	  54.754	  64.000	  52.578	Fill3	R	3	50	1	2441
7797	4	75	94.000	  37.638	  79.000	  44.785	  61.000	  58.000	Com1	R	5	50	3	833
7797	4	76	41.538	  91.000	  38.538	  84.928	  42.538	  77.013	Fill5	R	5	51	1	1945
7797	4	77	97.000	  36.433	  80.000	  44.175	  62.000	  57.000	Com1	R	6	50	2	759
7797	4	78	79.000	  47.848	  77.000	  42.935	  82.000	  40.756	Fill2	R	3	50	1	851
7797	4	79	96.000	  38.063	  82.000	  44.561	  63.000	  58.000	Com1	R	6	49	3	843
7797	4	80	54.000	  70.000	  53.000	  62.075	  55.000	  60.891	Fill4	R	2	49	1	836
7797	5	1	79.000	  45.557	  61.000	  59.000	  40.438	  89.000	Com2	R	2	51	2	2273
7797	5	2	91.000	  38.242	  89.000	  34.213	  94.000	  32.138	Fill1	R	2	49	1	617
7797	5	3	56.000	  61.000	  53.000	  55.340	  57.000	  51.439	Fill3	R	2	50	3	1579
7797	5	4	61.000	  62.000	  59.000	  56.458	  63.000	  53.333	Fill3	R	1	49	1	1686
7797	5	5	50.690	  71.000	  49.690	  62.809	  51.690	  61.346	Fill4	R	5	51	1	1214
7797	5	6	96.000	  37.458	  81.000	  44.395	  62.000	  58.000	Com1	R	4	51	2	821
7797	5	7	60.000	  58.000	  58.000	  51.828	  63.000	  47.349	Fill3	R	3	50	1	818
7797	5	8	78.000	  44.577	  61.000	  57.000	  39.966	  87.000	Com2	R	4	50	1	814
7797	5	9	39.989	  90.000	  38.989	  78.946	  40.989	  74.874	Fill5	R	2	49	1	664
7797	5	10	92.000	  37.826	  90.000	  33.133	  94.000	  31.862	Fill1	R	4	50	1	600
7797	5	11	94.000	  37.021	  79.000	  44.051	  60.000	  58.000	Com1	R	4	51	2	490
7797	5	12	39.783	  92.000	  37.783	  83.372	  40.783	  76.945	Fill5	R	4	50	1	787
7797	5	13	51.176	  68.000	  48.176	  62.188	  53.176	  57.826	Fill4	R	3	49	2	334
7797	5	14	49.714	  70.000	  47.714	  62.937	  50.714	  59.392	Fill4	R	1	50	2	187
7797	5	15	41.560	  91.000	  38.560	  84.543	  42.560	  76.691	Fill5	R	3	51	3	270
7797	5	16	40.000	  87.000	  37.000	  80.297	  41.000	  71.659	Fill5	R	2	49	1	734
7797	5	17	95.000	  37.200	  80.000	  44.175	  62.000	  57.000	Com1	R	1	50	2	267
7797	5	18	79.000	  44.051	  60.000	  58.000	  39.545	  88.000	Com2	R	2	49	1	1035
7797	5	19	80.000	  44.225	  61.000	  58.000	  39.753	  89.000	Com2	R	3	50	1	603
7797	5	20	80.000	  44.175	  62.000	  57.000	  40.159	  88.000	Com2	R	1	49	1	782
7797	5	21	97.000	  36.433	  81.000	  43.630	  62.000	  57.000	Com1	R	4	50	1	568
7797	5	22	93.000	  38.065	  76.000	  46.579	  59.000	  60.000	Com1	R	4	51	2	730
7797	5	23	81.000	  44.395	  62.000	  58.000	  40.404	  89.000	Com2	R	5	51	1	1401
7797	5	24	80.000	  44.950	  62.000	  58.000	  40.864	  88.000	Com2	R	2	51	2	746
7797	5	25	37.956	  90.000	  35.956	  81.017	  38.956	  73.776	Fill5	R	5	51	1	7048
7797	5	26	39.545	  88.000	  37.545	  79.104	  40.545	  73.473	Fill5	R	3	50	1	1528
7797	5	27	78.000	  45.359	  61.000	  58.000	  40.205	  88.000	Com2	R	6	49	3	821
7797	5	28	97.000	  38.320	  81.000	  45.889	  63.000	  59.000	Com1	R	6	50	2	1408
7797	5	29	49.714	  70.000	  46.714	  65.890	  51.714	  57.818	Fill4	R	5	51	1	866
7797	5	30	80.000	  44.987	  61.000	  59.000	  40.898	  88.000	Com2	R	4	50	1	618
7797	5	31	60.000	  58.000	  58.000	  51.569	  61.000	  49.148	Fill3	R	5	51	1	734
7797	5	32	78.000	  46.141	  61.000	  59.000	  40.438	  89.000	Com2	R	5	50	3	602
7797	5	33	81.000	  43.630	  62.000	  57.000	  41.093	  86.000	Com2	R	2	49	1	733
7797	5	34	96.000	  38.063	  81.000	  45.111	  63.000	  58.000	Com1	R	5	50	3	778
7797	5	35	88.000	  38.818	  87.000	  33.644	  89.000	  33.393	Fill1	R	2	49	1	677
7797	5	36	75.000	  46.400	  72.000	  41.625	  78.000	  38.821	Fill2	R	1	49	1	741
7797	5	37	97.000	  37.021	  82.000	  43.793	  63.000	  57.000	Com1	R	3	51	3	1010
7797	5	38	96.000	  36.854	  80.000	  44.225	  61.000	  58.000	Com1	R	2	50	3	1077
7797	5	39	96.000	  37.458	  81.000	  44.395	  62.000	  58.000	Com1	R	5	49	2	1157
7797	5	40	75.000	  46.400	  74.000	  41.041	  76.000	  39.539	Fill2	R	6	51	1	738
7797	5	41	81.000	  44.395	  62.000	  58.000	  40.864	  88.000	Com2	R	2	51	2	831
7797	5	42	93.000	  38.699	  92.000	  34.228	  96.000	  33.188	Fill1	R	3	50	1	857
7797	5	43	80.000	  44.950	  62.000	  58.000	  40.404	  89.000	Com2	R	2	49	1	721
7797	5	44	47.444	  72.000	  46.444	  63.043	  49.444	  59.258	Fill4	R	5	51	1	479
7797	5	45	76.000	  45.789	  73.000	  41.205	  79.000	  37.772	Fill2	R	3	50	1	535
7797	5	46	95.000	  37.884	  80.000	  44.987	  61.000	  59.000	Com1	R	2	51	2	1037
7797	5	47	76.000	  46.579	  59.000	  60.000	  39.775	  89.000	Com2	R	4	50	1	716
7797	5	48	49.714	  70.000	  47.714	  63.189	  51.714	  58.630	Fill4	R	2	49	1	826
7797	5	49	52.528	  72.000	  51.528	  65.518	  53.528	  63.070	Fill4	R	6	51	1	693
7797	5	50	95.000	  38.505	  79.000	  46.304	  62.000	  59.000	Com1	R	4	51	2	709
7797	5	51	82.000	  43.793	  63.000	  57.000	  41.276	  87.000	Com2	R	2	49	1	802
7797	5	52	39.101	  89.000	  36.101	  82.103	  41.101	  71.774	Fill5	R	4	49	3	1133
7797	5	53	51.549	  71.000	  50.549	  63.819	  52.549	  61.713	Fill4	R	3	50	1	1962
7797	5	54	94.000	  40.234	  91.000	  36.132	  97.000	  34.134	Fill1	R	1	49	1	871
7797	5	55	95.000	  37.853	  80.000	  44.950	  62.000	  58.000	Com1	R	1	50	2	1743
7797	5	56	82.000	  45.329	  63.000	  59.000	  42.239	  88.000	Com2	R	2	50	3	1156
7797	5	57	79.000	  46.304	  62.000	  59.000	  41.568	  88.000	Com2	R	3	51	3	993
7797	5	58	60.000	  58.000	  57.000	  52.895	  63.000	  48.762	Fill3	R	5	51	1	852
7797	5	59	77.000	  49.117	  75.000	  45.013	  80.000	  42.275	Fill2	R	5	49	2	796
7797	5	60	96.000	  36.219	  78.000	  44.577	  61.000	  57.000	Com1	R	2	51	2	1079
7797	5	61	74.000	  49.459	  71.000	  44.803	  76.000	  42.526	Fill2	R	6	51	1	535
7797	5	62	76.000	  45.789	  74.000	  40.608	  77.000	  39.610	Fill2	R	4	50	1	1468
7797	5	63	60.000	  58.000	  57.000	  52.965	  61.000	  50.393	Fill3	R	4	50	1	2428
7797	5	64	72.000	  47.444	  71.000	  41.620	  74.000	  40.581	Fill2	R	5	51	1	775
7797	5	65	61.000	  59.000	  59.000	  53.000	  63.000	  50.143	Fill3	R	3	50	1	3250
7797	5	66	94.000	  38.287	  78.000	  46.141	  61.000	  59.000	Com1	R	5	50	3	761
7797	5	67	96.000	  37.490	  79.000	  45.557	  61.000	  59.000	Com1	R	2	51	2	839
7797	5	68	97.000	  37.072	  80.000	  44.950	  62.000	  58.000	Com1	R	5	51	1	655
7797	5	69	91.000	  38.242	  89.000	  34.393	  93.000	  32.828	Fill1	R	6	51	1	687
7797	5	70	97.000	  37.072	  81.000	  44.395	  62.000	  58.000	Com1	R	1	51	3	1471
7797	5	71	95.000	  37.242	  78.000	  45.359	  61.000	  58.000	Com1	R	4	51	2	1711
7797	5	72	93.000	  37.419	  92.000	  33.424	  95.000	  31.737	Fill1	R	2	50	3	164
7797	5	73	81.000	  44.395	  62.000	  58.000	  40.864	  88.000	Com2	R	2	49	1	265
7797	5	74	93.000	  39.355	  91.000	  34.769	  95.000	  33.642	Fill1	R	1	50	2	201
7797	5	75	81.000	  45.889	  63.000	  59.000	  41.300	  90.000	Com2	R	2	51	2	2011
7797	5	76	76.000	  47.355	  73.000	  43.466	  78.000	  40.949	Fill2	R	6	51	1	838
7797	5	77	60.000	  61.000	  59.000	  54.542	  62.000	  52.548	Fill3	R	6	51	1	1087
7797	5	78	96.000	  38.719	  82.000	  45.329	  63.000	  59.000	Com1	R	2	51	2	1102
7797	5	79	40.000	  87.000	  38.000	  78.237	  41.000	  72.024	Fill5	R	2	49	1	716
7797	5	80	81.000	  45.111	  63.000	  58.000	  41.056	  89.000	Com2	R	6	50	2	1048
7797	6	1	78.000	  45.359	  61.000	  58.000	  40.205	  88.000	Com2	R	2	49	1	2881
7797	6	2	96.000	  38.063	  82.000	  44.561	  63.000	  58.000	Com1	R	3	51	3	1161
7797	6	3	96.000	  38.063	  82.000	  44.561	  63.000	  58.000	Com1	R	5	49	2	918
7797	6	4	74.000	  49.378	  72.000	  44.236	  76.000	  42.474	Fill2	R	3	50	1	523
7797	6	5	61.000	  59.000	  59.000	  53.017	  62.000	  51.194	Fill3	R	6	51	1	736
7797	6	6	82.000	  44.561	  63.000	  58.000	  41.523	  88.000	Com2	R	3	50	1	702
7797	6	7	93.000	  38.710	  91.000	  34.747	  95.000	  33.432	Fill1	R	6	51	1	1019
7797	6	8	81.000	  44.395	  62.000	  58.000	  41.333	  87.000	Com2	R	3	49	2	878
7797	6	9	81.000	  43.630	  62.000	  57.000	  40.621	  87.000	Com2	R	6	50	2	758
7797	6	10	98.000	  37.286	  80.000	  45.675	  63.000	  58.000	Com1	R	6	49	3	734
7797	6	11	78.000	  48.462	  77.000	  43.260	  79.000	  41.646	Fill2	R	2	50	3	400
7797	6	12	50.690	  71.000	  47.690	  66.974	  52.690	  59.537	Fill4	R	3	50	1	939
7797	6	13	79.000	  44.785	  61.000	  58.000	  39.753	  89.000	Com2	R	2	49	1	640
7797	6	14	48.466	  73.000	  46.466	  65.984	  50.466	  62.002	Fill4	R	3	50	1	784
7797	6	15	49.432	  74.000	  46.432	  69.650	  50.432	  64.026	Fill4	R	4	50	1	715
7797	6	16	97.000	  37.072	  79.000	  45.519	  62.000	  58.000	Com1	R	4	51	2	743
7797	6	17	81.000	  42.778	  63.000	  55.000	  40.765	  85.000	Com2	R	3	49	2	390
7797	6	18	51.429	  70.000	  48.429	  64.982	  52.429	  59.624	Fill4	R	3	50	1	208
7797	6	19	48.720	  75.000	  47.720	  66.241	  50.720	  63.131	Fill4	R	5	51	1	67
7797	6	20	53.239	  71.000	  51.239	  64.130	  54.239	  61.800	Fill4	R	2	50	3	43
7797	6	21	81.000	  44.395	  62.000	  58.000	  40.404	  89.000	Com2	R	1	49	1	1107
7797	6	22	97.000	  37.072	  81.000	  44.395	  62.000	  58.000	Com1	R	4	49	3	736
7797	6	23	58.000	  61.000	  55.000	  56.291	  59.000	  52.542	Fill3	R	2	50	3	750
7797	6	24	91.000	  40.154	  90.000	  35.444	  94.000	  34.011	Fill1	R	3	50	1	923
7797	6	25	59.000	  62.000	  56.000	  57.821	  62.000	  52.468	Fill3	R	4	50	1	1488
7797	6	26	95.000	  39.789	  92.000	  36.685	  97.000	  34.392	Fill1	R	4	50	1	1072
7797	6	27	78.000	  45.359	  61.000	  58.000	  40.205	  88.000	Com2	R	3	50	1	2064
7797	6	28	40.198	  91.000	  38.198	  82.178	  41.198	  76.290	Fill5	R	5	51	1	776
7797	6	29	41.538	  91.000	  39.538	  81.693	  42.538	  76.213	Fill5	R	3	50	1	515
7797	6	30	58.000	  63.000	  57.000	  56.649	  61.000	  51.852	Fill3	R	3	50	1	1799
7797	6	31	96.000	  36.813	  81.000	  43.630	  62.000	  57.000	Com1	R	3	51	3	875
7797	6	32	49.432	  74.000	  48.432	  65.307	  51.432	  61.576	Fill4	R	5	51	1	1074
7797	6	33	59.000	  62.000	  58.000	  54.741	  62.000	  51.903	Fill3	R	3	50	1	850
7797	6	34	96.000	  38.104	  79.000	  46.304	  62.000	  59.000	Com1	R	2	51	2	810
7797	6	35	82.000	  46.049	  64.000	  59.000	  42.909	  88.000	Com2	R	5	50	3	933
7797	6	36	82.000	  45.329	  63.000	  59.000	  41.300	  90.000	Com2	R	3	50	1	619
7797	6	37	80.000	  45.725	  62.000	  59.000	  41.101	  89.000	Com2	R	3	49	2	526
7797	6	38	93.000	  38.699	  90.000	  35.456	  95.000	  33.621	Fill1	R	2	50	3	291
7797	6	39	80.000	  44.950	  62.000	  58.000	  41.333	  87.000	Com2	R	5	51	1	867
7797	6	40	63.000	  60.000	  61.000	  54.967	  65.000	  51.262	Fill3	R	2	49	1	955
7797	6	41	96.000	  36.854	  79.000	  44.785	  61.000	  58.000	Com1	R	2	50	3	1072
7797	6	42	91.000	  40.198	  88.000	  36.534	  92.000	  35.130	Fill1	R	4	50	1	1231
7797	6	43	79.000	  45.519	  62.000	  58.000	  41.333	  87.000	Com2	R	4	51	2	846
7797	6	44	96.000	  36.854	  78.000	  45.359	  61.000	  58.000	Com1	R	5	51	1	643
7797	6	45	98.000	  35.357	  81.000	  42.778	  63.000	  55.000	Com1	R	5	50	3	130
7797	6	46	94.000	  40.213	  93.000	  36.290	  96.000	  34.271	Fill1	R	4	49	3	183
7797	6	47	39.989	  90.000	  38.989	  78.997	  41.989	  72.757	Fill5	R	5	49	2	154
7797	6	48	74.000	  49.432	  73.000	  43.753	  76.000	  42.276	Fill2	R	4	50	1	1119
7797	6	49	78.000	  45.359	  61.000	  58.000	  39.753	  89.000	Com2	R	5	49	2	909
7797	6	50	38.872	  94.000	  36.872	  84.643	  40.872	  76.262	Fill5	R	5	51	1	1250
7797	6	51	79.000	  46.304	  62.000	  59.000	  41.101	  89.000	Com2	R	5	51	1	586
7797	6	52	42.000	  90.000	  39.000	  84.077	  43.000	  75.558	Fill5	R	4	49	3	1117
7797	6	53	63.000	  60.000	  60.000	  56.267	  66.000	  51.167	Fill3	R	6	49	3	506
7797	6	54	79.000	  45.519	  62.000	  58.000	  40.404	  89.000	Com2	R	6	51	1	415
7797	6	55	94.000	  37.638	  78.000	  45.359	  61.000	  58.000	Com1	R	2	50	3	106
7797	6	56	80.000	  45.675	  63.000	  58.000	  41.523	  88.000	Com2	R	4	50	1	1518
7797	6	57	95.000	  37.242	  78.000	  45.359	  61.000	  58.000	Com1	R	3	49	2	1293
7797	6	58	94.000	  37.638	  78.000	  45.359	  61.000	  58.000	Com1	R	1	50	2	886
7797	6	59	96.000	  37.458	  79.000	  45.519	  62.000	  58.000	Com1	R	3	50	1	397
7797	6	60	82.000	  44.561	  63.000	  58.000	  41.056	  89.000	Com2	R	1	49	1	1415
7797	6	61	96.000	  37.458	  81.000	  44.395	  62.000	  58.000	Com1	R	5	49	2	826
7797	6	62	52.500	  72.000	  50.500	  65.069	  53.500	  62.729	Fill4	R	4	51	2	1893
7797	6	63	75.000	  47.987	  72.000	  43.903	  78.000	  40.705	Fill2	R	3	50	1	997
7797	6	64	74.000	  49.432	  71.000	  45.451	  77.000	  41.636	Fill2	R	3	50	1	839
7797	6	65	60.000	  60.000	  59.000	  52.559	  63.000	  50.397	Fill3	R	4	50	1	623
7797	6	66	98.000	  37.286	  81.000	  45.111	  63.000	  58.000	Com1	R	4	49	3	770
7797	6	67	81.000	  45.111	  63.000	  58.000	  41.056	  89.000	Com2	R	6	51	1	429
7797	6	68	90.000	  39.311	  87.000	  35.356	  93.000	  33.183	Fill1	R	4	50	1	1126
7797	6	69	96.000	  37.458	  80.000	  44.950	  62.000	  58.000	Com1	R	4	50	1	868
7797	6	70	91.000	  40.198	  89.000	  36.506	  93.000	  34.839	Fill1	R	6	51	1	1437
7797	6	71	96.000	  38.104	  80.000	  45.725	  62.000	  59.000	Com1	R	3	49	2	2252
7797	6	72	78.000	  45.359	  61.000	  58.000	  40.205	  88.000	Com2	R	6	51	1	1884
7797	6	73	72.000	  49.139	  69.000	  44.899	  75.000	  41.760	Fill2	R	2	49	1	749
7797	6	74	98.000	  38.531	  82.000	  46.049	  64.000	  59.000	Com1	R	4	49	3	586
7797	6	75	78.000	  48.462	  76.000	  43.579	  80.000	  42.163	Fill2	R	3	50	1	861
7797	6	76	76.000	  47.368	  75.000	  41.533	  78.000	  40.154	Fill2	R	4	50	1	597
7797	6	77	39.761	  92.000	  38.761	  81.061	  40.761	  76.421	Fill5	R	3	50	1	951
7797	6	78	96.000	  38.719	  82.000	  45.329	  63.000	  59.000	Com1	R	3	50	1	333
7797	6	79	40.000	  90.000	  38.000	  81.132	  41.000	  74.902	Fill5	R	1	51	3	170
7797	6	80	38.879	  91.000	  37.879	  80.123	  39.879	  74.926	Fill5	R	4	50	1	92
7797	7	1	50.833	  72.000	  48.833	  65.119	  52.833	  60.473	Fill4	R	2	49	1	3337
7797	7	2	63.000	  60.000	  61.000	  54.754	  64.000	  52.578	Fill3	R	4	50	1	740
7797	7	3	97.000	  36.433	  80.000	  44.175	  62.000	  57.000	Com1	R	1	50	2	1361
7797	7	4	95.000	  39.158	  80.000	  46.500	  62.000	  60.000	Com1	R	2	51	2	1062
7797	7	5	41.538	  91.000	  38.538	  84.928	  42.538	  77.013	Fill5	R	3	49	2	758
7797	7	6	76.000	  45.789	  74.000	  40.743	  78.000	  39.077	Fill2	R	5	50	3	420
7797	7	7	91.000	  38.242	  90.000	  33.956	  94.000	  31.851	Fill1	R	2	51	2	78
7797	7	8	79.000	  44.785	  61.000	  58.000	  40.205	  88.000	Com2	R	3	49	2	390
7797	7	9	53.597	  67.000	  52.597	  59.908	  54.597	  57.897	Fill4	R	5	51	1	273
7797	7	10	80.000	  44.950	  62.000	  58.000	  41.333	  87.000	Com2	R	5	51	1	1
7797	7	11	97.000	  37.072	  80.000	  44.950	  62.000	  58.000	Com1	R	4	51	2	11
7797	7	12	90.000	  39.989	  88.000	  35.773	  92.000	  33.967	Fill1	R	3	51	3	358
7797	7	13	94.000	  37.638	  79.000	  44.785	  61.000	  58.000	Com1	R	2	49	1	244
7797	7	14	97.000	  36.433	  80.000	  44.175	  62.000	  57.000	Com1	R	3	50	1	420
7797	7	15	96.000	  38.719	  82.000	  45.329	  63.000	  59.000	Com1	R	5	49	2	1454
7797	7	16	80.000	  44.175	  62.000	  57.000	  40.159	  88.000	Com2	R	2	51	2	1102
7797	7	17	79.000	  47.051	  76.000	  43.197	  81.000	  40.654	Fill2	R	5	49	2	428
7797	7	18	49.986	  72.000	  46.986	  66.786	  50.986	  61.056	Fill4	R	4	50	1	294
7797	7	19	49.986	  72.000	  47.986	  66.144	  50.986	  61.370	Fill4	R	3	51	3	262
7797	7	20	74.000	  48.635	  72.000	  43.250	  76.000	  40.895	Fill2	R	5	50	3	102
7797	7	21	75.000	  48.800	  74.000	  42.757	  78.000	  41.474	Fill2	R	2	49	1	140
7797	7	22	96.000	  38.063	  82.000	  44.561	  63.000	  58.000	Com1	R	3	50	1	161
7797	7	23	59.000	  61.000	  58.000	  54.052	  61.000	  50.967	Fill3	R	4	50	1	422
7797	7	24	72.000	  45.889	  69.000	  40.928	  74.000	  39.068	Fill2	R	5	50	3	81
7797	7	25	77.000	  45.974	  60.000	  59.000	  40.227	  88.000	Com2	R	5	49	2	937
7797	7	26	60.000	  58.000	  59.000	  52.017	  63.000	  48.873	Fill3	R	2	49	1	910
7797	7	27	52.352	  71.000	  51.352	  63.425	  54.352	  59.556	Fill4	R	5	51	1	676
7797	7	28	95.000	  37.263	  77.000	  45.974	  60.000	  59.000	Com1	R	4	51	2	1667
7797	7	29	60.000	  61.000	  59.000	  55.153	  61.000	  52.475	Fill3	R	3	50	1	747
7797	7	30	78.000	  46.038	  77.000	  40.169	  79.000	  40.253	Fill2	R	1	49	1	600
7797	7	31	96.000	  37.406	  80.000	  44.888	  63.000	  57.000	Com1	R	2	51	2	827
7797	7	32	95.000	  37.853	  81.000	  44.395	  62.000	  58.000	Com1	R	4	49	3	597
7797	7	33	37.124	  89.000	  36.124	  77.595	  38.124	  72.501	Fill5	R	4	50	1	600
7797	7	34	82.000	  45.329	  63.000	  59.000	  42.239	  88.000	Com2	R	5	49	2	907
7797	7	35	63.000	  57.000	  61.000	  51.656	  66.000	  47.879	Fill3	R	6	51	1	1265
7797	7	36	79.000	  47.848	  77.000	  42.935	  82.000	  40.756	Fill2	R	6	50	2	777
7797	7	37	39.989	  90.000	  38.989	  78.535	  40.989	  74.581	Fill5	R	3	50	1	900
7797	7	38	81.000	  44.395	  62.000	  58.000	  40.404	  89.000	Com2	R	5	49	2	681
7797	7	39	63.000	  59.000	  62.000	  51.984	  64.000	  51.750	Fill3	R	5	51	1	377
7797	7	40	80.000	  44.987	  61.000	  59.000	  40.898	  88.000	Com2	R	1	50	2	68
7797	7	41	56.000	  59.000	  55.000	  52.073	  58.000	  49.069	Fill3	R	4	49	3	859
7797	7	42	96.000	  36.219	  80.000	  43.462	  61.000	  57.000	Com1	R	5	49	2	1203
7797	7	43	94.000	  38.287	  78.000	  46.141	  61.000	  59.000	Com1	R	5	49	2	1726
7797	7	44	39.989	  90.000	  37.989	  80.445	  40.989	  75.142	Fill5	R	4	50	1	675
7797	7	45	80.000	  44.888	  63.000	  57.000	  41.276	  87.000	Com2	R	5	51	1	1011
7797	7	46	59.000	  61.000	  57.000	  55.491	  62.000	  51.194	Fill3	R	3	50	1	629
7797	7	47	96.000	  37.406	  95.000	  33.063	  99.000	  31.576	Fill1	R	5	51	1	664
7797	7	48	49.714	  70.000	  47.714	  64.299	  50.714	  59.431	Fill4	R	6	50	2	712
7797	7	49	88.000	  37.545	  87.000	  32.379	  89.000	  31.607	Fill1	R	3	49	2	405
7797	7	50	42.239	  88.000	  41.239	  77.937	  43.239	  73.476	Fill5	R	5	50	3	416
7797	7	51	79.000	  43.241	  61.000	  56.000	  39.264	  87.000	Com2	R	2	51	2	427
7797	7	52	95.000	  37.200	  81.000	  43.630	  62.000	  57.000	Com1	R	1	50	2	901
7797	7	53	96.000	  39.375	  95.000	  35.400	  97.000	  33.938	Fill1	R	3	50	1	667
7797	7	54	80.000	  43.462	  61.000	  57.000	  40.430	  86.000	Com2	R	2	49	1	746
7797	7	55	39.101	  89.000	  37.101	  79.566	  41.101	  72.188	Fill5	R	5	51	1	712
7797	7	56	97.000	  37.021	  81.000	  44.333	  63.000	  57.000	Com1	R	1	50	2	1702
7797	7	57	80.000	  45.675	  63.000	  58.000	  42.000	  87.000	Com2	R	5	51	1	1003
7797	7	58	95.000	  39.126	  94.000	  34.543	  96.000	  34.000	Fill1	R	2	49	1	653
7797	7	59	96.000	  37.490	  80.000	  44.987	  61.000	  59.000	Com1	R	1	50	2	765
7797	7	60	54.000	  70.000	  53.000	  62.075	  55.000	  60.891	Fill4	R	5	51	1	795
7797	7	61	41.276	  87.000	  40.276	  76.398	  42.276	  73.115	Fill5	R	6	50	2	21
7797	7	62	81.000	  44.333	  63.000	  57.000	  41.276	  87.000	Com2	R	5	49	2	320
7797	7	63	93.000	  39.355	  91.000	  35.022	  94.000	  33.681	Fill1	R	3	50	1	173
7797	7	64	81.000	  44.395	  62.000	  58.000	  41.333	  87.000	Com2	R	3	51	3	64
7797	7	65	40.667	  90.000	  39.667	  78.908	  42.667	  73.453	Fill5	R	3	50	1	40
7797	7	66	90.000	  39.989	  87.000	  35.897	  93.000	  34.172	Fill1	R	2	49	1	320
7797	7	67	96.000	  37.458	  81.000	  44.395	  62.000	  58.000	Com1	R	2	50	3	77
7797	7	68	47.884	  69.000	  44.884	  63.541	  49.884	  57.233	Fill4	R	2	50	3	405
7797	7	69	75.000	  47.987	  74.000	  42.122	  78.000	  40.859	Fill2	R	2	49	1	16
7797	7	70	97.000	  38.320	  82.000	  45.329	  63.000	  59.000	Com1	R	5	50	3	91
7797	7	71	82.000	  44.561	  63.000	  58.000	  41.056	  89.000	Com2	R	3	50	1	419
7797	7	72	79.000	  44.785	  61.000	  58.000	  39.753	  89.000	Com2	R	4	49	3	524
7797	7	73	96.000	  36.854	  79.000	  44.785	  61.000	  58.000	Com1	R	5	50	3	50
7797	7	74	82.000	  45.329	  63.000	  59.000	  41.300	  90.000	Com2	R	2	51	2	106
7797	7	75	81.000	  43.630	  62.000	  57.000	  40.159	  88.000	Com2	R	5	50	3	31
7797	7	76	80.000	  44.175	  62.000	  57.000	  40.621	  87.000	Com2	R	2	49	1	58
7797	7	77	78.000	  46.141	  61.000	  59.000	  39.989	  90.000	Com2	R	4	50	1	2
7797	7	78	96.000	  35.583	  79.000	  43.241	  61.000	  56.000	Com1	R	5	51	1	492
7797	7	79	98.000	  37.286	  80.000	  45.675	  63.000	  58.000	Com1	R	3	50	1	420
7797	7	80	80.000	  46.500	  62.000	  60.000	  40.879	  91.000	Com2	R	4	50	1	671
7797	8	1	95.000	  37.884	  80.000	  44.987	  61.000	  59.000	Com1	R	6	50	2	2809
7797	8	2	39.545	  88.000	  37.545	  79.104	  40.545	  73.473	Fill5	R	2	49	1	1051
7797	8	3	60.000	  58.000	  57.000	  52.895	  63.000	  48.762	Fill3	R	4	50	1	507
7797	8	4	93.000	  39.355	  91.000	  34.769	  95.000	  33.642	Fill1	R	1	49	1	608
7797	8	5	49.714	  70.000	  47.714	  62.937	  50.714	  59.392	Fill4	R	2	49	1	610
7797	8	6	79.000	  46.304	  62.000	  59.000	  41.568	  88.000	Com2	R	1	50	2	804
7797	8	7	77.000	  49.117	  75.000	  45.013	  80.000	  42.275	Fill2	R	2	49	1	799
7797	8	8	81.000	  45.889	  63.000	  59.000	  41.300	  90.000	Com2	R	2	49	1	795
7797	8	9	93.000	  37.419	  92.000	  33.424	  95.000	  31.737	Fill1	R	1	50	2	420
7797	8	10	96.000	  37.490	  79.000	  45.557	  61.000	  59.000	Com1	R	4	49	3	191
7797	8	11	93.000	  38.699	  92.000	  34.228	  96.000	  33.188	Fill1	R	1	51	3	306
7797	8	12	88.000	  38.818	  87.000	  33.644	  89.000	  33.393	Fill1	R	1	49	1	111
7797	8	13	60.000	  58.000	  57.000	  52.965	  61.000	  50.393	Fill3	R	1	51	3	500
7797	8	14	61.000	  59.000	  59.000	  53.000	  63.000	  50.143	Fill3	R	6	49	3	170
7797	8	15	81.000	  44.395	  62.000	  58.000	  40.864	  88.000	Com2	R	2	51	2	140
7797	8	16	96.000	  37.458	  81.000	  44.395	  62.000	  58.000	Com1	R	2	51	2	226
7797	8	17	80.000	  44.175	  62.000	  57.000	  40.159	  88.000	Com2	R	2	49	1	228
7797	8	18	60.000	  58.000	  58.000	  51.569	  61.000	  49.148	Fill3	R	6	49	3	308
7797	8	19	82.000	  43.793	  63.000	  57.000	  41.276	  87.000	Com2	R	2	50	3	196
7797	8	20	72.000	  47.444	  71.000	  41.620	  74.000	  40.581	Fill2	R	3	51	3	247
7797	8	21	47.444	  72.000	  46.444	  63.043	  49.444	  59.258	Fill4	R	2	50	3	519
7797	8	22	37.956	  90.000	  35.956	  81.017	  38.956	  73.776	Fill5	R	4	49	3	60
7797	8	23	94.000	  38.287	  78.000	  46.141	  61.000	  59.000	Com1	R	6	51	1	404
7797	8	24	81.000	  43.630	  62.000	  57.000	  41.093	  86.000	Com2	R	2	51	2	1838
7797	8	25	49.714	  70.000	  47.714	  63.189	  51.714	  58.630	Fill4	R	1	49	1	719
7797	8	26	94.000	  37.021	  79.000	  44.051	  60.000	  58.000	Com1	R	6	50	2	765
7797	8	27	75.000	  46.400	  74.000	  41.041	  76.000	  39.539	Fill2	R	5	51	1	922
7797	8	28	74.000	  49.459	  71.000	  44.803	  76.000	  42.526	Fill2	R	2	49	1	623
7797	8	29	39.783	  92.000	  37.783	  83.372	  40.783	  76.945	Fill5	R	5	51	1	674
7797	8	30	97.000	  37.021	  82.000	  43.793	  63.000	  57.000	Com1	R	1	50	2	418
7797	8	31	56.000	  61.000	  53.000	  55.340	  57.000	  51.439	Fill3	R	1	49	1	636
7797	8	32	95.000	  38.505	  79.000	  46.304	  62.000	  59.000	Com1	R	6	50	2	76
7797	8	33	50.690	  71.000	  49.690	  62.809	  51.690	  61.346	Fill4	R	1	50	2	308
7797	8	34	78.000	  45.359	  61.000	  58.000	  40.205	  88.000	Com2	R	3	50	1	258
7797	8	35	81.000	  45.111	  63.000	  58.000	  41.056	  89.000	Com2	R	5	50	3	178
7797	8	36	80.000	  44.225	  61.000	  58.000	  39.753	  89.000	Com2	R	1	50	2	804
7797	8	37	96.000	  36.219	  78.000	  44.577	  61.000	  57.000	Com1	R	2	51	2	1071
7797	8	38	49.714	  70.000	  46.714	  65.890	  51.714	  57.818	Fill4	R	4	50	1	911
7797	8	39	40.000	  87.000	  38.000	  78.237	  41.000	  72.024	Fill5	R	3	51	3	819
7797	8	40	76.000	  46.579	  59.000	  60.000	  39.775	  89.000	Com2	R	2	51	2	990
7797	8	41	96.000	  36.854	  80.000	  44.225	  61.000	  58.000	Com1	R	3	49	2	642
7797	8	42	39.101	  89.000	  36.101	  82.103	  41.101	  71.774	Fill5	R	4	49	3	2129
7797	8	43	92.000	  37.826	  90.000	  33.133	  94.000	  31.862	Fill1	R	3	50	1	838
7797	8	44	96.000	  38.063	  81.000	  45.111	  63.000	  58.000	Com1	R	5	49	2	1070
7797	8	45	97.000	  37.072	  81.000	  44.395	  62.000	  58.000	Com1	R	5	49	2	639
7797	8	46	96.000	  37.458	  81.000	  44.395	  62.000	  58.000	Com1	R	2	50	3	623
7797	8	47	96.000	  38.719	  82.000	  45.329	  63.000	  59.000	Com1	R	3	51	3	818
7797	8	48	51.176	  68.000	  48.176	  62.188	  53.176	  57.826	Fill4	R	6	51	1	844
7797	8	49	76.000	  45.789	  74.000	  40.608	  77.000	  39.610	Fill2	R	5	50	3	452
7797	8	50	80.000	  44.987	  61.000	  59.000	  40.898	  88.000	Com2	R	6	51	1	412
7797	8	51	95.000	  37.242	  78.000	  45.359	  61.000	  58.000	Com1	R	2	50	3	279
7797	8	52	79.000	  45.557	  61.000	  59.000	  40.438	  89.000	Com2	R	2	51	2	359
7797	8	53	91.000	  38.242	  89.000	  34.393	  93.000	  32.828	Fill1	R	5	51	1	179
7797	8	54	81.000	  44.395	  62.000	  58.000	  40.864	  88.000	Com2	R	5	50	3	278
7797	8	55	95.000	  37.200	  80.000	  44.175	  62.000	  57.000	Com1	R	4	51	2	358
7797	8	56	40.000	  87.000	  37.000	  80.297	  41.000	  71.659	Fill5	R	3	51	3	180
7797	8	57	93.000	  38.065	  76.000	  46.579	  59.000	  60.000	Com1	R	5	50	3	166
7797	8	58	94.000	  40.234	  91.000	  36.132	  97.000	  34.134	Fill1	R	5	49	2	9
7797	8	59	39.989	  90.000	  38.989	  78.946	  40.989	  74.874	Fill5	R	5	50	3	83
7797	8	60	61.000	  62.000	  59.000	  56.458	  63.000	  53.333	Fill3	R	5	50	3	27
7797	8	61	91.000	  38.242	  89.000	  34.213	  94.000	  32.138	Fill1	R	3	51	3	438
7797	8	62	97.000	  38.320	  81.000	  45.889	  63.000	  59.000	Com1	R	5	51	1	286
7797	8	63	80.000	  44.950	  62.000	  58.000	  40.864	  88.000	Com2	R	5	49	2	382
7797	8	64	95.000	  37.853	  80.000	  44.950	  62.000	  58.000	Com1	R	1	50	2	105
7797	8	65	97.000	  37.072	  80.000	  44.950	  62.000	  58.000	Com1	R	4	50	1	622
7797	8	66	82.000	  45.329	  63.000	  59.000	  42.239	  88.000	Com2	R	1	51	3	609
7797	8	67	52.528	  72.000	  51.528	  65.518	  53.528	  63.070	Fill4	R	5	49	2	403
7797	8	68	80.000	  44.950	  62.000	  58.000	  40.404	  89.000	Com2	R	3	50	1	270
7797	8	69	60.000	  61.000	  59.000	  54.542	  62.000	  52.548	Fill3	R	5	51	1	270
7797	8	70	75.000	  46.400	  72.000	  41.625	  78.000	  38.821	Fill2	R	4	51	2	398
7797	8	71	81.000	  44.395	  62.000	  58.000	  40.404	  89.000	Com2	R	2	49	1	233
7797	8	72	79.000	  44.051	  60.000	  58.000	  39.545	  88.000	Com2	R	2	50	3	27
7797	8	73	78.000	  44.577	  61.000	  57.000	  39.966	  87.000	Com2	R	6	50	2	390
7797	8	74	76.000	  45.789	  73.000	  41.205	  79.000	  37.772	Fill2	R	3	49	2	464
7797	8	75	60.000	  58.000	  58.000	  51.828	  63.000	  47.349	Fill3	R	2	51	2	345
7797	8	76	51.549	  71.000	  50.549	  63.819	  52.549	  61.713	Fill4	R	2	51	2	86
7797	8	77	76.000	  47.355	  73.000	  43.466	  78.000	  40.949	Fill2	R	4	50	1	1151
7797	8	78	78.000	  46.141	  61.000	  59.000	  40.438	  89.000	Com2	R	2	51	2	1131
7797	8	79	97.000	  36.433	  81.000	  43.630	  62.000	  57.000	Com1	R	4	49	3	313
7797	8	80	41.560	  91.000	  38.560	  84.543	  42.560	  76.691	Fill5	R	5	50	3	182
7797	9	1	98.000	  38.531	  82.000	  46.049	  64.000	  59.000	Com1	R	2	49	1	3889
7797	9	2	98.000	  37.286	  81.000	  45.111	  63.000	  58.000	Com1	R	3	50	1	745
7797	9	3	74.000	  49.432	  71.000	  45.451	  77.000	  41.636	Fill2	R	2	50	3	1397
7797	9	4	38.872	  94.000	  36.872	  84.643	  40.872	  76.262	Fill5	R	3	49	2	440
7797	9	5	78.000	  45.359	  61.000	  58.000	  39.753	  89.000	Com2	R	4	50	1	208
7797	9	6	48.466	  73.000	  46.466	  65.984	  50.466	  62.002	Fill4	R	4	51	2	162
7797	9	7	72.000	  49.139	  69.000	  44.899	  75.000	  41.760	Fill2	R	3	50	1	120
7797	9	8	81.000	  42.778	  63.000	  55.000	  40.765	  85.000	Com2	R	4	50	1	573
7797	9	9	96.000	  36.813	  81.000	  43.630	  62.000	  57.000	Com1	R	3	49	2	528
7797	9	10	82.000	  44.561	  63.000	  58.000	  41.056	  89.000	Com2	R	1	51	3	677
7797	9	11	53.239	  71.000	  51.239	  64.130	  54.239	  61.800	Fill4	R	4	49	3	213
7797	9	12	39.989	  90.000	  38.989	  78.997	  41.989	  72.757	Fill5	R	6	50	2	104
7797	9	13	75.000	  47.987	  72.000	  43.903	  78.000	  40.705	Fill2	R	2	49	1	78
7797	9	14	98.000	  37.286	  80.000	  45.675	  63.000	  58.000	Com1	R	5	50	3	5
7797	9	15	78.000	  48.462	  77.000	  43.260	  79.000	  41.646	Fill2	R	1	51	3	352
7797	9	16	81.000	  44.395	  62.000	  58.000	  40.404	  89.000	Com2	R	4	51	2	46
7797	9	17	78.000	  45.359	  61.000	  58.000	  40.205	  88.000	Com2	R	2	49	1	982
7797	9	18	93.000	  38.710	  91.000	  34.747	  95.000	  33.432	Fill1	R	3	50	1	521
7797	9	19	81.000	  43.630	  62.000	  57.000	  40.621	  87.000	Com2	R	3	51	3	206
7797	9	20	96.000	  38.063	  82.000	  44.561	  63.000	  58.000	Com1	R	2	50	3	353
7797	9	21	82.000	  45.329	  63.000	  59.000	  41.300	  90.000	Com2	R	5	51	1	206
7797	9	22	96.000	  37.458	  79.000	  45.519	  62.000	  58.000	Com1	R	3	50	1	33
7797	9	23	79.000	  45.519	  62.000	  58.000	  41.333	  87.000	Com2	R	5	49	2	91
7797	9	24	96.000	  38.719	  82.000	  45.329	  63.000	  59.000	Com1	R	1	50	2	3
7797	9	25	94.000	  37.638	  78.000	  45.359	  61.000	  58.000	Com1	R	6	51	1	1405
7797	9	26	95.000	  39.789	  92.000	  36.685	  97.000	  34.392	Fill1	R	5	50	3	721
7797	9	27	59.000	  62.000	  56.000	  57.821	  62.000	  52.468	Fill3	R	3	49	2	589
7797	9	28	97.000	  37.072	  79.000	  45.519	  62.000	  58.000	Com1	R	6	50	2	192
7797	9	29	96.000	  36.854	  79.000	  44.785	  61.000	  58.000	Com1	R	5	51	1	114
7797	9	30	82.000	  46.049	  64.000	  59.000	  42.909	  88.000	Com2	R	4	50	1	40
7797	9	31	78.000	  45.359	  61.000	  58.000	  40.205	  88.000	Com2	R	3	51	3	16
7797	9	32	96.000	  38.104	  79.000	  46.304	  62.000	  59.000	Com1	R	3	50	1	10
7797	9	33	96.000	  36.854	  78.000	  45.359	  61.000	  58.000	Com1	R	3	51	3	581
7797	9	34	96.000	  37.458	  80.000	  44.950	  62.000	  58.000	Com1	R	6	50	2	552
7797	9	35	61.000	  59.000	  59.000	  53.017	  62.000	  51.194	Fill3	R	6	49	3	301
7797	9	36	96.000	  38.063	  82.000	  44.561	  63.000	  58.000	Com1	R	5	51	1	570
7797	9	37	51.429	  70.000	  48.429	  64.982	  52.429	  59.624	Fill4	R	2	51	2	173
7797	9	38	60.000	  60.000	  59.000	  52.559	  63.000	  50.397	Fill3	R	2	51	2	160
7797	9	39	50.690	  71.000	  47.690	  66.974	  52.690	  59.537	Fill4	R	6	50	2	101
7797	9	40	48.720	  75.000	  47.720	  66.241	  50.720	  63.131	Fill4	R	6	50	2	138
7797	9	41	74.000	  49.378	  72.000	  44.236	  76.000	  42.474	Fill2	R	4	51	2	144
7797	9	42	63.000	  60.000	  60.000	  56.267	  66.000	  51.167	Fill3	R	5	50	3	85
7797	9	43	52.500	  72.000	  50.500	  65.069	  53.500	  62.729	Fill4	R	2	49	1	109
7797	9	44	38.879	  91.000	  37.879	  80.123	  39.879	  74.926	Fill5	R	1	50	2	50
7797	9	45	78.000	  45.359	  61.000	  58.000	  40.205	  88.000	Com2	R	4	51	2	442
7797	9	46	80.000	  45.725	  62.000	  59.000	  41.101	  89.000	Com2	R	6	51	1	65
7797	9	47	39.761	  92.000	  38.761	  81.061	  40.761	  76.421	Fill5	R	1	50	2	74
7797	9	48	91.000	  40.198	  88.000	  36.534	  92.000	  35.130	Fill1	R	5	49	2	2
7797	9	49	80.000	  45.675	  63.000	  58.000	  41.523	  88.000	Com2	R	4	49	3	93
7797	9	50	76.000	  47.368	  75.000	  41.533	  78.000	  40.154	Fill2	R	5	50	3	53
7797	9	51	41.538	  91.000	  39.538	  81.693	  42.538	  76.213	Fill5	R	2	51	2	365
7797	9	52	91.000	  40.198	  89.000	  36.506	  93.000	  34.839	Fill1	R	2	51	2	410
7797	9	53	96.000	  37.458	  81.000	  44.395	  62.000	  58.000	Com1	R	2	50	3	21
7797	9	54	91.000	  40.154	  90.000	  35.444	  94.000	  34.011	Fill1	R	5	49	2	112
7797	9	55	82.000	  44.561	  63.000	  58.000	  41.523	  88.000	Com2	R	6	50	2	21
7797	9	56	98.000	  35.357	  81.000	  42.778	  63.000	  55.000	Com1	R	3	51	3	144
7797	9	57	90.000	  39.311	  87.000	  35.356	  93.000	  33.183	Fill1	R	6	51	1	389
7797	9	58	81.000	  45.111	  63.000	  58.000	  41.056	  89.000	Com2	R	4	50	1	64
7797	9	59	94.000	  40.213	  93.000	  36.290	  96.000	  34.271	Fill1	R	3	49	2	392
7797	9	60	97.000	  37.072	  81.000	  44.395	  62.000	  58.000	Com1	R	4	49	3	642
7797	9	61	79.000	  44.785	  61.000	  58.000	  39.753	  89.000	Com2	R	3	50	1	418
7797	9	62	42.000	  90.000	  39.000	  84.077	  43.000	  75.558	Fill5	R	5	50	3	477
7797	9	63	93.000	  38.699	  90.000	  35.456	  95.000	  33.621	Fill1	R	6	51	1	453
7797	9	64	63.000	  60.000	  61.000	  54.967	  65.000	  51.262	Fill3	R	4	49	3	557
7797	9	65	59.000	  62.000	  58.000	  54.741	  62.000	  51.903	Fill3	R	2	50	3	146
7797	9	66	94.000	  37.638	  78.000	  45.359	  61.000	  58.000	Com1	R	3	51	3	504
7797	9	67	58.000	  61.000	  55.000	  56.291	  59.000	  52.542	Fill3	R	5	51	1	892
7797	9	68	81.000	  44.395	  62.000	  58.000	  41.333	  87.000	Com2	R	1	49	1	836
7797	9	69	40.198	  91.000	  38.198	  82.178	  41.198	  76.290	Fill5	R	2	49	1	999
7797	9	70	49.432	  74.000	  48.432	  65.307	  51.432	  61.576	Fill4	R	4	49	3	367
7797	9	71	79.000	  46.304	  62.000	  59.000	  41.101	  89.000	Com2	R	2	51	2	377
7797	9	72	49.432	  74.000	  46.432	  69.650	  50.432	  64.026	Fill4	R	2	50	3	100
7797	9	73	96.000	  38.104	  80.000	  45.725	  62.000	  59.000	Com1	R	3	49	2	73
7797	9	74	58.000	  63.000	  57.000	  56.649	  61.000	  51.852	Fill3	R	6	50	2	129
7797	9	75	80.000	  44.950	  62.000	  58.000	  41.333	  87.000	Com2	R	5	49	2	871
7797	9	76	78.000	  48.462	  76.000	  43.579	  80.000	  42.163	Fill2	R	5	51	1	815
7797	9	77	95.000	  37.242	  78.000	  45.359	  61.000	  58.000	Com1	R	6	49	3	1001
7797	9	78	40.000	  90.000	  38.000	  81.132	  41.000	  74.902	Fill5	R	3	51	3	317
7797	9	79	74.000	  49.432	  73.000	  43.753	  76.000	  42.276	Fill2	R	5	51	1	602
7797	9	80	79.000	  45.519	  62.000	  58.000	  40.404	  89.000	Com2	R	4	51	2	541
