username: 9805, Experiment time (minutes): 54
Operating system: Windows 7
Manufacturer: Adobe Windows
Player type: PlugIn
Version: WIN 10,3,183,10

username	blkNum	trlNum	Rect1Height	Rect1Width	Rect2Height	Rect2Width	Rect3Height	Rect3Width	Effect	StimType	StimPosition	rawResp	response	RT
9805	0	1	73.000	  50.110	  59.000	  62.000	  50.110	  73.000	Com2	R	2	50	3	8980
9805	0	2	92.000	  41.109	  76.000	  49.763	  61.000	  62.000	Com1	R	4	49	3	4540
9805	0	3	59.000	  59.000	  58.000	  52.224	  60.000	  49.917	Fill3	R	4	50	1	3042
9805	1	1	63.000	  59.000	  62.000	  51.984	  64.000	  51.750	Fill3	R	5	51	1	3393
9805	1	2	80.000	  43.462	  61.000	  57.000	  40.430	  86.000	Com2	R	3	51	3	6795
9805	1	3	96.000	  36.219	  80.000	  43.462	  61.000	  57.000	Com1	R	3	49	2	5699
9805	1	4	90.000	  39.989	  87.000	  35.897	  93.000	  34.172	Fill1	R	1	49	1	3561
9805	1	5	79.000	  47.848	  77.000	  42.935	  82.000	  40.756	Fill2	R	5	51	1	3734
9805	1	6	79.000	  47.051	  76.000	  43.197	  81.000	  40.654	Fill2	R	3	50	1	1899
9805	1	7	59.000	  61.000	  58.000	  54.052	  61.000	  50.967	Fill3	R	2	49	1	1721
9805	1	8	80.000	  45.675	  63.000	  58.000	  42.000	  87.000	Com2	R	1	51	3	4590
9805	1	9	96.000	  35.583	  79.000	  43.241	  61.000	  56.000	Com1	R	2	49	1	7426
9805	1	10	78.000	  46.141	  61.000	  59.000	  39.989	  90.000	Com2	R	2	51	2	10978
9805	1	11	95.000	  37.200	  81.000	  43.630	  62.000	  57.000	Com1	R	4	49	3	4853
9805	1	12	97.000	  37.072	  80.000	  44.950	  62.000	  58.000	Com1	R	5	50	3	3038
9805	1	13	81.000	  44.333	  63.000	  57.000	  41.276	  87.000	Com2	R	2	50	3	13101
9805	1	14	52.352	  71.000	  51.352	  63.425	  54.352	  59.556	Fill4	R	3	50	1	5770
9805	1	15	97.000	  36.433	  80.000	  44.175	  62.000	  57.000	Com1	R	5	50	3	5853
9805	1	16	95.000	  39.158	  80.000	  46.500	  62.000	  60.000	Com1	R	5	49	2	1517
9805	1	17	91.000	  38.242	  90.000	  33.956	  94.000	  31.851	Fill1	R	5	51	1	3739
9805	1	18	94.000	  37.638	  79.000	  44.785	  61.000	  58.000	Com1	R	1	51	3	8927
9805	1	19	81.000	  44.395	  62.000	  58.000	  41.333	  87.000	Com2	R	3	51	3	5652
9805	1	20	96.000	  39.375	  95.000	  35.400	  97.000	  33.938	Fill1	R	4	50	1	3854
9805	1	21	80.000	  44.987	  61.000	  59.000	  40.898	  88.000	Com2	R	6	49	3	5644
9805	1	22	49.986	  72.000	  47.986	  66.144	  50.986	  61.370	Fill4	R	3	50	1	4100
9805	1	23	93.000	  39.355	  91.000	  35.022	  94.000	  33.681	Fill1	R	6	51	1	8314
9805	1	24	72.000	  45.889	  69.000	  40.928	  74.000	  39.068	Fill2	R	5	51	1	2183
9805	1	25	76.000	  45.789	  74.000	  40.743	  78.000	  39.077	Fill2	R	4	50	1	1961
9805	1	26	63.000	  60.000	  61.000	  54.754	  64.000	  52.578	Fill3	R	3	50	1	1735
9805	1	27	80.000	  46.500	  62.000	  60.000	  40.879	  91.000	Com2	R	3	49	2	7965
9805	1	28	77.000	  45.974	  60.000	  59.000	  40.227	  88.000	Com2	R	3	49	2	2121
9805	1	29	75.000	  48.800	  74.000	  42.757	  78.000	  41.474	Fill2	R	2	49	1	1774
9805	1	30	95.000	  37.263	  77.000	  45.974	  60.000	  59.000	Com1	R	6	50	2	2064
9805	1	31	79.000	  44.785	  61.000	  58.000	  40.205	  88.000	Com2	R	6	51	1	4808
9805	1	32	97.000	  37.021	  81.000	  44.333	  63.000	  57.000	Com1	R	6	49	3	3540
9805	1	33	95.000	  37.853	  81.000	  44.395	  62.000	  58.000	Com1	R	2	50	3	1937
9805	1	34	56.000	  59.000	  55.000	  52.073	  58.000	  49.069	Fill3	R	6	51	1	1342
9805	1	35	41.538	  91.000	  38.538	  84.928	  42.538	  77.013	Fill5	R	3	50	1	3875
9805	1	36	80.000	  44.888	  63.000	  57.000	  41.276	  87.000	Com2	R	2	49	1	2067
9805	1	37	81.000	  44.395	  62.000	  58.000	  40.404	  89.000	Com2	R	6	51	1	1916
9805	1	38	96.000	  38.719	  82.000	  45.329	  63.000	  59.000	Com1	R	6	49	3	2584
9805	1	39	95.000	  39.126	  94.000	  34.543	  96.000	  34.000	Fill1	R	4	50	1	1563
9805	1	40	75.000	  47.987	  74.000	  42.122	  78.000	  40.859	Fill2	R	2	49	1	1400
9805	1	41	80.000	  44.950	  62.000	  58.000	  41.333	  87.000	Com2	R	1	49	1	5147
9805	1	42	81.000	  43.630	  62.000	  57.000	  40.159	  88.000	Com2	R	2	49	1	2760
9805	1	43	96.000	  38.063	  82.000	  44.561	  63.000	  58.000	Com1	R	4	49	3	2423
9805	1	44	50.833	  72.000	  48.833	  65.119	  52.833	  60.473	Fill4	R	4	50	1	1712
9805	1	45	82.000	  44.561	  63.000	  58.000	  41.056	  89.000	Com2	R	2	50	3	1574
9805	1	46	82.000	  45.329	  63.000	  59.000	  41.300	  90.000	Com2	R	3	50	1	2383
9805	1	47	74.000	  48.635	  72.000	  43.250	  76.000	  40.895	Fill2	R	3	50	1	1370
9805	1	48	78.000	  46.038	  77.000	  40.169	  79.000	  40.253	Fill2	R	6	51	1	1069
9805	1	49	37.124	  89.000	  36.124	  77.595	  38.124	  72.501	Fill5	R	3	50	1	1325
9805	1	50	97.000	  38.320	  82.000	  45.329	  63.000	  59.000	Com1	R	1	49	1	11251
9805	1	51	39.101	  89.000	  37.101	  79.566	  41.101	  72.188	Fill5	R	5	50	3	2858
9805	1	52	79.000	  43.241	  61.000	  56.000	  39.264	  87.000	Com2	R	4	51	2	2114
9805	1	53	41.276	  87.000	  40.276	  76.398	  42.276	  73.115	Fill5	R	2	49	1	2584
9805	1	54	49.714	  70.000	  47.714	  64.299	  50.714	  59.431	Fill4	R	5	51	1	1978
9805	1	55	63.000	  57.000	  61.000	  51.656	  66.000	  47.879	Fill3	R	3	50	1	1061
9805	1	56	96.000	  37.458	  81.000	  44.395	  62.000	  58.000	Com1	R	1	51	3	3172
9805	1	57	96.000	  37.406	  95.000	  33.063	  99.000	  31.576	Fill1	R	5	51	1	3343
9805	1	58	39.989	  90.000	  37.989	  80.445	  40.989	  75.142	Fill5	R	2	49	1	3445
9805	1	59	96.000	  36.854	  79.000	  44.785	  61.000	  58.000	Com1	R	4	49	3	1990
9805	1	60	59.000	  61.000	  57.000	  55.491	  62.000	  51.194	Fill3	R	6	51	1	1823
9805	1	61	88.000	  37.545	  87.000	  32.379	  89.000	  31.607	Fill1	R	5	51	1	1282
9805	1	62	96.000	  37.406	  80.000	  44.888	  63.000	  57.000	Com1	R	6	49	3	2041
9805	1	63	40.667	  90.000	  39.667	  78.908	  42.667	  73.453	Fill5	R	2	50	3	977
9805	1	64	90.000	  39.989	  88.000	  35.773	  92.000	  33.967	Fill1	R	2	49	1	3220
9805	1	65	80.000	  44.175	  62.000	  57.000	  40.159	  88.000	Com2	R	1	50	2	3134
9805	1	66	54.000	  70.000	  53.000	  62.075	  55.000	  60.891	Fill4	R	5	51	1	2334
9805	1	67	42.239	  88.000	  41.239	  77.937	  43.239	  73.476	Fill5	R	5	51	1	1354
9805	1	68	79.000	  44.785	  61.000	  58.000	  39.753	  89.000	Com2	R	5	51	1	7086
9805	1	69	49.986	  72.000	  46.986	  66.786	  50.986	  61.056	Fill4	R	5	51	1	6927
9805	1	70	96.000	  37.490	  80.000	  44.987	  61.000	  59.000	Com1	R	4	49	3	1732
9805	1	71	80.000	  44.175	  62.000	  57.000	  40.621	  87.000	Com2	R	4	51	2	953
9805	1	72	53.597	  67.000	  52.597	  59.908	  54.597	  57.897	Fill4	R	3	50	1	1966
9805	1	73	97.000	  36.433	  80.000	  44.175	  62.000	  57.000	Com1	R	5	49	2	3465
9805	1	74	82.000	  45.329	  63.000	  59.000	  42.239	  88.000	Com2	R	5	50	3	1177
9805	1	75	98.000	  37.286	  80.000	  45.675	  63.000	  58.000	Com1	R	4	51	2	1524
9805	1	76	60.000	  61.000	  59.000	  55.153	  61.000	  52.475	Fill3	R	4	50	1	1999
9805	1	77	39.989	  90.000	  38.989	  78.535	  40.989	  74.581	Fill5	R	4	50	1	1772
9805	1	78	94.000	  38.287	  78.000	  46.141	  61.000	  59.000	Com1	R	6	50	2	2798
9805	1	79	60.000	  58.000	  59.000	  52.017	  63.000	  48.873	Fill3	R	4	50	1	1512
9805	1	80	47.884	  69.000	  44.884	  63.541	  49.884	  57.233	Fill4	R	1	49	1	1189
9805	2	1	93.000	  38.065	  76.000	  46.579	  59.000	  60.000	Com1	R	4	49	3	1874
9805	2	2	79.000	  44.051	  60.000	  58.000	  39.545	  88.000	Com2	R	3	49	2	833
9805	2	3	61.000	  59.000	  59.000	  53.000	  63.000	  50.143	Fill3	R	4	50	1	617
9805	2	4	74.000	  49.459	  71.000	  44.803	  76.000	  42.526	Fill2	R	3	50	1	700
9805	2	5	92.000	  37.826	  90.000	  33.133	  94.000	  31.862	Fill1	R	2	49	1	889
9805	2	6	39.101	  89.000	  36.101	  82.103	  41.101	  71.774	Fill5	R	3	50	1	1520
9805	2	7	76.000	  45.789	  74.000	  40.608	  77.000	  39.610	Fill2	R	5	51	1	685
9805	2	8	97.000	  37.072	  81.000	  44.395	  62.000	  58.000	Com1	R	4	49	3	733
9805	2	9	51.176	  68.000	  48.176	  62.188	  53.176	  57.826	Fill4	R	4	50	1	699
9805	2	10	49.714	  70.000	  47.714	  62.937	  50.714	  59.392	Fill4	R	2	49	1	952
9805	2	11	81.000	  45.889	  63.000	  59.000	  41.300	  90.000	Com2	R	1	50	2	1245
9805	2	12	80.000	  44.175	  62.000	  57.000	  40.159	  88.000	Com2	R	1	50	2	757
9805	2	13	49.714	  70.000	  47.714	  63.189	  51.714	  58.630	Fill4	R	2	49	1	835
9805	2	14	97.000	  37.072	  80.000	  44.950	  62.000	  58.000	Com1	R	2	50	3	1851
9805	2	15	94.000	  38.287	  78.000	  46.141	  61.000	  59.000	Com1	R	1	50	2	3275
9805	2	16	72.000	  47.444	  71.000	  41.620	  74.000	  40.581	Fill2	R	3	50	1	1027
9805	2	17	82.000	  45.329	  63.000	  59.000	  42.239	  88.000	Com2	R	1	49	1	1637
9805	2	18	96.000	  38.719	  82.000	  45.329	  63.000	  59.000	Com1	R	3	51	3	1837
9805	2	19	80.000	  44.950	  62.000	  58.000	  40.864	  88.000	Com2	R	4	49	3	941
9805	2	20	96.000	  36.854	  80.000	  44.225	  61.000	  58.000	Com1	R	3	49	2	1251
9805	2	21	39.989	  90.000	  38.989	  78.946	  40.989	  74.874	Fill5	R	2	49	1	987
9805	2	22	80.000	  44.987	  61.000	  59.000	  40.898	  88.000	Com2	R	6	49	3	2909
9805	2	23	52.528	  72.000	  51.528	  65.518	  53.528	  63.070	Fill4	R	5	51	1	1891
9805	2	24	97.000	  37.021	  82.000	  43.793	  63.000	  57.000	Com1	R	4	49	3	7714
9805	2	25	78.000	  46.141	  61.000	  59.000	  40.438	  89.000	Com2	R	2	50	3	3672
9805	2	26	96.000	  37.458	  81.000	  44.395	  62.000	  58.000	Com1	R	1	51	3	5024
9805	2	27	95.000	  37.853	  80.000	  44.950	  62.000	  58.000	Com1	R	6	49	3	946
9805	2	28	39.783	  92.000	  37.783	  83.372	  40.783	  76.945	Fill5	R	2	49	1	1511
9805	2	29	60.000	  61.000	  59.000	  54.542	  62.000	  52.548	Fill3	R	2	49	1	1652
9805	2	30	94.000	  37.021	  79.000	  44.051	  60.000	  58.000	Com1	R	5	49	2	5837
9805	2	31	97.000	  38.320	  81.000	  45.889	  63.000	  59.000	Com1	R	5	49	2	1244
9805	2	32	80.000	  44.950	  62.000	  58.000	  40.404	  89.000	Com2	R	1	49	1	1396
9805	2	33	40.000	  87.000	  38.000	  78.237	  41.000	  72.024	Fill5	R	1	50	2	1543
9805	2	34	81.000	  44.395	  62.000	  58.000	  40.864	  88.000	Com2	R	1	51	3	2932
9805	2	35	76.000	  45.789	  73.000	  41.205	  79.000	  37.772	Fill2	R	5	51	1	1082
9805	2	36	96.000	  37.490	  79.000	  45.557	  61.000	  59.000	Com1	R	1	50	2	1866
9805	2	37	93.000	  38.699	  92.000	  34.228	  96.000	  33.188	Fill1	R	3	50	1	2682
9805	2	38	97.000	  36.433	  81.000	  43.630	  62.000	  57.000	Com1	R	2	51	2	2298
9805	2	39	39.545	  88.000	  37.545	  79.104	  40.545	  73.473	Fill5	R	4	50	1	298
9805	2	40	81.000	  45.111	  63.000	  58.000	  41.056	  89.000	Com2	R	6	50	2	1546
9805	2	41	82.000	  43.793	  63.000	  57.000	  41.276	  87.000	Com2	R	6	51	1	1207
9805	2	42	76.000	  46.579	  59.000	  60.000	  39.775	  89.000	Com2	R	1	49	1	1009
9805	2	43	79.000	  46.304	  62.000	  59.000	  41.568	  88.000	Com2	R	3	49	2	979
9805	2	44	60.000	  58.000	  57.000	  52.965	  61.000	  50.393	Fill3	R	4	50	1	982
9805	2	45	81.000	  44.395	  62.000	  58.000	  40.864	  88.000	Com2	R	6	49	3	1321
9805	2	46	77.000	  49.117	  75.000	  45.013	  80.000	  42.275	Fill2	R	2	50	3	510
9805	2	47	81.000	  43.630	  62.000	  57.000	  41.093	  86.000	Com2	R	6	51	1	1219
9805	2	48	61.000	  62.000	  59.000	  56.458	  63.000	  53.333	Fill3	R	2	49	1	1008
9805	2	49	60.000	  58.000	  57.000	  52.895	  63.000	  48.762	Fill3	R	3	50	1	1314
9805	2	50	95.000	  37.200	  80.000	  44.175	  62.000	  57.000	Com1	R	2	50	3	2007
9805	2	51	75.000	  46.400	  74.000	  41.041	  76.000	  39.539	Fill2	R	5	51	1	1170
9805	2	52	96.000	  36.219	  78.000	  44.577	  61.000	  57.000	Com1	R	2	51	2	1291
9805	2	53	41.560	  91.000	  38.560	  84.543	  42.560	  76.691	Fill5	R	6	51	1	1459
9805	2	54	96.000	  37.458	  81.000	  44.395	  62.000	  58.000	Com1	R	6	49	3	1043
9805	2	55	95.000	  38.505	  79.000	  46.304	  62.000	  59.000	Com1	R	5	49	2	2307
9805	2	56	75.000	  46.400	  72.000	  41.625	  78.000	  38.821	Fill2	R	4	50	1	1425
9805	2	57	40.000	  87.000	  37.000	  80.297	  41.000	  71.659	Fill5	R	2	50	3	1700
9805	2	58	56.000	  61.000	  53.000	  55.340	  57.000	  51.439	Fill3	R	4	50	1	793
9805	2	59	78.000	  45.359	  61.000	  58.000	  40.205	  88.000	Com2	R	4	51	2	899
9805	2	60	94.000	  40.234	  91.000	  36.132	  97.000	  34.134	Fill1	R	4	50	1	1097
9805	2	61	51.549	  71.000	  50.549	  63.819	  52.549	  61.713	Fill4	R	4	50	1	1192
9805	2	62	37.956	  90.000	  35.956	  81.017	  38.956	  73.776	Fill5	R	5	51	1	915
9805	2	63	96.000	  38.063	  81.000	  45.111	  63.000	  58.000	Com1	R	2	51	2	1097
9805	2	64	95.000	  37.242	  78.000	  45.359	  61.000	  58.000	Com1	R	2	50	3	1289
9805	2	65	47.444	  72.000	  46.444	  63.043	  49.444	  59.258	Fill4	R	6	51	1	881
9805	2	66	76.000	  47.355	  73.000	  43.466	  78.000	  40.949	Fill2	R	3	50	1	633
9805	2	67	91.000	  38.242	  89.000	  34.213	  94.000	  32.138	Fill1	R	3	50	1	635
9805	2	68	49.714	  70.000	  46.714	  65.890	  51.714	  57.818	Fill4	R	5	49	2	1324
9805	2	69	81.000	  44.395	  62.000	  58.000	  40.404	  89.000	Com2	R	4	51	2	897
9805	2	70	91.000	  38.242	  89.000	  34.393	  93.000	  32.828	Fill1	R	4	50	1	665
9805	2	71	79.000	  45.557	  61.000	  59.000	  40.438	  89.000	Com2	R	5	49	2	665
9805	2	72	93.000	  37.419	  92.000	  33.424	  95.000	  31.737	Fill1	R	3	50	1	505
9805	2	73	80.000	  44.225	  61.000	  58.000	  39.753	  89.000	Com2	R	3	50	1	462
9805	2	74	93.000	  39.355	  91.000	  34.769	  95.000	  33.642	Fill1	R	5	51	1	1301
9805	2	75	88.000	  38.818	  87.000	  33.644	  89.000	  33.393	Fill1	R	5	51	1	634
9805	2	76	60.000	  58.000	  58.000	  51.828	  63.000	  47.349	Fill3	R	3	50	1	1626
9805	2	77	78.000	  44.577	  61.000	  57.000	  39.966	  87.000	Com2	R	2	51	2	1045
9805	2	78	60.000	  58.000	  58.000	  51.569	  61.000	  49.148	Fill3	R	4	50	1	805
9805	2	79	50.690	  71.000	  49.690	  62.809	  51.690	  61.346	Fill4	R	5	51	1	2080
9805	2	80	95.000	  37.884	  80.000	  44.987	  61.000	  59.000	Com1	R	2	51	2	2009
9805	3	1	93.000	  38.710	  91.000	  34.747	  95.000	  33.432	Fill1	R	3	50	1	1721
9805	3	2	74.000	  49.432	  73.000	  43.753	  76.000	  42.276	Fill2	R	4	50	1	938
9805	3	3	51.429	  70.000	  48.429	  64.982	  52.429	  59.624	Fill4	R	3	50	1	816
9805	3	4	80.000	  44.950	  62.000	  58.000	  41.333	  87.000	Com2	R	4	51	2	842
9805	3	5	75.000	  47.987	  72.000	  43.903	  78.000	  40.705	Fill2	R	5	51	1	1170
9805	3	6	78.000	  45.359	  61.000	  58.000	  39.753	  89.000	Com2	R	4	51	2	861
9805	3	7	91.000	  40.154	  90.000	  35.444	  94.000	  34.011	Fill1	R	5	51	1	1526
9805	3	8	97.000	  37.072	  79.000	  45.519	  62.000	  58.000	Com1	R	5	50	3	818
9805	3	9	96.000	  38.719	  82.000	  45.329	  63.000	  59.000	Com1	R	5	50	3	1213
9805	3	10	96.000	  36.854	  79.000	  44.785	  61.000	  58.000	Com1	R	3	50	1	1048
9805	3	11	42.000	  90.000	  39.000	  84.077	  43.000	  75.558	Fill5	R	3	50	1	2135
9805	3	12	80.000	  45.675	  63.000	  58.000	  41.523	  88.000	Com2	R	5	50	3	1641
9805	3	13	39.989	  90.000	  38.989	  78.997	  41.989	  72.757	Fill5	R	5	51	1	933
9805	3	14	81.000	  45.111	  63.000	  58.000	  41.056	  89.000	Com2	R	5	49	2	1418
9805	3	15	95.000	  39.789	  92.000	  36.685	  97.000	  34.392	Fill1	R	4	50	1	829
9805	3	16	96.000	  37.458	  79.000	  45.519	  62.000	  58.000	Com1	R	3	49	2	1625
9805	3	17	74.000	  49.432	  71.000	  45.451	  77.000	  41.636	Fill2	R	3	50	1	4418
9805	3	18	96.000	  38.063	  82.000	  44.561	  63.000	  58.000	Com1	R	4	49	3	3404
9805	3	19	50.690	  71.000	  47.690	  66.974	  52.690	  59.537	Fill4	R	1	49	1	863
9805	3	20	78.000	  48.462	  76.000	  43.579	  80.000	  42.163	Fill2	R	2	49	1	2295
9805	3	21	93.000	  38.699	  90.000	  35.456	  95.000	  33.621	Fill1	R	5	51	1	1319
9805	3	22	48.720	  75.000	  47.720	  66.241	  50.720	  63.131	Fill4	R	1	49	1	1805
9805	3	23	40.198	  91.000	  38.198	  82.178	  41.198	  76.290	Fill5	R	2	49	1	2128
9805	3	24	49.432	  74.000	  46.432	  69.650	  50.432	  64.026	Fill4	R	1	49	1	1509
9805	3	25	63.000	  60.000	  61.000	  54.967	  65.000	  51.262	Fill3	R	5	51	1	1314
9805	3	26	79.000	  45.519	  62.000	  58.000	  40.404	  89.000	Com2	R	4	51	2	855
9805	3	27	96.000	  38.063	  82.000	  44.561	  63.000	  58.000	Com1	R	4	49	3	1103
9805	3	28	80.000	  45.725	  62.000	  59.000	  41.101	  89.000	Com2	R	4	49	3	2716
9805	3	29	63.000	  60.000	  60.000	  56.267	  66.000	  51.167	Fill3	R	2	49	1	2249
9805	3	30	82.000	  44.561	  63.000	  58.000	  41.523	  88.000	Com2	R	1	50	2	1738
9805	3	31	49.432	  74.000	  48.432	  65.307	  51.432	  61.576	Fill4	R	4	50	1	1023
9805	3	32	61.000	  59.000	  59.000	  53.017	  62.000	  51.194	Fill3	R	4	50	1	1137
9805	3	33	96.000	  36.813	  81.000	  43.630	  62.000	  57.000	Com1	R	1	51	3	1919
9805	3	34	91.000	  40.198	  88.000	  36.534	  92.000	  35.130	Fill1	R	2	49	1	1307
9805	3	35	39.761	  92.000	  38.761	  81.061	  40.761	  76.421	Fill5	R	2	49	1	1472
9805	3	36	79.000	  46.304	  62.000	  59.000	  41.101	  89.000	Com2	R	5	49	2	1089
9805	3	37	58.000	  61.000	  55.000	  56.291	  59.000	  52.542	Fill3	R	4	50	1	961
9805	3	38	72.000	  49.139	  69.000	  44.899	  75.000	  41.760	Fill2	R	5	51	1	1287
9805	3	39	98.000	  38.531	  82.000	  46.049	  64.000	  59.000	Com1	R	2	50	3	3024
9805	3	40	82.000	  45.329	  63.000	  59.000	  41.300	  90.000	Com2	R	4	51	2	4193
9805	3	41	94.000	  37.638	  78.000	  45.359	  61.000	  58.000	Com1	R	6	49	3	1779
9805	3	42	90.000	  39.311	  87.000	  35.356	  93.000	  33.183	Fill1	R	4	50	1	1222
9805	3	43	78.000	  45.359	  61.000	  58.000	  40.205	  88.000	Com2	R	3	49	2	2352
9805	3	44	52.500	  72.000	  50.500	  65.069	  53.500	  62.729	Fill4	R	2	49	1	1006
9805	3	45	59.000	  62.000	  58.000	  54.741	  62.000	  51.903	Fill3	R	5	51	1	1136
9805	3	46	82.000	  44.561	  63.000	  58.000	  41.056	  89.000	Com2	R	1	50	2	1055
9805	3	47	96.000	  36.854	  78.000	  45.359	  61.000	  58.000	Com1	R	2	50	3	751
9805	3	48	48.466	  73.000	  46.466	  65.984	  50.466	  62.002	Fill4	R	3	50	1	860
9805	3	49	95.000	  37.242	  78.000	  45.359	  61.000	  58.000	Com1	R	3	51	3	1044
9805	3	50	79.000	  44.785	  61.000	  58.000	  39.753	  89.000	Com2	R	3	49	2	964
9805	3	51	97.000	  37.072	  81.000	  44.395	  62.000	  58.000	Com1	R	4	49	3	841
9805	3	52	98.000	  35.357	  81.000	  42.778	  63.000	  55.000	Com1	R	5	50	3	752
9805	3	53	91.000	  40.198	  89.000	  36.506	  93.000	  34.839	Fill1	R	5	50	3	926
9805	3	54	58.000	  63.000	  57.000	  56.649	  61.000	  51.852	Fill3	R	1	49	1	915
9805	3	55	38.872	  94.000	  36.872	  84.643	  40.872	  76.262	Fill5	R	3	50	1	1496
9805	3	56	74.000	  49.378	  72.000	  44.236	  76.000	  42.474	Fill2	R	2	49	1	792
9805	3	57	81.000	  43.630	  62.000	  57.000	  40.621	  87.000	Com2	R	5	49	2	1187
9805	3	58	78.000	  48.462	  77.000	  43.260	  79.000	  41.646	Fill2	R	2	49	1	2335
9805	3	59	60.000	  60.000	  59.000	  52.559	  63.000	  50.397	Fill3	R	4	50	1	907
9805	3	60	38.879	  91.000	  37.879	  80.123	  39.879	  74.926	Fill5	R	4	50	1	1168
9805	3	61	40.000	  90.000	  38.000	  81.132	  41.000	  74.902	Fill5	R	4	50	1	955
9805	3	62	76.000	  47.368	  75.000	  41.533	  78.000	  40.154	Fill2	R	2	49	1	879
9805	3	63	96.000	  37.458	  81.000	  44.395	  62.000	  58.000	Com1	R	6	49	3	1048
9805	3	64	59.000	  62.000	  56.000	  57.821	  62.000	  52.468	Fill3	R	2	49	1	904
9805	3	65	53.239	  71.000	  51.239	  64.130	  54.239	  61.800	Fill4	R	3	50	1	974
9805	3	66	98.000	  37.286	  80.000	  45.675	  63.000	  58.000	Com1	R	4	49	3	2256
9805	3	67	41.538	  91.000	  39.538	  81.693	  42.538	  76.213	Fill5	R	5	51	1	1296
9805	3	68	96.000	  37.458	  80.000	  44.950	  62.000	  58.000	Com1	R	5	50	3	1144
9805	3	69	78.000	  45.359	  61.000	  58.000	  40.205	  88.000	Com2	R	4	49	3	806
9805	3	70	81.000	  42.778	  63.000	  55.000	  40.765	  85.000	Com2	R	3	49	2	704
9805	3	71	78.000	  45.359	  61.000	  58.000	  40.205	  88.000	Com2	R	3	49	2	734
9805	3	72	96.000	  38.104	  80.000	  45.725	  62.000	  59.000	Com1	R	5	50	3	587
9805	3	73	98.000	  37.286	  81.000	  45.111	  63.000	  58.000	Com1	R	4	49	3	637
9805	3	74	94.000	  37.638	  78.000	  45.359	  61.000	  58.000	Com1	R	5	50	3	637
9805	3	75	82.000	  46.049	  64.000	  59.000	  42.909	  88.000	Com2	R	3	49	2	621
9805	3	76	79.000	  45.519	  62.000	  58.000	  41.333	  87.000	Com2	R	1	49	1	1727
9805	3	77	81.000	  44.395	  62.000	  58.000	  40.404	  89.000	Com2	R	4	50	1	2405
9805	3	78	94.000	  40.213	  93.000	  36.290	  96.000	  34.271	Fill1	R	1	49	1	2688
9805	3	79	81.000	  44.395	  62.000	  58.000	  41.333	  87.000	Com2	R	5	51	1	1872
9805	3	80	96.000	  38.104	  79.000	  46.304	  62.000	  59.000	Com1	R	4	49	3	1568
9805	4	1	90.000	  39.989	  87.000	  35.897	  93.000	  34.172	Fill1	R	4	50	1	3185
9805	4	2	97.000	  36.433	  80.000	  44.175	  62.000	  57.000	Com1	R	6	50	2	4446
9805	4	3	96.000	  37.406	  95.000	  33.063	  99.000	  31.576	Fill1	R	5	51	1	1253
9805	4	4	41.276	  87.000	  40.276	  76.398	  42.276	  73.115	Fill5	R	4	50	1	1245
9805	4	5	98.000	  37.286	  80.000	  45.675	  63.000	  58.000	Com1	R	4	49	3	1348
9805	4	6	80.000	  44.987	  61.000	  59.000	  40.898	  88.000	Com2	R	5	49	2	1417
9805	4	7	96.000	  36.219	  80.000	  43.462	  61.000	  57.000	Com1	R	3	51	3	781
9805	4	8	60.000	  61.000	  59.000	  55.153	  61.000	  52.475	Fill3	R	4	50	1	1239
9805	4	9	96.000	  38.063	  82.000	  44.561	  63.000	  58.000	Com1	R	4	51	2	1343
9805	4	10	79.000	  44.785	  61.000	  58.000	  40.205	  88.000	Com2	R	4	49	3	645
9805	4	11	49.986	  72.000	  46.986	  66.786	  50.986	  61.056	Fill4	R	5	51	1	1414
9805	4	12	97.000	  37.072	  80.000	  44.950	  62.000	  58.000	Com1	R	3	51	3	1447
9805	4	13	96.000	  37.490	  80.000	  44.987	  61.000	  59.000	Com1	R	6	50	2	919
9805	4	14	95.000	  37.853	  81.000	  44.395	  62.000	  58.000	Com1	R	5	49	2	989
9805	4	15	56.000	  59.000	  55.000	  52.073	  58.000	  49.069	Fill3	R	3	50	1	815
9805	4	16	80.000	  45.675	  63.000	  58.000	  42.000	  87.000	Com2	R	2	51	2	1561
9805	4	17	77.000	  45.974	  60.000	  59.000	  40.227	  88.000	Com2	R	5	49	2	1382
9805	4	18	81.000	  44.395	  62.000	  58.000	  41.333	  87.000	Com2	R	2	51	2	825
9805	4	19	82.000	  45.329	  63.000	  59.000	  41.300	  90.000	Com2	R	1	50	2	1044
9805	4	20	78.000	  46.141	  61.000	  59.000	  39.989	  90.000	Com2	R	3	51	3	2308
9805	4	21	96.000	  37.406	  80.000	  44.888	  63.000	  57.000	Com1	R	1	51	3	673
9805	4	22	80.000	  44.950	  62.000	  58.000	  41.333	  87.000	Com2	R	3	50	1	930
9805	4	23	47.884	  69.000	  44.884	  63.541	  49.884	  57.233	Fill4	R	4	50	1	1495
9805	4	24	97.000	  36.433	  80.000	  44.175	  62.000	  57.000	Com1	R	4	51	2	1863
9805	4	25	50.833	  72.000	  48.833	  65.119	  52.833	  60.473	Fill4	R	5	51	1	870
9805	4	26	96.000	  37.458	  81.000	  44.395	  62.000	  58.000	Com1	R	1	51	3	1998
9805	4	27	49.714	  70.000	  47.714	  64.299	  50.714	  59.431	Fill4	R	5	51	1	1209
9805	4	28	54.000	  70.000	  53.000	  62.075	  55.000	  60.891	Fill4	R	3	50	1	1540
9805	4	29	88.000	  37.545	  87.000	  32.379	  89.000	  31.607	Fill1	R	4	50	1	961
9805	4	30	91.000	  38.242	  90.000	  33.956	  94.000	  31.851	Fill1	R	2	49	1	1991
9805	4	31	95.000	  37.200	  81.000	  43.630	  62.000	  57.000	Com1	R	4	51	2	1105
9805	4	32	95.000	  37.263	  77.000	  45.974	  60.000	  59.000	Com1	R	2	50	3	2014
9805	4	33	90.000	  39.989	  88.000	  35.773	  92.000	  33.967	Fill1	R	4	50	1	1033
9805	4	34	39.101	  89.000	  37.101	  79.566	  41.101	  72.188	Fill5	R	6	51	1	1112
9805	4	35	74.000	  48.635	  72.000	  43.250	  76.000	  40.895	Fill2	R	1	49	1	1301
9805	4	36	63.000	  57.000	  61.000	  51.656	  66.000	  47.879	Fill3	R	5	51	1	1292
9805	4	37	96.000	  35.583	  79.000	  43.241	  61.000	  56.000	Com1	R	6	49	3	1044
9805	4	38	53.597	  67.000	  52.597	  59.908	  54.597	  57.897	Fill4	R	2	49	1	820
9805	4	39	96.000	  39.375	  95.000	  35.400	  97.000	  33.938	Fill1	R	1	49	1	3791
9805	4	40	80.000	  46.500	  62.000	  60.000	  40.879	  91.000	Com2	R	5	51	1	2769
9805	4	41	80.000	  44.175	  62.000	  57.000	  40.621	  87.000	Com2	R	4	51	2	3931
9805	4	42	93.000	  39.355	  91.000	  35.022	  94.000	  33.681	Fill1	R	5	51	1	712
9805	4	43	76.000	  45.789	  74.000	  40.743	  78.000	  39.077	Fill2	R	5	51	1	1061
9805	4	44	80.000	  44.175	  62.000	  57.000	  40.159	  88.000	Com2	R	3	50	1	2021
9805	4	45	94.000	  37.638	  79.000	  44.785	  61.000	  58.000	Com1	R	1	51	3	784
9805	4	46	95.000	  39.158	  80.000	  46.500	  62.000	  60.000	Com1	R	4	50	1	491
9805	4	47	75.000	  47.987	  74.000	  42.122	  78.000	  40.859	Fill2	R	4	50	1	915
9805	4	48	96.000	  38.719	  82.000	  45.329	  63.000	  59.000	Com1	R	5	49	2	2169
9805	4	49	81.000	  44.395	  62.000	  58.000	  40.404	  89.000	Com2	R	6	50	2	972
9805	4	50	59.000	  61.000	  57.000	  55.491	  62.000	  51.194	Fill3	R	4	50	1	1166
9805	4	51	79.000	  47.848	  77.000	  42.935	  82.000	  40.756	Fill2	R	5	51	1	1496
9805	4	52	63.000	  59.000	  62.000	  51.984	  64.000	  51.750	Fill3	R	3	50	1	984
9805	4	53	39.989	  90.000	  37.989	  80.445	  40.989	  75.142	Fill5	R	3	50	1	3547
9805	4	54	78.000	  46.038	  77.000	  40.169	  79.000	  40.253	Fill2	R	3	50	1	1592
9805	4	55	97.000	  38.320	  82.000	  45.329	  63.000	  59.000	Com1	R	6	50	2	1411
9805	4	56	96.000	  36.854	  79.000	  44.785	  61.000	  58.000	Com1	R	1	51	3	949
9805	4	57	95.000	  39.126	  94.000	  34.543	  96.000	  34.000	Fill1	R	2	49	1	1211
9805	4	58	37.124	  89.000	  36.124	  77.595	  38.124	  72.501	Fill5	R	2	50	3	2757
9805	4	59	52.352	  71.000	  51.352	  63.425	  54.352	  59.556	Fill4	R	4	50	1	1218
9805	4	60	80.000	  43.462	  61.000	  57.000	  40.430	  86.000	Com2	R	4	51	2	1181
9805	4	61	40.667	  90.000	  39.667	  78.908	  42.667	  73.453	Fill5	R	2	49	1	1480
9805	4	62	79.000	  47.051	  76.000	  43.197	  81.000	  40.654	Fill2	R	2	49	1	1336
9805	4	63	97.000	  37.021	  81.000	  44.333	  63.000	  57.000	Com1	R	6	49	3	1485
9805	4	64	41.538	  91.000	  38.538	  84.928	  42.538	  77.013	Fill5	R	6	51	1	1293
9805	4	65	81.000	  44.333	  63.000	  57.000	  41.276	  87.000	Com2	R	2	51	2	1653
9805	4	66	72.000	  45.889	  69.000	  40.928	  74.000	  39.068	Fill2	R	1	49	1	1133
9805	4	67	81.000	  43.630	  62.000	  57.000	  40.159	  88.000	Com2	R	4	50	1	1131
9805	4	68	42.239	  88.000	  41.239	  77.937	  43.239	  73.476	Fill5	R	2	49	1	951
9805	4	69	59.000	  61.000	  58.000	  54.052	  61.000	  50.967	Fill3	R	2	49	1	1148
9805	4	70	75.000	  48.800	  74.000	  42.757	  78.000	  41.474	Fill2	R	2	49	1	1338
9805	4	71	63.000	  60.000	  61.000	  54.754	  64.000	  52.578	Fill3	R	3	50	1	735
9805	4	72	49.986	  72.000	  47.986	  66.144	  50.986	  61.370	Fill4	R	6	51	1	1148
9805	4	73	82.000	  45.329	  63.000	  59.000	  42.239	  88.000	Com2	R	4	49	3	2827
9805	4	74	80.000	  44.888	  63.000	  57.000	  41.276	  87.000	Com2	R	6	50	2	932
9805	4	75	60.000	  58.000	  59.000	  52.017	  63.000	  48.873	Fill3	R	6	51	1	1243
9805	4	76	79.000	  44.785	  61.000	  58.000	  39.753	  89.000	Com2	R	5	49	2	2195
9805	4	77	94.000	  38.287	  78.000	  46.141	  61.000	  59.000	Com1	R	5	50	3	644
9805	4	78	82.000	  44.561	  63.000	  58.000	  41.056	  89.000	Com2	R	4	51	2	804
9805	4	79	39.989	  90.000	  38.989	  78.535	  40.989	  74.581	Fill5	R	5	51	1	1455
9805	4	80	79.000	  43.241	  61.000	  56.000	  39.264	  87.000	Com2	R	1	51	3	1103
9805	5	1	94.000	  38.287	  78.000	  46.141	  61.000	  59.000	Com1	R	5	50	3	1225
9805	5	2	96.000	  38.719	  82.000	  45.329	  63.000	  59.000	Com1	R	5	50	3	602
9805	5	3	82.000	  43.793	  63.000	  57.000	  41.276	  87.000	Com2	R	1	50	2	684
9805	5	4	47.444	  72.000	  46.444	  63.043	  49.444	  59.258	Fill4	R	2	49	1	876
9805	5	5	37.956	  90.000	  35.956	  81.017	  38.956	  73.776	Fill5	R	2	49	1	740
9805	5	6	40.000	  87.000	  37.000	  80.297	  41.000	  71.659	Fill5	R	4	50	1	609
9805	5	7	49.714	  70.000	  46.714	  65.890	  51.714	  57.818	Fill4	R	5	51	1	883
9805	5	8	81.000	  43.630	  62.000	  57.000	  41.093	  86.000	Com2	R	2	50	3	603
9805	5	9	56.000	  61.000	  53.000	  55.340	  57.000	  51.439	Fill3	R	5	51	1	479
9805	5	10	93.000	  38.699	  92.000	  34.228	  96.000	  33.188	Fill1	R	5	50	3	471
9805	5	11	96.000	  36.854	  80.000	  44.225	  61.000	  58.000	Com1	R	5	49	2	623
9805	5	12	39.545	  88.000	  37.545	  79.104	  40.545	  73.473	Fill5	R	5	50	3	562
9805	5	13	78.000	  45.359	  61.000	  58.000	  40.205	  88.000	Com2	R	1	50	2	647
9805	5	14	51.549	  71.000	  50.549	  63.819	  52.549	  61.713	Fill4	R	3	50	1	584
9805	5	15	76.000	  47.355	  73.000	  43.466	  78.000	  40.949	Fill2	R	3	49	2	746
9805	5	16	40.000	  87.000	  38.000	  78.237	  41.000	  72.024	Fill5	R	4	50	1	535
9805	5	17	96.000	  37.458	  81.000	  44.395	  62.000	  58.000	Com1	R	1	50	2	604
9805	5	18	60.000	  61.000	  59.000	  54.542	  62.000	  52.548	Fill3	R	5	51	1	927
9805	5	19	96.000	  37.458	  81.000	  44.395	  62.000	  58.000	Com1	R	2	50	3	836
9805	5	20	81.000	  45.111	  63.000	  58.000	  41.056	  89.000	Com2	R	3	49	2	971
9805	5	21	97.000	  37.021	  82.000	  43.793	  63.000	  57.000	Com1	R	3	51	3	574
9805	5	22	39.101	  89.000	  36.101	  82.103	  41.101	  71.774	Fill5	R	1	49	1	705
9805	5	23	80.000	  44.987	  61.000	  59.000	  40.898	  88.000	Com2	R	1	50	2	798
9805	5	24	74.000	  49.459	  71.000	  44.803	  76.000	  42.526	Fill2	R	6	51	1	1513
9805	5	25	79.000	  44.051	  60.000	  58.000	  39.545	  88.000	Com2	R	6	50	2	2230
9805	5	26	96.000	  36.219	  78.000	  44.577	  61.000	  57.000	Com1	R	3	51	3	1927
9805	5	27	76.000	  46.579	  59.000	  60.000	  39.775	  89.000	Com2	R	3	50	1	934
9805	5	28	97.000	  38.320	  81.000	  45.889	  63.000	  59.000	Com1	R	6	50	2	844
9805	5	29	95.000	  38.505	  79.000	  46.304	  62.000	  59.000	Com1	R	6	51	1	660
9805	5	30	94.000	  37.021	  79.000	  44.051	  60.000	  58.000	Com1	R	1	49	1	852
9805	5	31	95.000	  37.200	  80.000	  44.175	  62.000	  57.000	Com1	R	4	50	1	747
9805	5	32	61.000	  62.000	  59.000	  56.458	  63.000	  53.333	Fill3	R	4	49	3	393
9805	5	33	81.000	  45.889	  63.000	  59.000	  41.300	  90.000	Com2	R	5	50	3	227
9805	5	34	81.000	  44.395	  62.000	  58.000	  40.864	  88.000	Com2	R	6	50	2	694
9805	5	35	41.560	  91.000	  38.560	  84.543	  42.560	  76.691	Fill5	R	2	49	1	1094
9805	5	36	60.000	  58.000	  57.000	  52.895	  63.000	  48.762	Fill3	R	5	51	1	982
9805	5	37	78.000	  46.141	  61.000	  59.000	  40.438	  89.000	Com2	R	5	49	2	729
9805	5	38	75.000	  46.400	  74.000	  41.041	  76.000	  39.539	Fill2	R	3	50	1	614
9805	5	39	94.000	  40.234	  91.000	  36.132	  97.000	  34.134	Fill1	R	6	51	1	1082
9805	5	40	76.000	  45.789	  74.000	  40.608	  77.000	  39.610	Fill2	R	2	49	1	809
9805	5	41	80.000	  44.175	  62.000	  57.000	  40.159	  88.000	Com2	R	3	49	2	819
9805	5	42	92.000	  37.826	  90.000	  33.133	  94.000	  31.862	Fill1	R	4	50	1	510
9805	5	43	88.000	  38.818	  87.000	  33.644	  89.000	  33.393	Fill1	R	4	50	1	531
9805	5	44	95.000	  37.853	  80.000	  44.950	  62.000	  58.000	Com1	R	3	50	1	489
9805	5	45	91.000	  38.242	  89.000	  34.393	  93.000	  32.828	Fill1	R	2	49	1	593
9805	5	46	61.000	  59.000	  59.000	  53.000	  63.000	  50.143	Fill3	R	5	50	3	594
9805	5	47	49.714	  70.000	  47.714	  62.937	  50.714	  59.392	Fill4	R	4	50	1	501
9805	5	48	77.000	  49.117	  75.000	  45.013	  80.000	  42.275	Fill2	R	2	49	1	1498
9805	5	49	39.783	  92.000	  37.783	  83.372	  40.783	  76.945	Fill5	R	2	49	1	939
9805	5	50	76.000	  45.789	  73.000	  41.205	  79.000	  37.772	Fill2	R	6	51	1	737
9805	5	51	60.000	  58.000	  58.000	  51.569	  61.000	  49.148	Fill3	R	2	49	1	686
9805	5	52	93.000	  38.065	  76.000	  46.579	  59.000	  60.000	Com1	R	5	50	3	558
9805	5	53	97.000	  37.072	  81.000	  44.395	  62.000	  58.000	Com1	R	4	49	3	723
9805	5	54	82.000	  45.329	  63.000	  59.000	  42.239	  88.000	Com2	R	1	49	1	1441
9805	5	55	81.000	  44.395	  62.000	  58.000	  40.864	  88.000	Com2	R	5	49	2	785
9805	5	56	97.000	  36.433	  81.000	  43.630	  62.000	  57.000	Com1	R	4	51	2	955
9805	5	57	72.000	  47.444	  71.000	  41.620	  74.000	  40.581	Fill2	R	3	51	3	945
9805	5	58	78.000	  44.577	  61.000	  57.000	  39.966	  87.000	Com2	R	2	51	2	1477
9805	5	59	80.000	  44.950	  62.000	  58.000	  40.404	  89.000	Com2	R	1	49	1	725
9805	5	60	93.000	  37.419	  92.000	  33.424	  95.000	  31.737	Fill1	R	2	49	1	882
9805	5	61	93.000	  39.355	  91.000	  34.769	  95.000	  33.642	Fill1	R	6	51	1	1418
9805	5	62	95.000	  37.884	  80.000	  44.987	  61.000	  59.000	Com1	R	3	51	3	877
9805	5	63	75.000	  46.400	  72.000	  41.625	  78.000	  38.821	Fill2	R	4	51	2	645
9805	5	64	52.528	  72.000	  51.528	  65.518	  53.528	  63.070	Fill4	R	3	50	1	998
9805	5	65	91.000	  38.242	  89.000	  34.213	  94.000	  32.138	Fill1	R	5	51	1	1640
9805	5	66	60.000	  58.000	  57.000	  52.965	  61.000	  50.393	Fill3	R	2	49	1	1521
9805	5	67	39.989	  90.000	  38.989	  78.946	  40.989	  74.874	Fill5	R	5	51	1	1102
9805	5	68	51.176	  68.000	  48.176	  62.188	  53.176	  57.826	Fill4	R	4	50	1	1099
9805	5	69	81.000	  44.395	  62.000	  58.000	  40.404	  89.000	Com2	R	6	50	2	906
9805	5	70	49.714	  70.000	  47.714	  63.189	  51.714	  58.630	Fill4	R	3	50	1	880
9805	5	71	50.690	  71.000	  49.690	  62.809	  51.690	  61.346	Fill4	R	4	50	1	616
9805	5	72	79.000	  46.304	  62.000	  59.000	  41.568	  88.000	Com2	R	5	49	2	858
9805	5	73	96.000	  38.063	  81.000	  45.111	  63.000	  58.000	Com1	R	6	50	2	738
9805	5	74	79.000	  45.557	  61.000	  59.000	  40.438	  89.000	Com2	R	5	49	2	1424
9805	5	75	60.000	  58.000	  58.000	  51.828	  63.000	  47.349	Fill3	R	5	51	1	979
9805	5	76	96.000	  37.490	  79.000	  45.557	  61.000	  59.000	Com1	R	4	51	2	2901
9805	5	77	80.000	  44.950	  62.000	  58.000	  40.864	  88.000	Com2	R	5	49	2	634
9805	5	78	80.000	  44.225	  61.000	  58.000	  39.753	  89.000	Com2	R	1	50	2	746
9805	5	79	97.000	  37.072	  80.000	  44.950	  62.000	  58.000	Com1	R	2	51	2	760
9805	5	80	95.000	  37.242	  78.000	  45.359	  61.000	  58.000	Com1	R	3	49	2	500
9805	6	1	42.000	  90.000	  39.000	  84.077	  43.000	  75.558	Fill5	R	2	49	1	4241
9805	6	2	53.239	  71.000	  51.239	  64.130	  54.239	  61.800	Fill4	R	2	49	1	1088
9805	6	3	52.500	  72.000	  50.500	  65.069	  53.500	  62.729	Fill4	R	2	49	1	960
9805	6	4	78.000	  48.462	  76.000	  43.579	  80.000	  42.163	Fill2	R	3	50	1	597
9805	6	5	48.720	  75.000	  47.720	  66.241	  50.720	  63.131	Fill4	R	4	50	1	792
9805	6	6	93.000	  38.710	  91.000	  34.747	  95.000	  33.432	Fill1	R	2	49	1	1330
9805	6	7	96.000	  38.063	  82.000	  44.561	  63.000	  58.000	Com1	R	1	50	2	615
9805	6	8	95.000	  39.789	  92.000	  36.685	  97.000	  34.392	Fill1	R	4	50	1	681
9805	6	9	96.000	  36.813	  81.000	  43.630	  62.000	  57.000	Com1	R	2	50	3	505
9805	6	10	90.000	  39.311	  87.000	  35.356	  93.000	  33.183	Fill1	R	6	51	1	655
9805	6	11	74.000	  49.432	  71.000	  45.451	  77.000	  41.636	Fill2	R	5	51	1	559
9805	6	12	74.000	  49.378	  72.000	  44.236	  76.000	  42.474	Fill2	R	2	49	1	644
9805	6	13	94.000	  37.638	  78.000	  45.359	  61.000	  58.000	Com1	R	4	49	3	996
9805	6	14	38.872	  94.000	  36.872	  84.643	  40.872	  76.262	Fill5	R	4	50	1	727
9805	6	15	81.000	  42.778	  63.000	  55.000	  40.765	  85.000	Com2	R	4	50	1	724
9805	6	16	96.000	  38.063	  82.000	  44.561	  63.000	  58.000	Com1	R	5	50	3	609
9805	6	17	97.000	  37.072	  81.000	  44.395	  62.000	  58.000	Com1	R	4	49	3	964
9805	6	18	40.198	  91.000	  38.198	  82.178	  41.198	  76.290	Fill5	R	4	50	1	570
9805	6	19	81.000	  44.395	  62.000	  58.000	  41.333	  87.000	Com2	R	1	50	2	573
9805	6	20	98.000	  37.286	  81.000	  45.111	  63.000	  58.000	Com1	R	1	51	3	992
9805	6	21	78.000	  48.462	  77.000	  43.260	  79.000	  41.646	Fill2	R	2	49	1	929
9805	6	22	48.466	  73.000	  46.466	  65.984	  50.466	  62.002	Fill4	R	3	50	1	599
9805	6	23	96.000	  38.104	  80.000	  45.725	  62.000	  59.000	Com1	R	5	50	3	489
9805	6	24	94.000	  37.638	  78.000	  45.359	  61.000	  58.000	Com1	R	5	51	1	529
9805	6	25	96.000	  37.458	  79.000	  45.519	  62.000	  58.000	Com1	R	5	50	3	471
9805	6	26	60.000	  60.000	  59.000	  52.559	  63.000	  50.397	Fill3	R	4	50	1	447
9805	6	27	97.000	  37.072	  79.000	  45.519	  62.000	  58.000	Com1	R	4	49	3	1127
9805	6	28	98.000	  37.286	  80.000	  45.675	  63.000	  58.000	Com1	R	5	50	3	516
9805	6	29	82.000	  44.561	  63.000	  58.000	  41.523	  88.000	Com2	R	5	51	1	933
9805	6	30	38.879	  91.000	  37.879	  80.123	  39.879	  74.926	Fill5	R	1	50	2	207
9805	6	31	96.000	  38.719	  82.000	  45.329	  63.000	  59.000	Com1	R	4	49	3	705
9805	6	32	58.000	  61.000	  55.000	  56.291	  59.000	  52.542	Fill3	R	1	49	1	1407
9805	6	33	91.000	  40.198	  88.000	  36.534	  92.000	  35.130	Fill1	R	5	50	3	897
9805	6	34	81.000	  43.630	  62.000	  57.000	  40.621	  87.000	Com2	R	2	51	2	1097
9805	6	35	63.000	  60.000	  60.000	  56.267	  66.000	  51.167	Fill3	R	5	51	1	1576
9805	6	36	96.000	  37.458	  80.000	  44.950	  62.000	  58.000	Com1	R	2	50	3	899
9805	6	37	49.432	  74.000	  48.432	  65.307	  51.432	  61.576	Fill4	R	3	50	1	888
9805	6	38	39.989	  90.000	  38.989	  78.997	  41.989	  72.757	Fill5	R	5	51	1	961
9805	6	39	78.000	  45.359	  61.000	  58.000	  40.205	  88.000	Com2	R	3	49	2	1351
9805	6	40	79.000	  45.519	  62.000	  58.000	  40.404	  89.000	Com2	R	2	51	2	732
9805	6	41	82.000	  45.329	  63.000	  59.000	  41.300	  90.000	Com2	R	1	50	2	713
9805	6	42	95.000	  37.242	  78.000	  45.359	  61.000	  58.000	Com1	R	4	49	3	775
9805	6	43	61.000	  59.000	  59.000	  53.017	  62.000	  51.194	Fill3	R	3	50	1	625
9805	6	44	78.000	  45.359	  61.000	  58.000	  40.205	  88.000	Com2	R	5	49	2	964
9805	6	45	80.000	  45.725	  62.000	  59.000	  41.101	  89.000	Com2	R	4	51	2	809
9805	6	46	96.000	  36.854	  78.000	  45.359	  61.000	  58.000	Com1	R	4	49	3	628
9805	6	47	51.429	  70.000	  48.429	  64.982	  52.429	  59.624	Fill4	R	2	50	3	758
9805	6	48	74.000	  49.432	  73.000	  43.753	  76.000	  42.276	Fill2	R	2	49	1	931
9805	6	49	93.000	  38.699	  90.000	  35.456	  95.000	  33.621	Fill1	R	2	51	2	1336
9805	6	50	98.000	  38.531	  82.000	  46.049	  64.000	  59.000	Com1	R	1	51	3	686
9805	6	51	91.000	  40.154	  90.000	  35.444	  94.000	  34.011	Fill1	R	3	50	1	1422
9805	6	52	76.000	  47.368	  75.000	  41.533	  78.000	  40.154	Fill2	R	3	50	1	416
9805	6	53	79.000	  44.785	  61.000	  58.000	  39.753	  89.000	Com2	R	3	49	2	683
9805	6	54	59.000	  62.000	  58.000	  54.741	  62.000	  51.903	Fill3	R	3	50	1	2043
9805	6	55	79.000	  45.519	  62.000	  58.000	  41.333	  87.000	Com2	R	6	50	2	1507
9805	6	56	72.000	  49.139	  69.000	  44.899	  75.000	  41.760	Fill2	R	2	49	1	5280
9805	6	57	39.761	  92.000	  38.761	  81.061	  40.761	  76.421	Fill5	R	4	50	1	1832
9805	6	58	82.000	  44.561	  63.000	  58.000	  41.056	  89.000	Com2	R	2	51	2	1496
9805	6	59	40.000	  90.000	  38.000	  81.132	  41.000	  74.902	Fill5	R	5	51	1	872
9805	6	60	98.000	  35.357	  81.000	  42.778	  63.000	  55.000	Com1	R	2	50	3	1024
9805	6	61	81.000	  44.395	  62.000	  58.000	  40.404	  89.000	Com2	R	3	50	1	851
9805	6	62	96.000	  36.854	  79.000	  44.785	  61.000	  58.000	Com1	R	3	51	3	1339
9805	6	63	75.000	  47.987	  72.000	  43.903	  78.000	  40.705	Fill2	R	5	51	1	1360
9805	6	64	63.000	  60.000	  61.000	  54.967	  65.000	  51.262	Fill3	R	4	50	1	646
9805	6	65	59.000	  62.000	  56.000	  57.821	  62.000	  52.468	Fill3	R	1	49	1	838
9805	6	66	49.432	  74.000	  46.432	  69.650	  50.432	  64.026	Fill4	R	6	51	1	1021
9805	6	67	81.000	  45.111	  63.000	  58.000	  41.056	  89.000	Com2	R	4	51	2	1023
9805	6	68	79.000	  46.304	  62.000	  59.000	  41.101	  89.000	Com2	R	5	49	2	1138
9805	6	69	96.000	  37.458	  81.000	  44.395	  62.000	  58.000	Com1	R	2	50	3	976
9805	6	70	82.000	  46.049	  64.000	  59.000	  42.909	  88.000	Com2	R	2	51	2	867
9805	6	71	91.000	  40.198	  89.000	  36.506	  93.000	  34.839	Fill1	R	3	50	1	1355
9805	6	72	50.690	  71.000	  47.690	  66.974	  52.690	  59.537	Fill4	R	4	50	1	1008
9805	6	73	78.000	  45.359	  61.000	  58.000	  40.205	  88.000	Com2	R	2	51	2	931
9805	6	74	96.000	  38.104	  79.000	  46.304	  62.000	  59.000	Com1	R	5	49	2	1032
9805	6	75	94.000	  40.213	  93.000	  36.290	  96.000	  34.271	Fill1	R	3	50	1	747
9805	6	76	78.000	  45.359	  61.000	  58.000	  39.753	  89.000	Com2	R	1	49	1	1112
9805	6	77	58.000	  63.000	  57.000	  56.649	  61.000	  51.852	Fill3	R	2	49	1	805
9805	6	78	80.000	  45.675	  63.000	  58.000	  41.523	  88.000	Com2	R	5	49	2	639
9805	6	79	80.000	  44.950	  62.000	  58.000	  41.333	  87.000	Com2	R	4	50	1	2111
9805	6	80	41.538	  91.000	  39.538	  81.693	  42.538	  76.213	Fill5	R	5	51	1	2549
9805	7	1	42.239	  88.000	  41.239	  77.937	  43.239	  73.476	Fill5	R	4	50	1	2177
9805	7	2	82.000	  45.329	  63.000	  59.000	  42.239	  88.000	Com2	R	6	50	2	898
9805	7	3	81.000	  44.395	  62.000	  58.000	  40.404	  89.000	Com2	R	5	49	2	1161
9805	7	4	80.000	  44.987	  61.000	  59.000	  40.898	  88.000	Com2	R	4	51	2	998
9805	7	5	96.000	  37.490	  80.000	  44.987	  61.000	  59.000	Com1	R	5	50	3	505
9805	7	6	79.000	  44.785	  61.000	  58.000	  39.753	  89.000	Com2	R	2	51	2	606
9805	7	7	96.000	  36.219	  80.000	  43.462	  61.000	  57.000	Com1	R	6	49	3	1361
9805	7	8	97.000	  37.072	  80.000	  44.950	  62.000	  58.000	Com1	R	1	51	3	710
9805	7	9	39.989	  90.000	  38.989	  78.535	  40.989	  74.581	Fill5	R	4	50	1	932
9805	7	10	75.000	  48.800	  74.000	  42.757	  78.000	  41.474	Fill2	R	2	49	1	1402
9805	7	11	41.276	  87.000	  40.276	  76.398	  42.276	  73.115	Fill5	R	5	50	3	1004
9805	7	12	81.000	  44.333	  63.000	  57.000	  41.276	  87.000	Com2	R	2	51	2	1230
9805	7	13	80.000	  46.500	  62.000	  60.000	  40.879	  91.000	Com2	R	4	51	2	1129
9805	7	14	96.000	  38.719	  82.000	  45.329	  63.000	  59.000	Com1	R	2	50	3	759
9805	7	15	47.884	  69.000	  44.884	  63.541	  49.884	  57.233	Fill4	R	2	49	1	2084
9805	7	16	93.000	  39.355	  91.000	  35.022	  94.000	  33.681	Fill1	R	4	50	1	1484
9805	7	17	96.000	  36.854	  79.000	  44.785	  61.000	  58.000	Com1	R	3	51	3	924
9805	7	18	82.000	  45.329	  63.000	  59.000	  41.300	  90.000	Com2	R	2	51	2	769
9805	7	19	97.000	  36.433	  80.000	  44.175	  62.000	  57.000	Com1	R	3	51	3	572
9805	7	20	56.000	  59.000	  55.000	  52.073	  58.000	  49.069	Fill3	R	2	49	1	2271
9805	7	21	96.000	  39.375	  95.000	  35.400	  97.000	  33.938	Fill1	R	3	50	1	654
9805	7	22	81.000	  44.395	  62.000	  58.000	  41.333	  87.000	Com2	R	5	49	2	798
9805	7	23	39.101	  89.000	  37.101	  79.566	  41.101	  72.188	Fill5	R	4	50	1	761
9805	7	24	54.000	  70.000	  53.000	  62.075	  55.000	  60.891	Fill4	R	1	50	2	774
9805	7	25	94.000	  38.287	  78.000	  46.141	  61.000	  59.000	Com1	R	3	50	1	833
9805	7	26	94.000	  37.638	  79.000	  44.785	  61.000	  58.000	Com1	R	2	50	3	584
9805	7	27	95.000	  37.200	  81.000	  43.630	  62.000	  57.000	Com1	R	2	50	3	1067
9805	7	28	63.000	  59.000	  62.000	  51.984	  64.000	  51.750	Fill3	R	3	51	3	411
9805	7	29	52.352	  71.000	  51.352	  63.425	  54.352	  59.556	Fill4	R	6	50	2	485
9805	7	30	80.000	  45.675	  63.000	  58.000	  42.000	  87.000	Com2	R	3	50	1	1053
9805	7	31	81.000	  43.630	  62.000	  57.000	  40.159	  88.000	Com2	R	4	50	1	862
9805	7	32	80.000	  43.462	  61.000	  57.000	  40.430	  86.000	Com2	R	2	51	2	1286
9805	7	33	78.000	  46.141	  61.000	  59.000	  39.989	  90.000	Com2	R	5	49	2	1022
9805	7	34	82.000	  44.561	  63.000	  58.000	  41.056	  89.000	Com2	R	4	51	2	1041
9805	7	35	50.833	  72.000	  48.833	  65.119	  52.833	  60.473	Fill4	R	6	51	1	945
9805	7	36	63.000	  60.000	  61.000	  54.754	  64.000	  52.578	Fill3	R	2	49	1	1142
9805	7	37	80.000	  44.950	  62.000	  58.000	  41.333	  87.000	Com2	R	2	51	2	948
9805	7	38	96.000	  37.406	  95.000	  33.063	  99.000	  31.576	Fill1	R	2	49	1	760
9805	7	39	96.000	  37.406	  80.000	  44.888	  63.000	  57.000	Com1	R	1	50	2	1189
9805	7	40	72.000	  45.889	  69.000	  40.928	  74.000	  39.068	Fill2	R	6	51	1	880
9805	7	41	95.000	  37.263	  77.000	  45.974	  60.000	  59.000	Com1	R	6	49	3	920
9805	7	42	76.000	  45.789	  74.000	  40.743	  78.000	  39.077	Fill2	R	4	50	1	1037
9805	7	43	49.714	  70.000	  47.714	  64.299	  50.714	  59.431	Fill4	R	6	51	1	845
9805	7	44	37.124	  89.000	  36.124	  77.595	  38.124	  72.501	Fill5	R	5	51	1	1334
9805	7	45	96.000	  35.583	  79.000	  43.241	  61.000	  56.000	Com1	R	4	51	2	3787
9805	7	46	41.538	  91.000	  38.538	  84.928	  42.538	  77.013	Fill5	R	4	50	1	1853
9805	7	47	80.000	  44.175	  62.000	  57.000	  40.159	  88.000	Com2	R	3	49	2	1150
9805	7	48	40.667	  90.000	  39.667	  78.908	  42.667	  73.453	Fill5	R	3	50	1	843
9805	7	49	74.000	  48.635	  72.000	  43.250	  76.000	  40.895	Fill2	R	2	49	1	1763
9805	7	50	78.000	  46.038	  77.000	  40.169	  79.000	  40.253	Fill2	R	4	50	1	632
9805	7	51	77.000	  45.974	  60.000	  59.000	  40.227	  88.000	Com2	R	3	49	2	1211
9805	7	52	60.000	  58.000	  59.000	  52.017	  63.000	  48.873	Fill3	R	3	50	1	1013
9805	7	53	80.000	  44.888	  63.000	  57.000	  41.276	  87.000	Com2	R	2	51	2	680
9805	7	54	80.000	  44.175	  62.000	  57.000	  40.621	  87.000	Com2	R	5	49	2	1768
9805	7	55	97.000	  36.433	  80.000	  44.175	  62.000	  57.000	Com1	R	3	49	2	811
9805	7	56	96.000	  38.063	  82.000	  44.561	  63.000	  58.000	Com1	R	5	50	3	1093
9805	7	57	97.000	  38.320	  82.000	  45.329	  63.000	  59.000	Com1	R	3	49	2	725
9805	7	58	90.000	  39.989	  88.000	  35.773	  92.000	  33.967	Fill1	R	3	51	3	530
9805	7	59	95.000	  39.158	  80.000	  46.500	  62.000	  60.000	Com1	R	1	50	2	679
9805	7	60	53.597	  67.000	  52.597	  59.908	  54.597	  57.897	Fill4	R	4	49	3	583
9805	7	61	63.000	  57.000	  61.000	  51.656	  66.000	  47.879	Fill3	R	2	49	1	730
9805	7	62	79.000	  43.241	  61.000	  56.000	  39.264	  87.000	Com2	R	5	49	2	871
9805	7	63	59.000	  61.000	  58.000	  54.052	  61.000	  50.967	Fill3	R	2	49	1	751
9805	7	64	60.000	  61.000	  59.000	  55.153	  61.000	  52.475	Fill3	R	2	49	1	781
9805	7	65	90.000	  39.989	  87.000	  35.897	  93.000	  34.172	Fill1	R	1	49	1	1257
9805	7	66	88.000	  37.545	  87.000	  32.379	  89.000	  31.607	Fill1	R	3	50	1	816
9805	7	67	59.000	  61.000	  57.000	  55.491	  62.000	  51.194	Fill3	R	4	50	1	875
9805	7	68	79.000	  47.051	  76.000	  43.197	  81.000	  40.654	Fill2	R	2	51	2	1203
9805	7	69	49.986	  72.000	  46.986	  66.786	  50.986	  61.056	Fill4	R	5	51	1	941
9805	7	70	49.986	  72.000	  47.986	  66.144	  50.986	  61.370	Fill4	R	2	49	1	1059
9805	7	71	95.000	  37.853	  81.000	  44.395	  62.000	  58.000	Com1	R	5	49	2	1874
9805	7	72	96.000	  37.458	  81.000	  44.395	  62.000	  58.000	Com1	R	3	51	3	1474
9805	7	73	95.000	  39.126	  94.000	  34.543	  96.000	  34.000	Fill1	R	2	49	1	610
9805	7	74	79.000	  44.785	  61.000	  58.000	  40.205	  88.000	Com2	R	5	49	2	1268
9805	7	75	97.000	  37.021	  81.000	  44.333	  63.000	  57.000	Com1	R	4	49	3	636
9805	7	76	91.000	  38.242	  90.000	  33.956	  94.000	  31.851	Fill1	R	6	51	1	669
9805	7	77	75.000	  47.987	  74.000	  42.122	  78.000	  40.859	Fill2	R	4	50	1	924
9805	7	78	79.000	  47.848	  77.000	  42.935	  82.000	  40.756	Fill2	R	4	50	1	738
9805	7	79	98.000	  37.286	  80.000	  45.675	  63.000	  58.000	Com1	R	3	49	2	815
9805	7	80	39.989	  90.000	  37.989	  80.445	  40.989	  75.142	Fill5	R	4	50	1	1002
9805	8	1	93.000	  38.699	  92.000	  34.228	  96.000	  33.188	Fill1	R	2	49	1	3273
9805	8	2	80.000	  44.175	  62.000	  57.000	  40.159	  88.000	Com2	R	1	50	2	623
9805	8	3	41.560	  91.000	  38.560	  84.543	  42.560	  76.691	Fill5	R	4	50	1	721
9805	8	4	95.000	  37.242	  78.000	  45.359	  61.000	  58.000	Com1	R	6	49	3	526
9805	8	5	81.000	  45.111	  63.000	  58.000	  41.056	  89.000	Com2	R	3	49	2	995
9805	8	6	79.000	  46.304	  62.000	  59.000	  41.568	  88.000	Com2	R	2	51	2	1510
9805	8	7	49.714	  70.000	  46.714	  65.890	  51.714	  57.818	Fill4	R	2	49	1	788
9805	8	8	79.000	  44.051	  60.000	  58.000	  39.545	  88.000	Com2	R	3	50	1	510
9805	8	9	75.000	  46.400	  72.000	  41.625	  78.000	  38.821	Fill2	R	1	49	1	723
9805	8	10	56.000	  61.000	  53.000	  55.340	  57.000	  51.439	Fill3	R	2	49	1	929
9805	8	11	81.000	  44.395	  62.000	  58.000	  40.864	  88.000	Com2	R	3	49	2	646
9805	8	12	80.000	  44.225	  61.000	  58.000	  39.753	  89.000	Com2	R	2	51	2	598
9805	8	13	80.000	  44.987	  61.000	  59.000	  40.898	  88.000	Com2	R	5	49	2	873
9805	8	14	88.000	  38.818	  87.000	  33.644	  89.000	  33.393	Fill1	R	4	50	1	545
9805	8	15	47.444	  72.000	  46.444	  63.043	  49.444	  59.258	Fill4	R	6	51	1	1031
9805	8	16	96.000	  38.719	  82.000	  45.329	  63.000	  59.000	Com1	R	6	49	3	713
9805	8	17	49.714	  70.000	  47.714	  62.937	  50.714	  59.392	Fill4	R	4	50	1	646
9805	8	18	61.000	  59.000	  59.000	  53.000	  63.000	  50.143	Fill3	R	1	49	1	806
9805	8	19	82.000	  43.793	  63.000	  57.000	  41.276	  87.000	Com2	R	6	50	2	609
9805	8	20	96.000	  38.063	  81.000	  45.111	  63.000	  58.000	Com1	R	3	51	3	723
9805	8	21	76.000	  45.789	  73.000	  41.205	  79.000	  37.772	Fill2	R	2	50	3	529
9805	8	22	96.000	  37.458	  81.000	  44.395	  62.000	  58.000	Com1	R	4	51	2	646
9805	8	23	78.000	  46.141	  61.000	  59.000	  40.438	  89.000	Com2	R	5	49	2	677
9805	8	24	96.000	  36.219	  78.000	  44.577	  61.000	  57.000	Com1	R	5	50	3	469
9805	8	25	81.000	  44.395	  62.000	  58.000	  40.404	  89.000	Com2	R	6	50	2	509
9805	8	26	76.000	  45.789	  74.000	  40.608	  77.000	  39.610	Fill2	R	2	50	3	882
9805	8	27	93.000	  38.065	  76.000	  46.579	  59.000	  60.000	Com1	R	4	49	3	954
9805	8	28	74.000	  49.459	  71.000	  44.803	  76.000	  42.526	Fill2	R	4	50	1	769
9805	8	29	50.690	  71.000	  49.690	  62.809	  51.690	  61.346	Fill4	R	2	49	1	1100
9805	8	30	95.000	  37.884	  80.000	  44.987	  61.000	  59.000	Com1	R	2	50	3	971
9805	8	31	79.000	  45.557	  61.000	  59.000	  40.438	  89.000	Com2	R	6	50	2	670
9805	8	32	97.000	  37.072	  80.000	  44.950	  62.000	  58.000	Com1	R	2	50	3	830
9805	8	33	60.000	  58.000	  57.000	  52.895	  63.000	  48.762	Fill3	R	4	50	1	569
9805	8	34	51.549	  71.000	  50.549	  63.819	  52.549	  61.713	Fill4	R	4	50	1	635
9805	8	35	52.528	  72.000	  51.528	  65.518	  53.528	  63.070	Fill4	R	5	51	1	779
9805	8	36	80.000	  44.950	  62.000	  58.000	  40.864	  88.000	Com2	R	3	50	1	997
9805	8	37	60.000	  58.000	  57.000	  52.965	  61.000	  50.393	Fill3	R	3	50	1	648
9805	8	38	72.000	  47.444	  71.000	  41.620	  74.000	  40.581	Fill2	R	3	50	1	728
9805	8	39	94.000	  38.287	  78.000	  46.141	  61.000	  59.000	Com1	R	1	51	3	965
9805	8	40	39.545	  88.000	  37.545	  79.104	  40.545	  73.473	Fill5	R	2	50	3	810
9805	8	41	39.783	  92.000	  37.783	  83.372	  40.783	  76.945	Fill5	R	5	51	1	1122
9805	8	42	96.000	  37.490	  79.000	  45.557	  61.000	  59.000	Com1	R	2	50	3	1171
9805	8	43	96.000	  36.854	  80.000	  44.225	  61.000	  58.000	Com1	R	6	50	2	685
9805	8	44	40.000	  87.000	  37.000	  80.297	  41.000	  71.659	Fill5	R	4	50	1	1133
9805	8	45	91.000	  38.242	  89.000	  34.393	  93.000	  32.828	Fill1	R	2	49	1	1658
9805	8	46	60.000	  61.000	  59.000	  54.542	  62.000	  52.548	Fill3	R	1	49	1	1090
9805	8	47	61.000	  62.000	  59.000	  56.458	  63.000	  53.333	Fill3	R	4	50	1	834
9805	8	48	95.000	  37.200	  80.000	  44.175	  62.000	  57.000	Com1	R	1	51	3	1018
9805	8	49	37.956	  90.000	  35.956	  81.017	  38.956	  73.776	Fill5	R	3	50	1	685
9805	8	50	97.000	  36.433	  81.000	  43.630	  62.000	  57.000	Com1	R	4	50	1	717
9805	8	51	75.000	  46.400	  74.000	  41.041	  76.000	  39.539	Fill2	R	3	50	1	570
9805	8	52	81.000	  43.630	  62.000	  57.000	  41.093	  86.000	Com2	R	2	51	2	621
9805	8	53	39.989	  90.000	  38.989	  78.946	  40.989	  74.874	Fill5	R	5	50	3	640
9805	8	54	93.000	  37.419	  92.000	  33.424	  95.000	  31.737	Fill1	R	5	51	1	817
9805	8	55	76.000	  46.579	  59.000	  60.000	  39.775	  89.000	Com2	R	3	50	1	618
9805	8	56	93.000	  39.355	  91.000	  34.769	  95.000	  33.642	Fill1	R	2	49	1	797
9805	8	57	51.176	  68.000	  48.176	  62.188	  53.176	  57.826	Fill4	R	3	50	1	536
9805	8	58	60.000	  58.000	  58.000	  51.828	  63.000	  47.349	Fill3	R	3	50	1	573
9805	8	59	97.000	  38.320	  81.000	  45.889	  63.000	  59.000	Com1	R	2	50	3	688
9805	8	60	76.000	  47.355	  73.000	  43.466	  78.000	  40.949	Fill2	R	4	51	2	592
9805	8	61	92.000	  37.826	  90.000	  33.133	  94.000	  31.862	Fill1	R	4	50	1	514
9805	8	62	94.000	  40.234	  91.000	  36.132	  97.000	  34.134	Fill1	R	3	50	1	519
9805	8	63	81.000	  45.889	  63.000	  59.000	  41.300	  90.000	Com2	R	6	50	2	588
9805	8	64	40.000	  87.000	  38.000	  78.237	  41.000	  72.024	Fill5	R	5	50	3	623
9805	8	65	97.000	  37.021	  82.000	  43.793	  63.000	  57.000	Com1	R	3	50	1	641
9805	8	66	39.101	  89.000	  36.101	  82.103	  41.101	  71.774	Fill5	R	2	49	1	897
9805	8	67	91.000	  38.242	  89.000	  34.213	  94.000	  32.138	Fill1	R	4	49	3	730
9805	8	68	82.000	  45.329	  63.000	  59.000	  42.239	  88.000	Com2	R	5	50	3	552
9805	8	69	78.000	  45.359	  61.000	  58.000	  40.205	  88.000	Com2	R	2	50	3	654
9805	8	70	96.000	  37.458	  81.000	  44.395	  62.000	  58.000	Com1	R	5	51	1	749
9805	8	71	94.000	  37.021	  79.000	  44.051	  60.000	  58.000	Com1	R	1	51	3	682
9805	8	72	95.000	  37.853	  80.000	  44.950	  62.000	  58.000	Com1	R	3	51	3	810
9805	8	73	80.000	  44.950	  62.000	  58.000	  40.404	  89.000	Com2	R	3	49	2	773
9805	8	74	78.000	  44.577	  61.000	  57.000	  39.966	  87.000	Com2	R	3	50	1	592
9805	8	75	49.714	  70.000	  47.714	  63.189	  51.714	  58.630	Fill4	R	2	50	3	498
9805	8	76	60.000	  58.000	  58.000	  51.569	  61.000	  49.148	Fill3	R	6	51	1	537
9805	8	77	81.000	  44.395	  62.000	  58.000	  40.864	  88.000	Com2	R	4	51	2	639
9805	8	78	97.000	  37.072	  81.000	  44.395	  62.000	  58.000	Com1	R	5	50	3	671
9805	8	79	77.000	  49.117	  75.000	  45.013	  80.000	  42.275	Fill2	R	5	51	1	719
9805	8	80	95.000	  38.505	  79.000	  46.304	  62.000	  59.000	Com1	R	1	51	3	684
9805	9	1	82.000	  45.329	  63.000	  59.000	  41.300	  90.000	Com2	R	2	51	2	977
9805	9	2	53.239	  71.000	  51.239	  64.130	  54.239	  61.800	Fill4	R	4	50	1	15
9805	9	3	82.000	  46.049	  64.000	  59.000	  42.909	  88.000	Com2	R	3	51	3	201
9805	9	4	97.000	  37.072	  79.000	  45.519	  62.000	  58.000	Com1	R	3	49	2	316
9805	9	5	59.000	  62.000	  58.000	  54.741	  62.000	  51.903	Fill3	R	5	50	3	153
9805	9	6	94.000	  40.213	  93.000	  36.290	  96.000	  34.271	Fill1	R	3	51	3	255
9805	9	7	50.690	  71.000	  47.690	  66.974	  52.690	  59.537	Fill4	R	3	50	1	272
9805	9	8	96.000	  38.719	  82.000	  45.329	  63.000	  59.000	Com1	R	2	50	3	480
9805	9	9	78.000	  48.462	  77.000	  43.260	  79.000	  41.646	Fill2	R	3	50	1	7
9805	9	10	76.000	  47.368	  75.000	  41.533	  78.000	  40.154	Fill2	R	3	51	3	305
9805	9	11	63.000	  60.000	  61.000	  54.967	  65.000	  51.262	Fill3	R	5	50	3	111
9805	9	12	96.000	  37.458	  81.000	  44.395	  62.000	  58.000	Com1	R	2	49	1	1732
9805	9	13	72.000	  49.139	  69.000	  44.899	  75.000	  41.760	Fill2	R	1	49	1	633
9805	9	14	94.000	  37.638	  78.000	  45.359	  61.000	  58.000	Com1	R	3	50	1	265
9805	9	15	81.000	  44.395	  62.000	  58.000	  41.333	  87.000	Com2	R	1	51	3	281
9805	9	16	96.000	  38.104	  79.000	  46.304	  62.000	  59.000	Com1	R	1	50	2	169
9805	9	17	98.000	  35.357	  81.000	  42.778	  63.000	  55.000	Com1	R	3	49	2	332
9805	9	18	81.000	  44.395	  62.000	  58.000	  40.404	  89.000	Com2	R	4	51	2	121
9805	9	19	81.000	  45.111	  63.000	  58.000	  41.056	  89.000	Com2	R	5	50	3	191
9805	9	20	40.000	  90.000	  38.000	  81.132	  41.000	  74.902	Fill5	R	4	49	3	273
9805	9	21	74.000	  49.432	  71.000	  45.451	  77.000	  41.636	Fill2	R	2	51	2	273
9805	9	22	91.000	  40.198	  89.000	  36.506	  93.000	  34.839	Fill1	R	2	49	1	305
9805	9	23	79.000	  45.519	  62.000	  58.000	  40.404	  89.000	Com2	R	3	50	1	431
9805	9	24	79.000	  45.519	  62.000	  58.000	  41.333	  87.000	Com2	R	1	50	2	585
9805	9	25	96.000	  38.104	  80.000	  45.725	  62.000	  59.000	Com1	R	6	50	2	508
9805	9	26	96.000	  38.063	  82.000	  44.561	  63.000	  58.000	Com1	R	5	50	3	705
9805	9	27	78.000	  45.359	  61.000	  58.000	  40.205	  88.000	Com2	R	3	49	2	575
9805	9	28	91.000	  40.198	  88.000	  36.534	  92.000	  35.130	Fill1	R	2	49	1	720
9805	9	29	51.429	  70.000	  48.429	  64.982	  52.429	  59.624	Fill4	R	2	49	1	830
9805	9	30	90.000	  39.311	  87.000	  35.356	  93.000	  33.183	Fill1	R	2	49	1	936
9805	9	31	96.000	  36.854	  79.000	  44.785	  61.000	  58.000	Com1	R	1	51	3	622
9805	9	32	98.000	  37.286	  81.000	  45.111	  63.000	  58.000	Com1	R	6	50	2	769
9805	9	33	75.000	  47.987	  72.000	  43.903	  78.000	  40.705	Fill2	R	2	49	1	1403
9805	9	34	59.000	  62.000	  56.000	  57.821	  62.000	  52.468	Fill3	R	1	49	1	848
9805	9	35	49.432	  74.000	  48.432	  65.307	  51.432	  61.576	Fill4	R	3	50	1	695
9805	9	36	93.000	  38.699	  90.000	  35.456	  95.000	  33.621	Fill1	R	3	50	1	983
9805	9	37	97.000	  37.072	  81.000	  44.395	  62.000	  58.000	Com1	R	5	50	3	841
9805	9	38	80.000	  45.725	  62.000	  59.000	  41.101	  89.000	Com2	R	2	51	2	769
9805	9	39	94.000	  37.638	  78.000	  45.359	  61.000	  58.000	Com1	R	2	50	3	540
9805	9	40	49.432	  74.000	  46.432	  69.650	  50.432	  64.026	Fill4	R	6	51	1	1888
9805	9	41	74.000	  49.432	  73.000	  43.753	  76.000	  42.276	Fill2	R	3	50	1	672
9805	9	42	96.000	  36.813	  81.000	  43.630	  62.000	  57.000	Com1	R	5	50	3	1024
9805	9	43	95.000	  39.789	  92.000	  36.685	  97.000	  34.392	Fill1	R	2	50	3	819
9805	9	44	82.000	  44.561	  63.000	  58.000	  41.523	  88.000	Com2	R	6	50	2	494
9805	9	45	78.000	  45.359	  61.000	  58.000	  40.205	  88.000	Com2	R	2	51	2	630
9805	9	46	52.500	  72.000	  50.500	  65.069	  53.500	  62.729	Fill4	R	1	49	1	664
9805	9	47	80.000	  45.675	  63.000	  58.000	  41.523	  88.000	Com2	R	4	51	2	680
9805	9	48	40.198	  91.000	  38.198	  82.178	  41.198	  76.290	Fill5	R	6	51	1	712
9805	9	49	38.879	  91.000	  37.879	  80.123	  39.879	  74.926	Fill5	R	5	49	2	678
9805	9	50	91.000	  40.154	  90.000	  35.444	  94.000	  34.011	Fill1	R	1	49	1	534
9805	9	51	96.000	  37.458	  80.000	  44.950	  62.000	  58.000	Com1	R	4	50	1	315
9805	9	52	98.000	  37.286	  80.000	  45.675	  63.000	  58.000	Com1	R	3	51	3	457
9805	9	53	39.761	  92.000	  38.761	  81.061	  40.761	  76.421	Fill5	R	4	49	3	977
9805	9	54	63.000	  60.000	  60.000	  56.267	  66.000	  51.167	Fill3	R	6	50	2	547
9805	9	55	48.720	  75.000	  47.720	  66.241	  50.720	  63.131	Fill4	R	3	51	3	248
9805	9	56	79.000	  46.304	  62.000	  59.000	  41.101	  89.000	Com2	R	1	50	2	136
9805	9	57	60.000	  60.000	  59.000	  52.559	  63.000	  50.397	Fill3	R	4	49	3	46
9805	9	58	78.000	  48.462	  76.000	  43.579	  80.000	  42.163	Fill2	R	6	50	2	262
9805	9	59	38.872	  94.000	  36.872	  84.643	  40.872	  76.262	Fill5	R	4	51	2	150
9805	9	60	80.000	  44.950	  62.000	  58.000	  41.333	  87.000	Com2	R	3	50	1	187
9805	9	61	95.000	  37.242	  78.000	  45.359	  61.000	  58.000	Com1	R	2	49	1	142
9805	9	62	39.989	  90.000	  38.989	  78.997	  41.989	  72.757	Fill5	R	3	50	1	227
9805	9	63	96.000	  37.458	  79.000	  45.519	  62.000	  58.000	Com1	R	5	50	3	134
9805	9	64	81.000	  42.778	  63.000	  55.000	  40.765	  85.000	Com2	R	5	51	1	203
9805	9	65	58.000	  61.000	  55.000	  56.291	  59.000	  52.542	Fill3	R	5	50	3	302
9805	9	66	81.000	  43.630	  62.000	  57.000	  40.621	  87.000	Com2	R	4	51	2	636
9805	9	67	78.000	  45.359	  61.000	  58.000	  40.205	  88.000	Com2	R	5	50	3	491
9805	9	68	78.000	  45.359	  61.000	  58.000	  39.753	  89.000	Com2	R	3	49	2	739
9805	9	69	74.000	  49.378	  72.000	  44.236	  76.000	  42.474	Fill2	R	1	49	1	784
9805	9	70	58.000	  63.000	  57.000	  56.649	  61.000	  51.852	Fill3	R	5	51	1	907
9805	9	71	98.000	  38.531	  82.000	  46.049	  64.000	  59.000	Com1	R	4	49	3	640
9805	9	72	61.000	  59.000	  59.000	  53.017	  62.000	  51.194	Fill3	R	4	50	1	656
9805	9	73	96.000	  38.063	  82.000	  44.561	  63.000	  58.000	Com1	R	3	51	3	639
9805	9	74	42.000	  90.000	  39.000	  84.077	  43.000	  75.558	Fill5	R	3	50	1	767
9805	9	75	93.000	  38.710	  91.000	  34.747	  95.000	  33.432	Fill1	R	4	50	1	682
9805	9	76	82.000	  44.561	  63.000	  58.000	  41.056	  89.000	Com2	R	6	50	2	634
9805	9	77	96.000	  36.854	  78.000	  45.359	  61.000	  58.000	Com1	R	6	49	3	730
9805	9	78	48.466	  73.000	  46.466	  65.984	  50.466	  62.002	Fill4	R	2	49	1	679
9805	9	79	41.538	  91.000	  39.538	  81.693	  42.538	  76.213	Fill5	R	5	51	1	760
9805	9	80	79.000	  44.785	  61.000	  58.000	  39.753	  89.000	Com2	R	4	50	1	903
